Pedestrian -1 -1 -10 709.000000 177.000000 721.000000 212.000000 1.708201 0.573663 0.575889 4.503816 1.678692 31.234306 -0.900251 0.375492
Pedestrian -1 -1 -10 702.000000 168.000000 711.000000 214.000000 1.740893 0.677367 0.871691 5.373447 1.444026 40.190204 -1.045566 0.120140
Pedestrian -1 -1 -10 704.000000 170.000000 718.000000 214.000000 1.722366 0.557850 0.770731 5.320062 1.262772 36.735607 2.654134 0.104583
Pedestrian -1 -1 -10 698.000000 169.000000 725.000000 222.000000 1.738071 0.648233 0.716457 5.347252 1.538110 36.451208 2.683646 0.025021
Pedestrian -1 -1 -10 699.000000 169.000000 708.000000 210.000000 1.735896 0.601002 0.874075 5.284447 1.506110 40.614361 2.668614 0.019853
Pedestrian -1 -1 -10 696.000000 172.000000 703.000000 207.000000 1.759567 0.643057 0.846578 5.700011 1.633205 45.295627 -0.925512 0.013328
Car -1 -1 -10 683.000000 184.000000 780.000000 255.000000 1.477162 1.618844 3.789797 2.640334 1.733336 16.621548 -1.549812 0.998902
Car -1 -1 -10 531.000000 177.000000 575.000000 211.000000 1.485751 1.617193 4.187525 -2.593097 1.685114 33.795349 1.617627 0.998794
Car -1 -1 -10 651.000000 178.000000 698.000000 219.000000 1.485676 1.627952 3.767150 2.500200 1.754899 29.353304 1.552012 0.996630
Car -1 -1 -10 102.000000 188.000000 465.000000 372.000000 1.484745 1.656483 4.200926 -2.690758 1.668423 7.087470 1.564455 0.991420
Car -1 -1 -10 639.000000 175.000000 668.000000 201.000000 1.555610 1.646645 4.024303 3.575883 1.783924 49.043353 -0.097999 0.125376
Cyclist -1 -1 -10 712.000000 176.000000 721.000000 214.000000 1.705335 0.590464 1.597028 4.495312 1.572049 31.339973 -1.433862 0.011366
