Car -1 -1 -10 249.000000 199.000000 377.000000 263.000000 1.426795 1.606018 3.886642 -7.407950 2.078515 17.507268 -2.342064 0.999444
Car -1 -1 -10 111.000000 193.000000 183.000000 233.000000 1.435771 1.653411 3.847877 -18.338315 2.190259 28.313464 -2.322241 0.998600
Car -1 -1 -10 710.000000 180.000000 801.000000 234.000000 1.464544 1.645701 4.045248 3.878380 1.633693 19.572823 1.612341 0.998038
Car -1 -1 -10 90.000000 191.000000 154.000000 226.000000 1.536496 1.581921 3.632595 -21.687537 2.451863 31.749382 -2.280719 0.981859
Car -1 -1 -10 630.000000 179.000000 698.000000 231.000000 1.436513 1.584721 3.780553 1.583799 1.607223 20.833102 1.650390 0.977753
Car -1 -1 -10 387.000000 166.000000 647.000000 304.000000 2.023058 1.747847 4.248591 -1.940907 2.030399 12.040025 -2.343838 0.942379
Car -1 -1 -10 310.000000 180.000000 408.000000 217.000000 1.553901 1.613192 3.895232 -11.576543 1.886866 33.209441 -3.309555 0.882694
Car -1 -1 -10 49.000000 186.000000 84.000000 211.000000 1.530915 1.684970 3.860108 -40.369305 2.518959 53.564104 -2.289389 0.463151
Car -1 -1 -10 255.000000 186.000000 343.000000 211.000000 1.570198 1.642150 4.011585 -16.136505 2.039367 37.370176 -3.309859 0.177618
Car -1 -1 -10 774.000000 173.000000 925.000000 224.000000 1.451975 1.569296 4.005134 7.601428 1.535219 22.858485 -2.276009 0.138188
Car -1 -1 -10 501.000000 178.000000 637.000000 251.000000 1.524240 1.504203 3.205061 0.445597 2.262489 17.427346 1.526073 0.012293
