Pedestrian -1 -1 -10 937.000000 210.000000 1001.000000 350.000000 1.689200 0.542243 0.612841 3.547228 1.579119 7.013889 3.010077 0.904002
Pedestrian -1 -1 -10 598.000000 174.000000 616.000000 220.000000 1.694453 0.582474 0.695823 0.148029 1.383228 25.040138 2.607925 0.795314
Pedestrian -1 -1 -10 819.000000 198.000000 859.000000 302.000000 1.741023 0.642760 0.575246 3.384405 1.603441 10.895762 -0.709915 0.634344
Pedestrian -1 -1 -10 1041.000000 219.000000 1133.000000 363.000000 1.747221 0.591856 0.783612 5.960581 2.167577 8.621781 3.134274 0.575605
Pedestrian -1 -1 -10 800.000000 198.000000 845.000000 297.000000 1.712326 0.627423 0.698639 3.448279 1.856855 11.357974 2.905038 0.115885
Pedestrian -1 -1 -10 780.000000 198.000000 822.000000 287.000000 1.730788 0.641501 0.789977 3.270914 1.783622 11.775621 2.861464 0.077825
Pedestrian -1 -1 -10 745.000000 202.000000 788.000000 283.000000 1.735363 0.603958 0.706150 2.628762 1.945331 11.554638 2.317150 0.065378
Pedestrian -1 -1 -10 953.000000 233.000000 1237.000000 367.000000 1.696984 0.896075 0.633361 2.993882 1.935768 4.384520 2.183697 0.057670
Car -1 -1 -10 959.000000 236.000000 1238.000000 368.000000 1.484963 1.555242 3.685989 4.110095 1.778294 5.029295 0.087736 0.121897
Cyclist -1 -1 -10 1017.000000 227.000000 1167.000000 369.000000 1.669773 0.552850 1.632817 2.972474 2.061457 4.341657 -0.457802 0.055496
