Pedestrian -1 -1 -10 648.000000 173.000000 658.000000 203.000000 1.789876 0.651590 0.797211 2.706595 1.693079 44.536804 1.263333 0.224212
Car -1 -1 -10 724.000000 182.000000 803.000000 253.000000 1.581358 1.566847 3.221078 3.674996 1.876383 17.591944 -1.482565 0.999282
Car -1 -1 -10 561.000000 174.000000 613.000000 218.000000 1.672210 1.683619 3.981292 -0.885314 1.800344 30.241446 1.643068 0.999210
Car -1 -1 -10 347.000000 183.000000 532.000000 313.000000 1.467177 1.582855 3.733151 -2.235988 1.673259 10.352341 -1.488048 0.998898
Car -1 -1 -10 20.000000 184.000000 346.000000 374.000000 1.501173 1.594726 3.754770 -2.870698 1.633944 3.707243 1.610980 0.982000
Car -1 -1 -10 398.000000 173.000000 515.000000 217.000000 1.516274 1.599567 4.133869 -5.585944 1.654051 24.034480 -3.111783 0.962999
Car -1 -1 -10 592.000000 177.000000 628.000000 209.000000 1.481716 1.591970 3.868184 0.087287 1.794445 38.124406 -1.440412 0.947288
Car -1 -1 -10 887.000000 211.000000 1230.000000 371.000000 1.497527 1.617441 3.805247 2.460741 1.699047 2.692007 -1.554080 0.942876
Car -1 -1 -10 713.000000 185.000000 765.000000 234.000000 1.528842 1.611930 3.712211 4.061464 1.945189 22.561048 -1.427313 0.932495
Car -1 -1 -10 379.000000 176.000000 517.000000 255.000000 1.522771 1.582645 3.811418 -4.746479 1.188847 18.074870 1.732421 0.207249
Cyclist -1 -1 -10 648.000000 173.000000 658.000000 202.000000 1.762349 0.528274 1.746255 2.599582 1.741242 44.844750 1.682162 0.395252
Cyclist -1 -1 -10 391.000000 173.000000 516.000000 228.000000 1.691308 0.539298 1.696753 -4.550384 1.559557 22.801052 -2.375102 0.041679
