Pedestrian -1 -1 -10 728.000000 177.000000 750.000000 215.000000 1.707657 0.695497 0.827718 5.723612 1.753236 32.939193 -0.869292 0.017150
Car -1 -1 -10 704.000000 186.000000 831.000000 271.000000 1.435017 1.601516 3.801717 2.899261 1.706591 14.203526 -1.597150 0.999389
Car -1 -1 -10 445.000000 179.000000 523.000000 231.000000 1.444715 1.600051 3.897608 -3.507326 1.583499 20.688277 1.525740 0.999231
Car -1 -1 -10 172.000000 173.000000 430.000000 354.000000 1.570457 1.567859 3.708877 -3.160125 1.632007 8.110611 1.498018 0.998540
Car -1 -1 -10 652.000000 178.000000 705.000000 219.000000 1.508959 1.676747 3.922227 2.688099 1.814348 29.306069 1.540886 0.997085
Car -1 -1 -10 496.000000 172.000000 549.000000 213.000000 1.571429 1.543289 3.661957 -3.410105 1.556438 28.759438 1.594984 0.995686
Car -1 -1 -10 526.000000 174.000000 565.000000 203.000000 1.540898 1.601667 3.909510 -3.293437 1.595205 38.061740 1.590420 0.596634
Car -1 -1 -10 871.000000 55.000000 1235.000000 363.000000 1.851291 1.698142 4.073897 2.936498 1.363891 3.600290 -1.595729 0.054767
Car -1 -1 -10 643.000000 180.000000 680.000000 210.000000 1.516761 1.603742 3.777398 2.885796 1.938028 38.145968 -1.588528 0.036415
Cyclist -1 -1 -10 728.000000 177.000000 750.000000 215.000000 1.725671 0.510109 1.757671 5.906812 1.600415 33.285867 -1.915238 0.013294
