Pedestrian -1 -1 -10 1000.000000 145.000000 1100.000000 319.000000 1.702459 0.588119 0.804051 4.658236 1.354129 7.601703 1.175600 0.990515
Pedestrian -1 -1 -10 668.000000 172.000000 686.000000 226.000000 1.713862 0.630945 0.775899 2.537888 1.424483 24.203449 1.716024 0.972727
Pedestrian -1 -1 -10 689.000000 170.000000 709.000000 225.000000 1.696705 0.679691 0.906317 3.292496 1.352591 24.261882 -1.471902 0.930344
Pedestrian -1 -1 -10 849.000000 216.000000 902.000000 335.000000 1.631363 0.548369 0.591552 7.623040 2.001281 19.087783 2.818107 0.482258
Pedestrian -1 -1 -10 538.000000 173.000000 558.000000 227.000000 1.741028 0.641140 0.868632 -1.758265 1.444211 23.341260 -1.667687 0.384433
Pedestrian -1 -1 -10 928.000000 167.000000 1109.000000 356.000000 1.748690 0.692142 0.797514 4.505144 1.579002 7.637714 0.492607 0.042419
Pedestrian -1 -1 -10 913.000000 177.000000 981.000000 290.000000 1.713294 0.647144 0.723189 6.110186 1.600957 12.570777 -1.193047 0.040598
Pedestrian -1 -1 -10 612.000000 173.000000 623.000000 205.000000 1.759816 0.614850 0.733570 0.931028 1.266322 40.611304 -1.518269 0.024633
Pedestrian -1 -1 -10 676.000000 171.000000 699.000000 226.000000 1.743109 0.628598 0.852081 2.888514 1.335120 24.271419 0.813403 0.022062
Car -1 -1 -10 6.000000 198.000000 420.000000 374.000000 1.519171 1.592028 3.832410 -2.697460 1.646480 4.251031 1.682170 0.992571
Car -1 -1 -10 152.000000 208.000000 382.000000 302.000000 1.497729 1.575055 3.773406 -2.895908 1.661171 4.033261 1.718241 0.012921
Cyclist -1 -1 -10 907.000000 174.000000 985.000000 298.000000 1.685167 0.528855 1.541482 6.171278 1.704060 12.525186 -1.162029 0.955100
Cyclist -1 -1 -10 836.000000 210.000000 914.000000 342.000000 1.612761 0.452742 1.556376 2.134551 1.862440 5.458602 1.348309 0.162089
Cyclist -1 -1 -10 832.000000 195.000000 975.000000 363.000000 1.662322 0.453839 1.679190 2.590522 1.581635 5.928695 1.842662 0.090817
Cyclist -1 -1 -10 538.000000 172.000000 559.000000 227.000000 1.860273 0.631570 1.776129 -1.877997 1.509625 23.410241 -1.725808 0.058336
Cyclist -1 -1 -10 668.000000 174.000000 686.000000 226.000000 1.805641 0.640555 1.780587 2.471339 1.522201 24.233399 1.695246 0.036562
Cyclist -1 -1 -10 876.000000 177.000000 1111.000000 347.000000 1.672675 0.649230 1.685821 2.179308 1.913426 4.042849 -1.102760 0.015358
