Pedestrian -1 -1 -10 654.000000 167.000000 670.000000 216.000000 1.729523 0.532718 0.719596 1.715110 1.397083 23.642055 1.184125 0.532169
Pedestrian -1 -1 -10 660.000000 166.000000 693.000000 219.000000 1.791285 0.694483 0.750084 2.130242 1.702448 23.774338 2.100746 0.074300
Pedestrian -1 -1 -10 140.000000 176.000000 162.000000 223.000000 1.713888 0.627783 0.838986 -16.048894 1.806776 25.578354 -0.489849 0.027958
Pedestrian -1 -1 -10 662.000000 167.000000 673.000000 213.000000 1.757220 0.566996 0.768672 1.809513 1.402653 23.745861 1.243643 0.027114
Pedestrian -1 -1 -10 668.000000 166.000000 681.000000 214.000000 1.700392 0.634674 0.758417 2.132089 1.511653 23.738189 -1.529516 0.014457
Pedestrian -1 -1 -10 427.000000 174.000000 436.000000 206.000000 1.713197 0.541863 0.664967 -5.915424 1.498304 23.346721 0.426918 0.010776
Pedestrian -1 -1 -10 312.000000 177.000000 319.000000 213.000000 1.760836 0.587839 0.774104 -15.924346 1.828264 38.908401 0.770448 0.010713
Car -1 -1 -10 418.000000 174.000000 526.000000 258.000000 1.591898 1.631733 3.891075 -2.925343 1.616101 15.966505 -1.603107 0.999126
Car -1 -1 -10 230.000000 185.000000 320.000000 228.000000 1.492743 1.607138 3.887668 -12.587092 2.006516 27.713589 1.578284 0.996789
Car -1 -1 -10 586.000000 171.000000 613.000000 198.000000 1.559977 1.608203 3.841425 -0.811300 1.616494 46.637917 -1.607181 0.996097
Cyclist -1 -1 -10 662.000000 162.000000 722.000000 221.000000 1.696439 0.661347 1.748812 2.241658 1.390917 22.270628 -2.066628 0.999470
Cyclist -1 -1 -10 658.000000 166.000000 691.000000 218.000000 1.701461 0.492632 1.657854 1.995299 1.472027 23.730734 -1.832354 0.644428
Cyclist -1 -1 -10 654.000000 167.000000 671.000000 216.000000 1.754837 0.617934 1.687852 1.698868 1.437323 24.503255 1.121324 0.361167
Cyclist -1 -1 -10 662.000000 167.000000 673.000000 213.000000 1.755573 0.568491 1.773489 1.728476 1.405194 23.738123 -1.488237 0.070835
Cyclist -1 -1 -10 1014.000000 151.000000 1037.000000 205.000000 1.875672 0.643154 1.748461 18.592030 1.064409 32.127221 2.043684 0.010709
