Pedestrian -1 -1 -10 147.000000 192.000000 270.000000 371.000000 1.620381 0.646400 0.643162 -2.604675 1.626055 4.908919 1.506202 0.997693
Pedestrian -1 -1 -10 581.000000 164.000000 605.000000 236.000000 1.733236 0.610591 0.882660 -0.219487 1.288639 17.806042 1.910368 0.990457
Pedestrian -1 -1 -10 959.000000 157.000000 1010.000000 286.000000 1.662170 0.655230 0.652396 4.820690 1.382006 9.084661 -0.620153 0.988915
Pedestrian -1 -1 -10 521.000000 159.000000 543.000000 232.000000 1.767915 0.674960 0.874170 -1.981390 1.398979 19.714610 1.900182 0.948522
Pedestrian -1 -1 -10 552.000000 164.000000 575.000000 222.000000 1.777687 0.691842 0.893850 -1.170678 1.278450 22.630235 1.334955 0.937291
Pedestrian -1 -1 -10 426.000000 169.000000 484.000000 288.000000 1.655953 0.826344 0.549840 -2.252058 1.513570 10.852924 1.471120 0.872578
Pedestrian -1 -1 -10 220.000000 171.000000 275.000000 337.000000 1.695169 0.608472 0.758877 -3.675713 1.526559 7.521467 0.104137 0.842164
Pedestrian -1 -1 -10 594.000000 163.000000 610.000000 220.000000 1.677753 0.598315 0.586849 0.178347 1.712266 19.822559 2.439827 0.336007
Pedestrian -1 -1 -10 696.000000 156.000000 736.000000 239.000000 1.763432 0.644325 0.948433 2.487819 1.344814 15.936007 2.757640 0.209155
Pedestrian -1 -1 -10 607.000000 165.000000 622.000000 209.000000 1.772246 0.643588 0.834429 0.517107 1.214158 30.105501 0.562209 0.127626
Pedestrian -1 -1 -10 620.000000 164.000000 636.000000 210.000000 1.751294 0.662042 0.867033 1.155289 1.240707 29.042842 -1.870963 0.112363
Pedestrian -1 -1 -10 801.000000 160.000000 840.000000 259.000000 1.765940 0.655463 0.921470 4.023190 1.249822 13.518053 -1.410182 0.047627
Car -1 -1 -10 160.000000 190.000000 276.000000 359.000000 1.512534 1.594729 3.677912 -2.551302 1.419841 6.039104 -2.085019 0.010733
Cyclist -1 -1 -10 419.000000 169.000000 488.000000 292.000000 1.685150 0.572594 1.764817 -2.287518 1.502402 10.720661 1.424036 0.950498
Cyclist -1 -1 -10 691.000000 159.000000 743.000000 240.000000 1.692186 0.501781 1.806964 2.451218 1.365848 15.811817 1.289081 0.916287
Cyclist -1 -1 -10 867.000000 178.000000 970.000000 366.000000 1.626872 0.518386 1.660235 2.814043 1.672255 6.640324 1.409666 0.170277
Cyclist -1 -1 -10 160.000000 190.000000 276.000000 359.000000 1.657963 0.569626 1.674243 -2.663999 1.582292 4.855621 0.482723 0.148320
Cyclist -1 -1 -10 219.000000 174.000000 285.000000 328.000000 1.695877 0.689421 1.689595 -3.760916 1.389524 7.526997 2.167114 0.136481
Cyclist -1 -1 -10 676.000000 161.000000 697.000000 206.000000 1.764702 0.553170 1.673199 3.913126 0.967520 32.719951 -1.385995 0.032798
Cyclist -1 -1 -10 198.000000 184.000000 328.000000 301.000000 1.741183 0.611238 1.475486 -4.303008 1.577517 9.093063 -1.349570 0.027029
Cyclist -1 -1 -10 784.000000 152.000000 861.000000 368.000000 1.722980 0.592205 1.768956 2.129753 1.597819 6.764488 -1.249544 0.017424
Cyclist -1 -1 -10 666.000000 163.000000 688.000000 207.000000 1.658574 0.659367 1.645305 2.539092 1.421071 25.797006 3.202048 0.010461
