Pedestrian -1 -1 -10 680.000000 161.000000 708.000000 238.000000 1.762020 0.696137 0.977083 2.151909 1.265459 17.080975 -1.415543 0.996813
Pedestrian -1 -1 -10 656.000000 162.000000 680.000000 238.000000 1.670862 0.601026 0.716635 1.499199 1.263421 16.791680 -1.574489 0.995779
Pedestrian -1 -1 -10 446.000000 166.000000 475.000000 244.000000 1.674529 0.632146 0.895422 -3.225603 1.246397 16.303757 -1.730664 0.969083
Pedestrian -1 -1 -10 559.000000 168.000000 578.000000 204.000000 1.718721 0.623306 0.799030 -1.704799 1.008394 36.727100 0.580262 0.568394
Pedestrian -1 -1 -10 535.000000 167.000000 546.000000 201.000000 1.697751 0.630142 0.630416 -2.756642 1.048541 32.644329 1.060249 0.256165
Pedestrian -1 -1 -10 1005.000000 224.000000 1127.000000 373.000000 1.702358 0.693322 0.609898 2.077845 1.795386 3.105659 1.073198 0.017457
Pedestrian -1 -1 -10 729.000000 161.000000 742.000000 204.000000 1.760401 0.636438 0.624155 5.844702 0.871703 30.868562 1.257413 0.017414
Pedestrian -1 -1 -10 532.000000 169.000000 541.000000 199.000000 1.749351 0.585432 0.672429 -2.866126 1.093075 32.596371 -0.008372 0.012295
Pedestrian -1 -1 -10 570.000000 168.000000 587.000000 198.000000 1.729981 0.701396 0.808253 -1.243387 1.006932 38.400671 3.098569 0.011853
Pedestrian -1 -1 -10 724.000000 162.000000 736.000000 200.000000 1.739787 0.610794 0.640026 5.685268 0.909269 31.105787 1.320124 0.010575
Car -1 -1 -10 567.000000 167.000000 598.000000 194.000000 1.552022 1.614449 3.905413 -0.594721 0.535891 40.082867 -1.590989 0.012771
Cyclist -1 -1 -10 601.000000 164.000000 627.000000 207.000000 1.679415 0.556658 1.723516 0.487964 1.018443 30.647229 1.957453 0.986633
Cyclist -1 -1 -10 557.000000 168.000000 580.000000 204.000000 1.712501 0.581128 1.740550 -1.659998 1.086152 36.675915 0.984039 0.901548
Cyclist -1 -1 -10 566.000000 168.000000 590.000000 202.000000 1.721362 0.645345 1.713729 -1.372774 0.979763 38.322104 -0.989605 0.411540
Cyclist -1 -1 -10 446.000000 170.000000 481.000000 239.000000 1.828666 0.673885 1.793754 -3.311103 1.379355 16.303860 -2.169848 0.031254
Cyclist -1 -1 -10 679.000000 162.000000 708.000000 236.000000 1.824002 0.621752 1.777881 2.080463 1.350934 17.177229 -1.543576 0.023967
Cyclist -1 -1 -10 461.000000 173.000000 499.000000 225.000000 1.658595 0.477754 1.567023 -3.763151 1.555874 22.093446 -1.274610 0.012013
