Pedestrian -1 -1 -10 0.000000 185.000000 140.000000 375.000000 1.673054 0.721050 0.713874 -4.353557 2.140130 5.518808 -2.613107 0.016560
Car -1 -1 -10 677.000000 184.000000 751.000000 238.000000 1.462471 1.582771 3.574282 2.847822 1.789179 20.400936 -1.569690 0.998921
Car -1 -1 -10 259.000000 182.000000 467.000000 252.000000 1.500306 1.636769 4.213848 -5.733683 1.757944 17.816190 0.138408 0.996822
Car -1 -1 -10 734.000000 174.000000 836.000000 221.000000 1.469147 1.622956 3.868920 6.384612 1.638446 25.574443 0.026659 0.992734
Car -1 -1 -10 782.000000 170.000000 1134.000000 374.000000 1.614748 1.596296 3.716649 2.850588 1.646954 6.718552 -1.610121 0.987319
Car -1 -1 -10 368.000000 180.000000 492.000000 225.000000 1.505208 1.562513 3.715963 -6.317429 1.646781 25.840235 -3.168587 0.970441
Car -1 -1 -10 0.000000 188.000000 148.000000 374.000000 1.478024 1.605829 3.898324 -6.051018 1.814829 5.628234 -0.012546 0.953931
Car -1 -1 -10 -14.000000 179.000000 271.000000 343.000000 1.722994 1.671351 4.009107 -6.278978 1.762912 9.026502 0.393024 0.934395
Car -1 -1 -10 404.000000 178.000000 519.000000 212.000000 1.524836 1.592795 3.902355 -5.639073 1.600833 30.269333 1.840734 0.707748
Car -1 -1 -10 683.000000 175.000000 733.000000 202.000000 1.511582 1.577232 3.916697 5.869764 1.697860 39.803002 -0.121719 0.425993
Car -1 -1 -10 42.000000 185.000000 339.000000 278.000000 1.650257 1.642863 3.994177 -7.307001 1.765670 12.799932 -3.277076 0.373676
Car -1 -1 -10 193.000000 189.000000 414.000000 266.000000 1.528051 1.602061 4.190128 -6.255546 1.770125 15.778874 0.001175 0.190868
