Car -1 -1 -10 376.000000 190.000000 499.000000 268.000000 1.416019 1.614589 4.051173 -3.378045 1.527102 14.869486 -1.587927 0.999702
Car -1 -1 -10 577.000000 179.000000 614.000000 212.000000 1.539407 1.621625 3.714148 -0.636493 1.345199 36.538765 -1.604920 0.999645
Car -1 -1 -10 236.000000 187.000000 360.000000 254.000000 1.441033 1.583311 3.754823 -7.523389 1.536381 17.911014 -1.570679 0.997827
Car -1 -1 -10 205.000000 186.000000 291.000000 230.000000 1.473401 1.615215 3.864867 -12.398623 1.594188 25.578138 -1.569520 0.994015
Car -1 -1 -10 465.000000 185.000000 515.000000 219.000000 1.498639 1.606405 4.043940 -4.971501 1.392003 30.293201 -1.629295 0.978886
Car -1 -1 -10 365.000000 182.000000 414.000000 226.000000 1.476294 1.624975 3.821376 -7.955954 1.463246 27.140369 -1.685230 0.978744
Car -1 -1 -10 2.000000 210.000000 172.000000 371.000000 1.540338 1.639282 3.859826 -3.497526 1.681828 2.693922 -1.592210 0.970219
Car -1 -1 -10 0.000000 188.000000 118.000000 269.000000 1.542594 1.608397 3.788143 -12.347265 1.641057 14.439605 1.511619 0.881323
Car -1 -1 -10 292.000000 181.000000 356.000000 214.000000 1.609448 1.584531 3.941258 -13.385687 1.339879 33.630380 -1.320157 0.522136
Car -1 -1 -10 407.000000 187.000000 461.000000 218.000000 1.524241 1.504203 3.205060 -8.437265 1.151216 37.301051 1.345921 0.073156
