Pedestrian -1 -1 -10 626.000000 173.000000 648.000000 214.000000 1.711305 0.594644 0.870902 1.334046 1.426594 27.673050 2.663546 0.961542
Pedestrian -1 -1 -10 856.000000 201.000000 897.000000 288.000000 1.683141 0.551438 0.669950 7.698815 1.822877 19.185901 -1.154711 0.250024
Pedestrian -1 -1 -10 919.000000 203.000000 979.000000 305.000000 1.737429 0.596698 0.600649 5.885058 1.799364 11.985550 -0.660556 0.226891
Pedestrian -1 -1 -10 784.000000 193.000000 813.000000 275.000000 1.758819 0.704380 0.694222 3.542242 1.888970 13.097952 1.273953 0.101040
Pedestrian -1 -1 -10 730.000000 196.000000 761.000000 267.000000 1.695561 0.588865 0.681416 2.686137 1.968658 12.932954 2.775484 0.069885
Pedestrian -1 -1 -10 745.000000 195.000000 784.000000 271.000000 1.692046 0.650470 0.738273 3.194183 1.856902 13.640505 0.366627 0.035653
Pedestrian -1 -1 -10 924.000000 186.000000 945.000000 250.000000 1.726210 0.597377 0.830073 5.980256 1.574247 13.142464 3.003748 0.032267
Pedestrian -1 -1 -10 918.000000 196.000000 963.000000 264.000000 1.727957 0.599723 0.814407 5.794438 1.799341 12.617761 2.992732 0.022465
Cyclist -1 -1 -10 481.000000 187.000000 534.000000 240.000000 1.671531 0.514671 1.692244 -2.610477 1.610120 20.763096 1.014536 0.027355
Cyclist -1 -1 -10 916.000000 202.000000 984.000000 301.000000 1.725376 0.669253 1.632680 5.997006 1.657734 12.269291 3.578942 0.014340
