Pedestrian -1 -1 -10 765.000000 172.000000 783.000000 226.000000 1.695250 0.550282 0.663931 5.717200 1.626703 24.905377 2.762241 0.010982
Car -1 -1 -10 733.000000 181.000000 946.000000 317.000000 1.478931 1.636756 3.804347 2.778885 1.610115 9.808864 -1.606603 0.998381
Car -1 -1 -10 470.000000 178.000000 540.000000 235.000000 1.609509 1.631138 3.862870 -3.217073 1.825080 22.958660 -1.581296 0.997726
Car -1 -1 -10 685.000000 177.000000 788.000000 255.000000 1.482837 1.622168 3.942780 2.605166 1.621288 15.645136 -1.593216 0.997405
Car -1 -1 -10 670.000000 177.000000 732.000000 227.000000 1.499745 1.635379 3.958137 2.849417 1.706317 23.769324 -1.579761 0.993412
Car -1 -1 -10 650.000000 176.000000 696.000000 212.000000 1.497577 1.551690 3.562774 2.550785 1.715768 31.952779 -1.601080 0.992663
Car -1 -1 -10 826.000000 181.000000 1223.000000 371.000000 1.534614 1.659699 4.083575 2.695996 1.629727 4.237940 -1.555683 0.988892
Car -1 -1 -10 634.000000 177.000000 668.000000 203.000000 1.556229 1.629459 3.950957 2.501222 1.840472 42.048584 -2.937472 0.885143
Car -1 -1 -10 505.000000 178.000000 549.000000 216.000000 1.591041 1.607455 3.751807 -3.883179 1.979005 33.328758 -1.662575 0.483357
Cyclist -1 -1 -10 790.000000 178.000000 805.000000 227.000000 1.720864 0.707727 1.755966 6.235531 1.484955 24.460168 -1.322550 0.025863
Cyclist -1 -1 -10 782.000000 180.000000 815.000000 223.000000 1.684173 0.562956 1.545881 6.518941 1.330585 24.700050 3.309752 0.011757
