Pedestrian -1 -1 -10 723.000000 175.000000 788.000000 226.000000 1.713428 0.653293 0.796787 3.641317 1.793165 20.159919 0.318990 0.010383
Car -1 -1 -10 524.000000 173.000000 570.000000 204.000000 1.564411 1.600053 3.744808 -3.233175 1.648575 37.259691 1.644308 0.999607
Car -1 -1 -10 193.000000 185.000000 394.000000 315.000000 1.536271 1.614377 3.965785 -4.574749 1.806119 10.611060 1.586455 0.997460
Car -1 -1 -10 1.000000 204.000000 261.000000 375.000000 1.450398 1.595112 3.739442 -4.562790 1.829905 6.070050 1.574209 0.984845
Car -1 -1 -10 725.000000 177.000000 795.000000 230.000000 1.477587 1.636352 4.027293 4.364661 1.665092 21.444282 -1.521129 0.982112
Car -1 -1 -10 707.000000 171.000000 770.000000 215.000000 1.553225 1.600979 3.681849 4.685259 1.551202 27.021684 -1.578061 0.974106
Car -1 -1 -10 748.000000 163.000000 892.000000 263.000000 1.735856 1.735227 4.285282 4.177747 1.587342 15.052538 -1.524358 0.957596
Car -1 -1 -10 549.000000 173.000000 581.000000 199.000000 1.546993 1.575253 3.566039 -3.260054 1.993562 40.321014 -3.112684 0.522345
Car -1 -1 -10 698.000000 171.000000 743.000000 207.000000 1.512458 1.557254 3.730381 4.867962 1.457541 31.699308 1.580101 0.515770
Car -1 -1 -10 692.000000 170.000000 726.000000 199.000000 1.536571 1.642630 3.979512 5.346628 1.490700 37.728277 -1.505796 0.269504
