Pedestrian -1 -1 -10 569.000000 158.000000 594.000000 227.000000 1.797887 0.646229 0.787550 -0.750280 1.151175 19.435835 0.052886 0.995754
Pedestrian -1 -1 -10 213.000000 169.000000 242.000000 244.000000 1.790266 0.638765 0.895219 -9.713854 1.562369 18.199013 -2.619730 0.992317
Pedestrian -1 -1 -10 242.000000 174.000000 270.000000 238.000000 1.678227 0.612724 0.799535 -9.933104 1.583799 20.025233 -3.118804 0.926987
Pedestrian -1 -1 -10 201.000000 172.000000 230.000000 240.000000 1.811922 0.723888 0.770244 -9.754097 1.325371 18.187249 2.553136 0.673209
Pedestrian -1 -1 -10 190.000000 176.000000 218.000000 240.000000 1.773751 0.547113 0.775219 -11.873240 1.721389 20.808202 0.031098 0.303249
Pedestrian -1 -1 -10 867.000000 152.000000 884.000000 199.000000 1.640414 0.599848 0.867354 10.437496 0.474727 27.379419 -1.177803 0.265679
Pedestrian -1 -1 -10 404.000000 165.000000 428.000000 219.000000 1.710912 0.638373 0.760923 -4.524808 1.191005 17.027225 0.238544 0.050785
Pedestrian -1 -1 -10 333.000000 164.000000 364.000000 218.000000 1.739156 0.617484 0.760083 -7.200070 1.237422 19.656522 2.201403 0.023618
Car -1 -1 -10 330.000000 178.000000 484.000000 279.000000 1.482279 1.639497 3.946640 -3.288093 1.431006 12.476103 -1.543262 0.999251
Car -1 -1 -10 1121.000000 140.000000 1220.000000 187.000000 1.620545 1.647154 3.920253 23.542245 0.227160 28.317477 0.144148 0.078135
Car -1 -1 -10 1045.000000 151.000000 1145.000000 190.000000 1.491849 1.569122 3.826492 19.377978 0.485145 28.140266 3.239024 0.061690
Car -1 -1 -10 1069.000000 138.000000 1211.000000 208.000000 1.798080 1.711509 4.313934 20.330235 0.576958 27.456313 3.681761 0.036356
Car -1 -1 -10 402.000000 179.000000 434.000000 213.000000 1.524878 1.519438 3.282374 -6.836051 0.933501 24.259309 1.325379 0.017873
Cyclist -1 -1 -10 281.000000 166.000000 357.000000 241.000000 1.717973 0.628620 1.758782 -6.998308 1.418102 17.071971 -0.306125 0.995061
Cyclist -1 -1 -10 1081.000000 133.000000 1200.000000 214.000000 1.700339 0.689468 1.807521 11.160652 0.720377 15.244752 0.676763 0.994105
Cyclist -1 -1 -10 993.000000 142.000000 1069.000000 205.000000 1.761428 0.542732 1.731533 12.404637 0.598064 20.628216 -0.988089 0.918674
Cyclist -1 -1 -10 788.000000 155.000000 834.000000 197.000000 1.723160 0.632936 1.738807 8.772440 0.726785 30.571249 0.311192 0.863557
Cyclist -1 -1 -10 867.000000 152.000000 885.000000 200.000000 1.775087 0.596531 1.785334 10.471023 0.673405 27.497701 -1.073762 0.563657
Cyclist -1 -1 -10 327.000000 164.000000 367.000000 220.000000 1.716999 0.574307 1.691148 -7.142375 1.230871 19.659143 0.620840 0.557172
Cyclist -1 -1 -10 307.000000 168.000000 388.000000 224.000000 1.706995 0.622147 1.757734 -6.953220 1.330738 19.643162 0.645594 0.064179
Cyclist -1 -1 -10 1121.000000 140.000000 1220.000000 187.000000 1.690521 0.780273 1.891320 22.559440 0.310323 27.635949 1.267996 0.015703
Cyclist -1 -1 -10 404.000000 165.000000 428.000000 219.000000 1.668258 0.695504 1.653364 -4.324142 0.979591 17.041641 -1.255936 0.015569
