Pedestrian -1 -1 -10 773.000000 165.000000 782.000000 192.000000 1.773305 0.636329 0.799647 12.184916 1.457785 52.255167 1.780574 0.484696
Car -1 -1 -10 834.000000 177.000000 906.000000 239.000000 1.595083 1.611447 3.477053 7.150411 1.794373 19.949716 -1.342821 0.999407
Car -1 -1 -10 690.000000 167.000000 738.000000 207.000000 1.546827 1.631970 3.907361 4.784616 1.508847 32.984526 -1.386445 0.999024
Car -1 -1 -10 912.000000 201.000000 1233.000000 374.000000 1.477892 1.581374 3.509109 3.466058 1.724447 5.733303 -1.355807 0.997246
Car -1 -1 -10 237.000000 170.000000 559.000000 376.000000 1.506394 1.573476 3.710184 -1.752634 1.557004 6.998330 1.814997 0.997207
Car -1 -1 -10 543.000000 174.000000 669.000000 264.000000 1.488029 1.603140 3.854337 0.094839 1.556789 13.800199 -1.358718 0.996485
Car -1 -1 -10 554.000000 163.000000 653.000000 227.000000 1.554141 1.595612 3.824780 0.356010 1.155811 27.888976 1.991719 0.983427
Car -1 -1 -10 720.000000 169.000000 753.000000 200.000000 1.562239 1.638679 4.031542 7.211860 1.401471 40.572660 -1.256601 0.934918
Car -1 -1 -10 5.000000 167.000000 299.000000 372.000000 1.511061 1.598235 3.713382 -2.789680 1.648579 2.765934 -1.489961 0.894545
Car -1 -1 -10 832.000000 177.000000 879.000000 222.000000 1.526041 1.598201 3.739624 8.459835 1.726622 24.301105 -1.260922 0.029941
Cyclist -1 -1 -10 773.000000 165.000000 782.000000 191.000000 1.747440 0.636563 1.725412 12.282347 1.431545 52.618889 -1.334629 0.020924
