Pedestrian -1 -1 -10 769.000000 157.000000 808.000000 276.000000 1.651824 0.675440 0.895913 2.925677 1.188128 11.795489 -1.347517 0.823528
Pedestrian -1 -1 -10 497.000000 163.000000 512.000000 222.000000 1.770580 0.667641 0.645833 -3.692355 1.278004 27.040096 -1.702862 0.306146
Pedestrian -1 -1 -10 483.000000 168.000000 514.000000 215.000000 1.769652 0.666609 0.641450 -3.694574 1.275552 27.039535 -1.708871 0.209464
Pedestrian -1 -1 -10 608.000000 166.000000 617.000000 196.000000 1.726641 0.629982 0.684428 0.623762 0.824596 42.886552 1.169287 0.131624
Pedestrian -1 -1 -10 520.000000 168.000000 556.000000 220.000000 1.707839 0.625981 0.672497 -3.111218 1.022929 32.803151 -1.557650 0.080215
Pedestrian -1 -1 -10 593.000000 165.000000 604.000000 195.000000 1.804884 0.640025 0.747174 -0.268725 0.792512 43.718561 1.119430 0.075233
Pedestrian -1 -1 -10 581.000000 165.000000 589.000000 191.000000 1.831647 0.658889 0.903619 -1.216888 0.690674 53.397467 -1.565868 0.038145
Pedestrian -1 -1 -10 476.000000 171.000000 501.000000 219.000000 1.712225 0.658694 0.645111 -5.431022 1.408169 34.530379 0.820266 0.011297
Pedestrian -1 -1 -10 436.000000 168.000000 456.000000 222.000000 1.764963 0.667626 0.729307 -5.028760 1.267182 23.218956 -1.775008 0.010603
Car -1 -1 -10 441.000000 176.000000 574.000000 280.000000 1.510184 1.650856 4.063455 -1.440754 1.462604 12.285174 1.582809 0.998507
Car -1 -1 -10 515.000000 172.000000 565.000000 228.000000 1.552027 1.483195 3.367061 -3.133261 0.823444 36.707988 -1.706677 0.023912
Car -1 -1 -10 474.000000 171.000000 522.000000 222.000000 1.538236 1.317746 2.398451 -4.253678 0.975088 31.001480 1.868909 0.018076
Cyclist -1 -1 -10 519.000000 169.000000 562.000000 230.000000 1.677954 0.514024 1.434747 -2.854810 0.730732 32.978373 -1.701784 0.206467
Cyclist -1 -1 -10 770.000000 156.000000 810.000000 280.000000 1.756688 0.681581 1.745255 2.933813 1.241682 11.782213 -1.874509 0.206100
Cyclist -1 -1 -10 541.000000 169.000000 566.000000 218.000000 1.677954 0.514024 1.434748 -2.858351 1.394993 45.734115 -1.683795 0.068607
Cyclist -1 -1 -10 476.000000 172.000000 513.000000 215.000000 1.709972 0.551931 1.552852 -3.925440 0.791142 27.805597 0.925427 0.068092
Cyclist -1 -1 -10 762.000000 166.000000 800.000000 243.000000 1.710725 0.635151 1.717622 2.989694 1.257997 11.713215 1.307552 0.019358
Cyclist -1 -1 -10 494.000000 164.000000 513.000000 219.000000 1.664083 0.660919 1.626083 -3.841633 0.988288 27.220651 0.924217 0.018046
