Pedestrian -1 -1 -10 680.000000 170.000000 695.000000 216.000000 1.815787 0.674188 0.841656 3.239347 1.806446 29.953570 1.200261 0.953665
Car -1 -1 -10 461.000000 182.000000 511.000000 215.000000 1.418703 1.577628 3.668368 -5.552318 1.803081 31.966012 1.199621 0.998739
Car -1 -1 -10 338.000000 183.000000 415.000000 211.000000 1.481721 1.637724 4.017641 -12.528965 2.136173 39.168685 0.385888 0.989860
Car -1 -1 -10 882.000000 192.000000 1237.000000 374.000000 1.508145 1.558360 3.764058 2.969460 1.681278 3.762447 -1.612227 0.978524
Car -1 -1 -10 -3.000000 197.000000 200.000000 375.000000 1.498739 1.605654 3.768460 -5.848401 1.775817 7.351316 1.540939 0.971250
Car -1 -1 -10 108.000000 182.000000 200.000000 235.000000 1.621478 1.617734 3.907604 -15.113018 1.901523 24.421817 1.332023 0.765071
Car -1 -1 -10 28.000000 185.000000 133.000000 236.000000 1.501369 1.611421 3.837498 -17.609088 1.831387 24.940028 -1.689096 0.275417
Car -1 -1 -10 0.000000 192.000000 132.000000 305.000000 1.518764 1.601463 3.747728 -10.487843 1.525575 12.463462 1.401957 0.153611
Car -1 -1 -10 -1.000000 189.000000 67.000000 243.000000 1.600058 1.606419 3.848935 -20.693147 1.839661 24.942051 1.385087 0.142377
Car -1 -1 -10 678.000000 173.000000 696.000000 208.000000 1.542572 1.617540 3.871759 3.307867 1.489777 31.057013 -0.396654 0.017976
Cyclist -1 -1 -10 679.000000 173.000000 697.000000 211.000000 1.769308 0.543083 1.763948 3.280520 1.687501 29.979936 -0.555686 0.011373
