Car -1 -1 -10 169.000000 199.000000 364.000000 304.000000 1.548741 1.628324 3.935276 -5.812217 2.098722 12.783868 1.583508 0.999387
Car -1 -1 -10 325.000000 195.000000 425.000000 263.000000 1.485828 1.560611 3.786038 -5.857679 2.079205 18.164996 1.556720 0.997735
Car -1 -1 -10 812.000000 154.000000 944.000000 204.000000 1.538263 1.646148 4.013568 9.392472 1.060834 24.859394 3.177485 0.995040
Car -1 -1 -10 381.000000 192.000000 464.000000 245.000000 1.463708 1.548262 3.676405 -5.842839 2.114629 23.148588 1.556298 0.990408
Car -1 -1 -10 663.000000 177.000000 714.000000 212.000000 1.578828 1.624490 3.807730 3.634295 1.868572 35.612738 -1.571107 0.988515
Car -1 -1 -10 428.000000 190.000000 493.000000 228.000000 1.444635 1.556119 3.870975 -5.870496 2.127511 29.084211 1.566184 0.961475
Car -1 -1 -10 475.000000 187.000000 521.000000 218.000000 1.493834 1.564926 3.884989 -5.588978 2.246105 36.433631 1.604711 0.904900
Car -1 -1 -10 1103.000000 142.000000 1216.000000 179.000000 1.452830 1.605557 3.978317 23.078411 0.121798 30.127237 0.082272 0.424362
Car -1 -1 -10 651.000000 178.000000 695.000000 206.000000 1.515617 1.529053 3.469625 3.265080 1.748911 36.585305 -1.578639 0.238263
Car -1 -1 -10 755.000000 162.000000 862.000000 200.000000 1.516655 1.625257 3.948840 8.892260 1.273910 30.022262 2.952746 0.193438
Car -1 -1 -10 1116.000000 119.000000 1245.000000 364.000000 1.548527 1.636901 3.848739 4.471788 1.169869 3.675874 -0.279827 0.092422
Cyclist -1 -1 -10 1125.000000 120.000000 1241.000000 369.000000 1.763091 0.530287 1.634860 3.110319 1.235811 3.793047 -1.361641 0.029720
