Pedestrian -1 -1 -10 522.000000 171.000000 537.000000 212.000000 1.768505 0.630528 0.779664 -3.622577 1.792893 31.683936 1.421709 0.355531
Pedestrian -1 -1 -10 704.000000 159.000000 719.000000 211.000000 1.808815 0.662954 0.942511 4.134354 1.493143 29.722549 -1.819690 0.221149
Pedestrian -1 -1 -10 479.000000 170.000000 508.000000 245.000000 1.762896 0.700714 0.785185 -2.899807 1.759693 17.955598 1.430480 0.015986
Car -1 -1 -10 5.000000 188.000000 301.000000 374.000000 1.643566 1.620534 3.869431 -4.955460 1.804408 7.973707 1.567487 0.999531
Car -1 -1 -10 820.000000 173.000000 1243.000000 372.000000 1.494710 1.604222 3.818180 2.582355 1.602985 4.277867 -1.544582 0.962849
Car -1 -1 -10 407.000000 183.000000 491.000000 234.000000 1.523985 1.581340 3.840498 -5.442280 1.753023 23.690126 1.682638 0.828847
Car -1 -1 -10 504.000000 177.000000 542.000000 205.000000 1.502025 1.579023 3.777682 -5.144897 1.928105 42.443207 1.684059 0.436324
Car -1 -1 -10 519.000000 173.000000 538.000000 209.000000 1.550020 1.624708 3.951706 -4.632577 2.021121 42.356228 1.435902 0.017753
Cyclist -1 -1 -10 443.000000 173.000000 484.000000 252.000000 1.740227 0.588581 1.780408 -3.556135 1.761451 17.357295 1.544970 0.999010
Cyclist -1 -1 -10 477.000000 169.000000 510.000000 247.000000 1.771152 0.664580 1.768897 -2.969317 1.773610 17.942603 1.481111 0.998782
Cyclist -1 -1 -10 521.000000 172.000000 538.000000 211.000000 1.733649 0.590706 1.775834 -3.605193 1.690659 31.692143 1.425291 0.947679
Cyclist -1 -1 -10 409.000000 182.000000 489.000000 234.000000 1.743406 0.583632 1.692712 -5.111789 2.230800 22.216680 -1.266282 0.869852
Cyclist -1 -1 -10 458.000000 173.000000 501.000000 247.000000 1.813492 0.651932 1.779625 -3.271323 1.645363 17.671201 0.843553 0.265569
Cyclist -1 -1 -10 505.000000 177.000000 542.000000 206.000000 1.685163 0.540980 1.544150 -4.966156 2.626858 40.770689 -1.692387 0.144658
Cyclist -1 -1 -10 448.000000 177.000000 480.000000 221.000000 1.671879 0.659663 1.709371 -3.691477 1.582694 17.590582 1.956159 0.043792
Cyclist -1 -1 -10 773.000000 161.000000 880.000000 367.000000 1.664347 0.430647 1.671100 1.948606 2.110776 5.322696 1.373404 0.018749
