Car -1 -1 -10 694.000000 182.000000 840.000000 277.000000 1.500869 1.650144 4.104487 2.721034 1.646385 13.379498 -1.656406 0.999738
Car -1 -1 -10 242.000000 184.000000 464.000000 250.000000 1.525513 1.660632 4.150619 -5.799859 1.772876 17.252257 0.046785 0.995675
Car -1 -1 -10 671.000000 178.000000 734.000000 223.000000 1.454697 1.591139 3.876966 3.083328 1.634821 24.120085 -1.593241 0.995528
Car -1 -1 -10 -12.000000 185.000000 328.000000 309.000000 1.543962 1.598961 3.726250 -6.350580 1.710587 9.388963 -3.205212 0.993231
Car -1 -1 -10 646.000000 168.000000 683.000000 199.000000 1.581668 1.625461 3.882456 3.356633 1.621893 43.456969 -1.582444 0.968208
Car -1 -1 -10 896.000000 207.000000 1244.000000 371.000000 1.452483 1.582787 3.786713 2.984178 1.693232 3.218927 1.492949 0.922380
Car -1 -1 -10 -2.000000 193.000000 200.000000 359.000000 1.452792 1.588652 3.822897 -6.237546 1.717623 6.739455 -3.071975 0.878567
Car -1 -1 -10 335.000000 169.000000 454.000000 225.000000 1.576526 1.548154 3.309712 -5.250582 2.009263 19.534522 0.517078 0.811178
Car -1 -1 -10 472.000000 173.000000 541.000000 204.000000 1.587583 1.564213 3.998878 -6.103142 1.543616 38.548411 -3.087785 0.204061
Car -1 -1 -10 435.000000 176.000000 534.000000 213.000000 1.532986 1.605147 3.861145 -4.478725 1.716826 33.140168 1.440784 0.073999
