Car -1 -1 -10 639.000000 177.000000 682.000000 213.000000 1.459871 1.636244 3.855649 2.296576 1.713672 32.999180 -1.600895 0.998903
Car -1 -1 -10 266.000000 190.000000 461.000000 305.000000 1.490440 1.646079 4.123644 -3.794562 1.845871 11.966252 1.542790 0.997375
Car -1 -1 -10 404.000000 188.000000 504.000000 246.000000 1.444820 1.546987 3.715221 -4.122689 1.936873 19.978088 1.549705 0.995726
Car -1 -1 -10 47.000000 204.000000 290.000000 317.000000 1.469828 1.616656 3.863468 -6.778774 2.047383 11.515436 1.569913 0.979414
Car -1 -1 -10 762.000000 160.000000 899.000000 208.000000 1.574040 1.648359 4.044174 7.749177 1.280612 25.945092 3.165061 0.973314
Car -1 -1 -10 733.000000 165.000000 827.000000 202.000000 1.559393 1.594504 4.040998 7.054769 1.286064 29.306624 3.150432 0.229776
Car -1 -1 -10 773.000000 161.000000 811.000000 208.000000 1.485804 1.563088 3.611895 7.029851 0.989904 29.490780 1.776993 0.081448
Car -1 -1 -10 394.000000 189.000000 461.000000 234.000000 1.556910 1.579665 3.755355 -6.629890 2.025742 26.734431 0.293884 0.071772
Car -1 -1 -10 937.000000 149.000000 1008.000000 178.000000 1.588031 1.653960 3.883105 21.058644 0.331545 42.162942 -0.125039 0.027744
Cyclist -1 -1 -10 776.000000 160.000000 808.000000 210.000000 1.682153 0.576488 1.461638 5.953196 1.559913 25.971404 -1.295189 0.024092
