Car -1 -1 -10 579.000000 177.000000 621.000000 214.000000 1.546817 1.626155 3.687742 -0.314735 1.190731 32.492668 -1.586556 0.999757
Car -1 -1 -10 322.000000 180.000000 479.000000 281.000000 1.487628 1.594811 3.754913 -3.596638 1.478882 12.993170 -1.543727 0.999406
Car -1 -1 -10 482.000000 183.000000 543.000000 224.000000 1.495891 1.622187 3.911308 -3.309899 1.331030 25.304199 -1.597039 0.998841
Car -1 -1 -10 78.000000 173.000000 286.000000 278.000000 1.644112 1.635379 3.965810 -7.780568 1.468711 13.640170 -1.578397 0.996341
Car -1 -1 -10 1.000000 185.000000 143.000000 263.000000 1.477512 1.602345 3.832538 -12.114646 1.531495 14.882485 1.564368 0.977908
Car -1 -1 -10 280.000000 183.000000 384.000000 240.000000 1.478257 1.598069 3.737329 -7.613305 1.449078 20.369617 -1.424059 0.894642
Car -1 -1 -10 442.000000 179.000000 491.000000 207.000000 1.553520 1.637867 4.095163 -7.836103 1.221719 39.571768 -1.680614 0.297496
Car -1 -1 -10 190.000000 179.000000 294.000000 235.000000 1.502562 1.601843 3.643295 -11.612537 1.398660 22.792817 -1.536955 0.084430
Car -1 -1 -10 251.000000 180.000000 342.000000 223.000000 1.502200 1.596953 3.961856 -11.676212 1.172996 28.942238 -1.445773 0.064405
Car -1 -1 -10 1.000000 185.000000 38.000000 309.000000 1.502603 1.597352 3.899773 -8.829305 1.805260 8.331261 1.476970 0.040221
Car -1 -1 -10 336.000000 181.000000 406.000000 230.000000 1.571622 1.581969 3.729378 -12.959381 1.321663 38.766323 1.264722 0.026437
