Pedestrian -1 -1 -10 452.000000 186.000000 461.000000 217.000000 1.699473 0.597425 0.588196 -9.551732 1.660252 45.261897 -1.253127 0.056205
Pedestrian -1 -1 -10 445.000000 184.000000 464.000000 210.000000 1.765438 0.592485 0.621503 -8.938994 1.777401 42.977492 2.359012 0.013364
Car -1 -1 -10 107.000000 180.000000 428.000000 373.000000 1.512132 1.609703 3.883081 -3.265551 1.532029 7.683449 -1.609767 0.999489
Car -1 -1 -10 559.000000 177.000000 604.000000 218.000000 1.548316 1.630702 3.844795 -1.147021 1.182166 31.038688 -1.624655 0.999361
Car -1 -1 -10 360.000000 187.000000 469.000000 263.000000 1.474569 1.568083 3.728008 -4.089654 1.529633 15.558178 -1.636363 0.997189
Car -1 -1 -10 94.000000 184.000000 217.000000 240.000000 1.499521 1.642431 3.996231 -13.021371 1.514175 21.275125 -1.557664 0.985368
Car -1 -1 -10 1.000000 197.000000 92.000000 324.000000 1.481022 1.621642 3.791533 -7.671412 1.792129 7.735005 -1.600908 0.905882
Car -1 -1 -10 103.000000 174.000000 193.000000 218.000000 1.519259 1.605638 3.816759 -13.496531 1.318753 20.788982 -1.613071 0.232766
Car -1 -1 -10 330.000000 180.000000 375.000000 212.000000 1.545385 1.595506 3.796246 -9.021962 1.228352 24.233105 1.641180 0.041224
Car -1 -1 -10 119.000000 186.000000 299.000000 267.000000 1.523852 1.589695 3.769037 -8.101929 1.563185 17.385164 -2.038325 0.011996
