Car -1 -1 -10 723.000000 177.000000 1033.000000 372.000000 1.700544 1.657594 4.161964 2.548723 1.810874 8.026655 -1.611079 0.998708
Car -1 -1 -10 6.000000 205.000000 405.000000 374.000000 1.487421 1.586871 3.678104 -2.698531 1.768472 4.453780 1.566920 0.990818
Car -1 -1 -10 231.000000 188.000000 413.000000 263.000000 1.479797 1.626668 3.974252 -6.625959 1.908503 15.970063 -3.211597 0.945452
Car -1 -1 -10 380.000000 185.000000 507.000000 227.000000 1.578121 1.568381 3.812269 -5.721779 2.021230 26.631781 -0.090947 0.928585
Car -1 -1 -10 641.000000 184.000000 673.000000 210.000000 1.452134 1.604589 3.893605 2.665806 2.066108 41.655505 -1.581703 0.828152
Car -1 -1 -10 39.000000 195.000000 324.000000 313.000000 1.498896 1.677343 4.107135 -6.380695 1.814870 11.043545 -0.050778 0.473858
Car -1 -1 -10 322.000000 188.000000 484.000000 236.000000 1.496739 1.598135 3.968994 -5.130832 1.956900 23.086436 -0.415983 0.352472
Car -1 -1 -10 440.000000 181.000000 535.000000 214.000000 1.524240 1.504203 3.205061 -5.005739 1.978980 38.378811 1.414725 0.250058
Car -1 -1 -10 164.000000 195.000000 367.000000 292.000000 1.587932 1.548780 3.625894 -5.850632 2.076674 11.923435 -2.608981 0.016778
Car -1 -1 -10 -1.000000 213.000000 192.000000 313.000000 1.522207 1.561529 3.621894 -2.423515 1.769248 4.316713 1.446436 0.014190
Car -1 -1 -10 305.000000 188.000000 389.000000 234.000000 1.460180 1.589361 3.894979 -6.095789 1.683626 17.565301 1.793964 0.010318
Cyclist -1 -1 -10 937.000000 181.000000 992.000000 235.000000 1.718186 0.529595 1.670781 9.768329 1.591085 20.853521 -0.540938 0.021731
Cyclist -1 -1 -10 951.000000 181.000000 970.000000 236.000000 1.677954 0.514024 1.434747 11.903504 1.375341 24.712489 -1.165355 0.015129
