Pedestrian -1 -1 -10 403.000000 174.000000 414.000000 211.000000 1.754346 0.653838 0.715823 -13.425510 2.051317 48.027599 -1.698132 0.057228
Pedestrian -1 -1 -10 415.000000 176.000000 445.000000 242.000000 1.664679 0.749455 0.605561 -4.539371 1.691924 18.411405 1.285189 0.028915
Pedestrian -1 -1 -10 421.000000 178.000000 446.000000 213.000000 1.683280 0.612588 0.624023 -8.672512 2.115843 37.252897 2.282371 0.018205
Pedestrian -1 -1 -10 361.000000 183.000000 418.000000 241.000000 1.714886 0.649385 0.742433 -6.176740 2.149135 21.465683 -2.377353 0.012459
Pedestrian -1 -1 -10 317.000000 186.000000 415.000000 253.000000 1.609451 0.805671 0.913907 -5.310928 2.052926 15.957130 -0.278646 0.010717
Car -1 -1 -10 661.000000 178.000000 780.000000 260.000000 1.542077 1.596385 3.494928 2.210684 1.637994 14.938511 -1.726038 0.999562
Car -1 -1 -10 319.000000 189.000000 407.000000 254.000000 1.477007 1.576201 3.758834 -5.901985 1.876273 17.615073 -1.795964 0.996685
Car -1 -1 -10 561.000000 177.000000 605.000000 213.000000 1.535226 1.591387 3.624062 -1.396759 1.809947 33.875531 -1.782659 0.992652
Car -1 -1 -10 796.000000 182.000000 1241.000000 373.000000 1.514092 1.637456 3.965988 2.983663 1.625988 5.950432 1.538638 0.982664
Car -1 -1 -10 351.000000 187.000000 420.000000 241.000000 1.512678 1.616209 3.968932 -6.874547 1.875831 22.914686 1.403144 0.714671
Car -1 -1 -10 1083.000000 231.000000 1245.000000 377.000000 1.489937 1.583127 3.777608 2.761740 1.494391 1.166098 -1.564216 0.303970
Car -1 -1 -10 538.000000 178.000000 570.000000 205.000000 1.546706 1.582907 3.575566 -3.507664 1.972028 43.945682 -1.745114 0.148516
Car -1 -1 -10 617.000000 182.000000 705.000000 230.000000 1.522521 1.625563 3.657443 1.343424 1.626916 21.813988 -1.713216 0.021093
Car -1 -1 -10 618.000000 176.000000 664.000000 205.000000 1.524535 1.574652 3.722636 2.900505 1.467747 32.844717 -2.188856 0.017330
Cyclist -1 -1 -10 412.000000 174.000000 447.000000 248.000000 1.739851 0.592607 1.759346 -4.652162 1.751407 18.286684 1.286004 0.997948
Cyclist -1 -1 -10 446.000000 174.000000 480.000000 239.000000 1.717348 0.522718 1.787504 -4.266442 1.763740 20.494421 1.470363 0.997118
Cyclist -1 -1 -10 1104.000000 204.000000 1239.000000 348.000000 1.687081 0.541422 1.513097 2.336049 1.663300 2.478334 0.738792 0.065702
Cyclist -1 -1 -10 420.000000 179.000000 449.000000 213.000000 1.710601 0.551585 1.497837 -8.808285 2.198142 37.713499 0.791094 0.048598
Cyclist -1 -1 -10 317.000000 186.000000 415.000000 253.000000 1.684997 0.781666 1.805910 -5.441833 1.965174 16.310163 2.670374 0.034807
