Pedestrian -1 -1 -10 405.000000 169.000000 418.000000 207.000000 1.775930 0.648952 0.730800 -11.161461 1.628345 40.361923 1.726373 0.175965
Pedestrian -1 -1 -10 397.000000 174.000000 406.000000 207.000000 1.708050 0.667315 0.725618 -11.583871 1.839816 40.258713 -1.921639 0.104244
Pedestrian -1 -1 -10 386.000000 176.000000 409.000000 210.000000 1.772954 0.671385 0.997270 -11.811503 1.841779 40.040782 2.832810 0.015211
Car -1 -1 -10 751.000000 173.000000 1022.000000 342.000000 1.508267 1.591157 3.661121 2.690586 1.566246 7.981710 -1.647186 0.999122
Car -1 -1 -10 584.000000 173.000000 641.000000 218.000000 1.520415 1.607320 3.679673 -0.147491 1.602539 26.977721 -1.753689 0.998370
Car -1 -1 -10 405.000000 181.000000 447.000000 216.000000 1.523140 1.600612 3.916613 -7.845584 1.866613 32.137080 -1.756591 0.989043
Car -1 -1 -10 143.000000 197.000000 362.000000 310.000000 1.496369 1.564497 3.695763 -5.136660 1.829859 10.920065 -1.862418 0.925251
Car -1 -1 -10 558.000000 175.000000 596.000000 205.000000 1.523125 1.591597 3.641797 -1.830545 1.638971 37.104351 -1.715440 0.889731
Car -1 -1 -10 269.000000 181.000000 399.000000 265.000000 1.518074 1.624730 4.056134 -6.119930 1.822119 16.029651 1.416648 0.441821
Car -1 -1 -10 418.000000 174.000000 454.000000 209.000000 1.587850 1.603617 3.672956 -9.511581 1.768339 40.838448 -1.755097 0.161752
Car -1 -1 -10 659.000000 180.000000 784.000000 253.000000 1.500297 1.631438 3.718447 2.139712 1.492448 14.812585 -1.756114 0.035180
Car -1 -1 -10 250.000000 187.000000 354.000000 325.000000 1.568766 1.614663 3.785786 -3.647916 1.740166 9.978877 0.617534 0.010573
Cyclist -1 -1 -10 353.000000 175.000000 431.000000 296.000000 1.709069 0.552706 1.787376 -3.353518 1.732141 11.009552 1.555412 0.999823
Cyclist -1 -1 -10 261.000000 176.000000 349.000000 329.000000 1.727576 0.567421 1.743095 -3.724466 1.744487 8.714242 1.388734 0.998520
Cyclist -1 -1 -10 273.000000 183.000000 381.000000 276.000000 1.661181 0.543944 1.699222 -5.453465 1.909417 15.407970 -1.455451 0.758190
Cyclist -1 -1 -10 159.000000 191.000000 343.000000 302.000000 1.703488 0.735034 1.868580 -4.898071 1.897515 9.364589 -3.147028 0.154677
Cyclist -1 -1 -10 402.000000 181.000000 448.000000 218.000000 1.788014 0.711949 1.761608 -7.606577 2.061661 30.567550 -3.009562 0.093676
Cyclist -1 -1 -10 397.000000 174.000000 416.000000 214.000000 1.734967 0.564253 1.705054 -11.545216 1.677300 40.380993 -2.355628 0.034086
Cyclist -1 -1 -10 386.000000 176.000000 409.000000 210.000000 1.712598 0.668342 1.820501 -11.968666 1.720723 40.248621 -2.370171 0.023192
Cyclist -1 -1 -10 373.000000 177.000000 415.000000 219.000000 1.727582 0.610087 1.558173 -12.176635 1.577499 37.637107 0.704915 0.014347
Cyclist -1 -1 -10 396.000000 174.000000 407.000000 208.000000 1.718310 0.604184 1.687053 -11.765463 1.799539 40.516516 -1.886641 0.013338
