Car -1 -1 -10 254.000000 192.000000 439.000000 294.000000 1.477524 1.610647 3.903855 -4.215358 1.587090 12.198265 -1.566611 0.999454
Car -1 -1 -10 577.000000 179.000000 611.000000 210.000000 1.560577 1.636489 3.785637 -0.685284 2.504977 39.515378 -1.587267 0.999159
Car -1 -1 -10 430.000000 185.000000 499.000000 234.000000 1.483107 1.583160 3.732149 -4.544241 1.516024 23.327875 -1.584375 0.996953
Car -1 -1 -10 -9.000000 179.000000 255.000000 292.000000 1.592105 1.632511 3.874655 -8.418505 1.549476 12.921367 -1.554310 0.982221
Car -1 -1 -10 265.000000 192.000000 350.000000 238.000000 1.511150 1.600705 3.830257 -8.474267 1.583227 21.000493 -1.486582 0.847791
Car -1 -1 -10 472.000000 184.000000 522.000000 217.000000 1.503043 1.597409 3.990901 -5.018546 1.447327 33.547104 -1.573582 0.800829
Car -1 -1 -10 171.000000 197.000000 362.000000 320.000000 1.502416 1.595361 3.963073 -4.583607 1.630570 10.115887 1.529713 0.790105
Car -1 -1 -10 501.000000 184.000000 540.000000 209.000000 1.529498 1.610958 3.856059 -5.196894 1.400875 42.638384 -1.592380 0.381878
Car -1 -1 -10 361.000000 181.000000 402.000000 207.000000 1.499921 1.577478 3.738006 -12.463618 1.353197 41.263018 -1.359831 0.086698
Car -1 -1 -10 371.000000 186.000000 427.000000 221.000000 1.513303 1.603104 3.884030 -8.874081 1.463588 31.864150 -1.691569 0.034160
