Car -1 -1 -10 686.000000 186.000000 793.000000 258.000000 1.463926 1.596539 3.674338 2.814729 1.802598 16.361450 -1.720939 0.999522
Car -1 -1 -10 109.000000 191.000000 385.000000 282.000000 1.500740 1.639489 4.010527 -6.377646 1.822577 12.301047 -3.131160 0.998697
Car -1 -1 -10 649.000000 180.000000 709.000000 226.000000 1.458989 1.638561 4.037193 2.359006 1.828222 26.146627 -1.628719 0.997175
Car -1 -1 -10 259.000000 188.000000 444.000000 245.000000 1.454831 1.576412 3.942218 -6.531612 1.820123 19.054057 -3.080784 0.966373
Car -1 -1 -10 379.000000 182.000000 510.000000 223.000000 1.573643 1.660093 4.154920 -6.272602 2.050277 29.912286 0.127978 0.949133
Car -1 -1 -10 1.000000 196.000000 177.000000 360.000000 1.548941 1.613863 3.904881 -6.921983 1.757669 7.327704 -3.169462 0.797423
Car -1 -1 -10 334.000000 185.000000 468.000000 232.000000 1.629069 1.662567 4.058714 -7.124718 1.936179 24.386454 -0.011588 0.654556
Car -1 -1 -10 428.000000 176.000000 506.000000 210.000000 1.487190 1.561941 3.838874 -6.749181 1.433902 34.523712 -3.114733 0.044652
Car -1 -1 -10 640.000000 180.000000 680.000000 209.000000 1.481737 1.623869 4.019983 2.551772 1.899958 37.154052 -1.617738 0.031005
Car -1 -1 -10 24.000000 198.000000 283.000000 286.000000 1.473527 1.604421 3.834733 -6.027386 1.784072 12.381360 -3.183693 0.025500
