Pedestrian -1 -1 -10 457.000000 176.000000 471.000000 206.000000 1.836438 0.670460 0.879997 -9.590746 1.591668 47.016916 -0.164080 0.288552
Pedestrian -1 -1 -10 521.000000 174.000000 530.000000 203.000000 1.710247 0.540027 0.617622 -4.519090 1.500034 43.143273 -1.078543 0.189158
Pedestrian -1 -1 -10 578.000000 171.000000 595.000000 199.000000 1.779522 0.613496 0.794063 -1.282299 1.167339 48.918335 3.106518 0.044242
Pedestrian -1 -1 -10 508.000000 173.000000 516.000000 199.000000 1.740796 0.655034 0.792285 -6.552390 1.058717 49.556212 -0.080717 0.012234
Pedestrian -1 -1 -10 518.000000 176.000000 539.000000 202.000000 1.675961 0.633842 0.787245 -4.180539 1.781744 40.703250 -1.527835 0.010290
Car -1 -1 -10 524.000000 178.000000 559.000000 204.000000 1.504035 1.613437 3.960576 -3.855241 1.322542 42.566850 -1.634019 0.998227
Car -1 -1 -10 889.000000 150.000000 1007.000000 189.000000 1.508431 1.613982 4.011297 14.188052 0.272663 28.406782 -0.079035 0.982120
Cyclist -1 -1 -10 396.000000 181.000000 419.000000 216.000000 1.710338 0.494496 1.689086 -10.574267 1.785895 37.560687 -1.474649 0.971430
Cyclist -1 -1 -10 624.000000 172.000000 656.000000 197.000000 1.744390 0.632537 1.806477 2.113701 1.061310 47.481612 0.041401 0.951692
Cyclist -1 -1 -10 574.000000 174.000000 601.000000 199.000000 1.703575 0.679385 1.682946 -1.453141 1.136406 49.501679 0.981752 0.755957
