Pedestrian -1 -1 -10 432.000000 177.000000 440.000000 212.000000 1.675377 0.587826 0.579203 -4.894577 1.920568 21.703050 -1.788580 0.033905
Pedestrian -1 -1 -10 415.000000 180.000000 426.000000 215.000000 1.702543 0.559201 0.581217 -6.835058 1.600554 25.816052 2.361995 0.031255
Pedestrian -1 -1 -10 428.000000 178.000000 436.000000 211.000000 1.718979 0.624715 0.594723 -7.444268 1.421565 29.087745 -1.276614 0.011573
Pedestrian -1 -1 -10 411.000000 179.000000 428.000000 232.000000 1.773701 0.699761 0.742397 -6.807303 1.657400 25.307662 -1.402108 0.010797
Car -1 -1 -10 758.000000 176.000000 1085.000000 367.000000 1.578363 1.641692 4.112236 2.841333 1.661449 7.547739 -1.571073 0.999633
Car -1 -1 -10 306.000000 195.000000 447.000000 284.000000 1.496428 1.632530 3.924730 -4.438324 1.959759 14.286072 1.537988 0.999431
Car -1 -1 -10 710.000000 176.000000 847.000000 270.000000 1.554725 1.630512 3.815811 2.943431 1.597101 13.726726 -1.575116 0.998144
Car -1 -1 -10 678.000000 177.000000 749.000000 232.000000 1.498189 1.587623 3.800618 3.022310 1.640613 22.224492 -1.549653 0.992436
Car -1 -1 -10 396.000000 181.000000 489.000000 254.000000 1.673279 1.585865 3.845064 -4.413233 1.991439 19.712221 1.542372 0.986913
Car -1 -1 -10 455.000000 182.000000 521.000000 234.000000 1.618815 1.638684 4.119112 -4.236509 1.980096 25.192746 1.590520 0.980195
Car -1 -1 -10 1.000000 206.000000 93.000000 332.000000 1.456256 1.609433 4.009832 -9.376105 2.081506 9.714390 0.017871 0.261075
Car -1 -1 -10 887.000000 169.000000 1050.000000 278.000000 1.451101 1.596382 3.717838 6.560276 1.423295 10.843440 1.496135 0.038574
