Car -1 -1 -10 782.000000 203.000000 1097.000000 373.000000 1.464219 1.601759 3.623247 2.951930 1.818310 7.276641 -1.610546 0.998706
Car -1 -1 -10 85.000000 178.000000 345.000000 288.000000 1.588766 1.640803 3.806497 -6.527646 1.769177 11.921490 -3.246900 0.990346
Car -1 -1 -10 723.000000 175.000000 869.000000 232.000000 1.655188 1.652282 3.978036 6.120943 1.866711 24.955862 3.096845 0.973608
Car -1 -1 -10 395.000000 183.000000 499.000000 218.000000 1.558713 1.668479 4.018232 -6.770218 1.971843 30.706917 -3.181216 0.961944
Car -1 -1 -10 794.000000 188.000000 1043.000000 280.000000 1.500048 1.636129 4.077134 6.200476 1.851899 14.564213 3.218321 0.915254
Car -1 -1 -10 -10.000000 171.000000 233.000000 377.000000 1.636278 1.613591 4.031775 -6.088696 1.691448 6.721409 -0.112710 0.830585
Car -1 -1 -10 435.000000 180.000000 521.000000 214.000000 1.722884 1.728875 4.224945 -6.847989 1.966221 35.710573 -3.280981 0.810456
Car -1 -1 -10 319.000000 183.000000 453.000000 236.000000 1.474890 1.557523 3.759854 -6.682257 1.757719 21.932646 -3.311310 0.684751
Car -1 -1 -10 788.000000 183.000000 956.000000 253.000000 1.535360 1.625450 3.945990 6.404480 1.808932 17.178686 0.115532 0.629850
Car -1 -1 -10 -1.000000 179.000000 82.000000 383.000000 1.495747 1.609611 3.953676 -5.449638 1.935299 4.170246 0.008444 0.050916
Cyclist -1 -1 -10 813.000000 192.000000 1066.000000 286.000000 1.659221 0.759129 1.700507 6.511024 1.872298 14.128263 3.087507 0.027762
