Pedestrian -1 -1 -10 424.000000 178.000000 442.000000 228.000000 1.788359 0.691695 0.803640 -6.286545 1.974822 25.544372 -1.808331 0.957451
Pedestrian -1 -1 -10 405.000000 182.000000 421.000000 222.000000 1.708270 0.684147 0.739462 -7.128557 1.850999 25.956458 -1.723569 0.771817
Pedestrian -1 -1 -10 413.000000 182.000000 423.000000 226.000000 1.697506 0.546075 0.596286 -6.847356 1.874274 25.421868 2.334667 0.067508
Pedestrian -1 -1 -10 410.000000 180.000000 436.000000 230.000000 1.767937 0.652195 0.698006 -6.604301 1.739748 25.590650 -1.501611 0.056057
Pedestrian -1 -1 -10 398.000000 195.000000 474.000000 253.000000 1.656541 0.836128 0.827484 -4.164419 2.281366 17.461191 -1.813210 0.018094
Pedestrian -1 -1 -10 725.000000 184.000000 753.000000 217.000000 1.702209 0.523698 0.597353 2.868187 1.593552 13.846755 3.155331 0.016451
Car -1 -1 -10 699.000000 183.000000 837.000000 281.000000 1.488664 1.609781 3.704997 2.688162 1.697614 12.998817 -1.598466 0.999741
Car -1 -1 -10 394.000000 196.000000 479.000000 253.000000 1.470159 1.559553 3.572692 -4.535480 2.037310 19.103378 -1.629779 0.998950
Car -1 -1 -10 656.000000 183.000000 714.000000 232.000000 1.464718 1.584589 3.635980 2.332926 1.813476 23.270583 -1.585249 0.995674
Car -1 -1 -10 447.000000 181.000000 506.000000 230.000000 1.623235 1.632484 4.065239 -5.001661 2.078607 28.238572 -1.591647 0.990136
Car -1 -1 -10 633.000000 180.000000 666.000000 210.000000 1.571538 1.617026 3.916651 2.139430 2.021724 39.197432 -1.595311 0.984155
Car -1 -1 -10 493.000000 185.000000 532.000000 213.000000 1.581167 1.583283 3.859142 -5.580640 2.256139 42.244827 1.557239 0.729679
Car -1 -1 -10 0.000000 220.000000 120.000000 372.000000 1.513598 1.611344 3.802663 -4.660927 1.839136 3.528158 1.552006 0.496457
Car -1 -1 -10 469.000000 184.000000 517.000000 222.000000 1.530966 1.572299 3.825641 -4.897619 1.961644 28.170598 -1.578985 0.024915
Cyclist -1 -1 -10 725.000000 184.000000 750.000000 217.000000 1.706638 0.566006 1.707895 5.506817 1.824539 33.930557 -0.875315 0.082141
Cyclist -1 -1 -10 406.000000 182.000000 432.000000 223.000000 1.722674 0.716127 1.666182 -6.929179 1.772516 25.586740 -2.860474 0.024473
Cyclist -1 -1 -10 418.000000 180.000000 442.000000 226.000000 1.727601 0.700629 1.684233 -6.381587 1.820310 25.644854 1.892308 0.017119
