Car -1 -1 -10 788.000000 183.000000 1073.000000 363.000000 1.517391 1.592101 3.724674 3.219919 1.712793 7.976249 -1.540812 0.999248
Car -1 -1 -10 22.000000 183.000000 353.000000 282.000000 1.506092 1.645708 4.272080 -6.455831 1.651563 11.496232 -3.230545 0.999016
Car -1 -1 -10 678.000000 181.000000 736.000000 223.000000 1.500060 1.583842 3.474458 3.488547 1.830760 26.350093 -1.607520 0.998350
Car -1 -1 -10 333.000000 179.000000 476.000000 238.000000 1.664797 1.625924 4.088902 -5.873816 1.808509 21.006864 -3.132632 0.997571
Car -1 -1 -10 382.000000 176.000000 508.000000 226.000000 1.552139 1.588020 4.128360 -5.732478 1.847483 25.689222 -3.100603 0.989653
Car -1 -1 -10 233.000000 181.000000 429.000000 249.000000 1.547654 1.658799 3.984772 -6.569458 1.681873 16.934019 -3.220953 0.984946
Car -1 -1 -10 722.000000 176.000000 900.000000 281.000000 1.583704 1.638620 3.825056 3.264069 1.644995 13.022799 -1.590111 0.979345
Car -1 -1 -10 3.000000 224.000000 96.000000 379.000000 1.504691 1.581986 3.796472 -4.908372 1.784385 3.781766 1.481728 0.545848
Car -1 -1 -10 446.000000 176.000000 542.000000 211.000000 1.572206 1.640010 3.981958 -4.542606 1.715002 35.055175 1.828140 0.496092
Car -1 -1 -10 702.000000 177.000000 789.000000 224.000000 1.562667 1.610168 4.054332 7.521820 1.942798 33.725265 0.023102 0.114204
