Pedestrian -1 -1 -10 748.000000 177.000000 756.000000 203.000000 1.696344 0.610844 0.561027 4.160083 1.503143 20.357349 0.325455 0.028400
Pedestrian -1 -1 -10 749.000000 179.000000 760.000000 211.000000 1.720910 0.618051 0.561781 4.268106 1.411058 20.391982 0.335406 0.011192
Car -1 -1 -10 538.000000 185.000000 580.000000 213.000000 1.563365 1.610588 3.962291 -2.788029 2.269520 40.508367 1.626564 0.999259
Car -1 -1 -10 301.000000 193.000000 445.000000 288.000000 1.481303 1.592120 3.902522 -4.429220 1.940850 13.608671 1.564605 0.998599
Car -1 -1 -10 108.000000 205.000000 353.000000 359.000000 1.469304 1.603374 3.865595 -4.591127 1.901750 9.205964 1.595399 0.995499
Car -1 -1 -10 737.000000 178.000000 841.000000 258.000000 1.713784 1.727980 4.239259 4.298383 1.868620 17.978109 -1.544384 0.984538
Car -1 -1 -10 717.000000 185.000000 772.000000 234.000000 1.487606 1.550372 3.607893 4.582089 2.053901 24.321955 -1.509783 0.964207
Car -1 -1 -10 3.000000 201.000000 185.000000 372.000000 1.529649 1.640484 3.841508 -4.588611 1.784473 4.460206 1.537759 0.927260
Car -1 -1 -10 704.000000 184.000000 753.000000 224.000000 1.548176 1.586261 3.654638 4.879886 2.033239 30.041404 -1.601837 0.806110
Car -1 -1 -10 698.000000 184.000000 735.000000 216.000000 1.508917 1.570369 3.638168 5.236856 2.096594 35.083373 -1.503108 0.375233
Car -1 -1 -10 561.000000 184.000000 590.000000 209.000000 1.528971 1.587411 3.806587 -2.264153 2.553829 46.014036 1.867507 0.237048
