Pedestrian -1 -1 -10 229.000000 159.000000 285.000000 297.000000 1.772128 0.690756 0.676516 -4.688320 1.489293 9.673548 2.188734 0.997655
Pedestrian -1 -1 -10 418.000000 190.000000 465.000000 288.000000 1.602885 0.747465 0.849555 -2.137140 1.731927 9.486616 -1.868191 0.533544
Pedestrian -1 -1 -10 440.000000 187.000000 466.000000 264.000000 1.654217 0.573253 0.585778 -3.883405 1.539642 19.770768 2.278564 0.267016
Pedestrian -1 -1 -10 370.000000 192.000000 426.000000 291.000000 1.574830 0.754313 0.795836 -2.675046 1.646865 9.446357 -1.470165 0.221376
Pedestrian -1 -1 -10 1137.000000 26.000000 1198.000000 237.000000 1.722132 0.656210 0.744788 6.527312 1.654067 7.662527 3.251468 0.200065
Pedestrian -1 -1 -10 1190.000000 75.000000 1237.000000 187.000000 1.704650 0.527951 0.783755 7.150584 0.737168 8.450097 3.205349 0.127737
Pedestrian -1 -1 -10 410.000000 192.000000 445.000000 253.000000 1.678146 0.603764 0.519043 -2.077129 1.818264 8.788212 2.358391 0.069305
Pedestrian -1 -1 -10 380.000000 193.000000 413.000000 252.000000 1.681682 0.641039 0.628401 -5.597567 1.690220 18.365735 0.316943 0.066549
Pedestrian -1 -1 -10 428.000000 193.000000 455.000000 250.000000 1.711773 0.529727 0.600747 -2.207384 1.596814 11.685833 2.764976 0.051329
Pedestrian -1 -1 -10 405.000000 191.000000 434.000000 280.000000 1.693901 0.612786 0.615890 -2.586223 1.475763 10.572803 -1.337347 0.046739
Pedestrian -1 -1 -10 367.000000 194.000000 396.000000 252.000000 1.674974 0.609921 0.615836 -5.189916 1.893862 16.723500 0.149419 0.018336
Car -1 -1 -10 800.000000 130.000000 1227.000000 372.000000 1.799537 1.662319 3.803827 3.202119 1.517420 6.562481 -1.609446 0.989995
Car -1 -1 -10 1015.000000 132.000000 1231.000000 322.000000 1.515291 1.587008 3.793624 2.817026 1.120486 5.872010 -0.013018 0.033359
Cyclist -1 -1 -10 368.000000 194.000000 428.000000 278.000000 1.659657 0.602827 1.748916 -2.846435 1.565528 9.716025 -1.830964 0.059669
Cyclist -1 -1 -10 358.000000 194.000000 408.000000 248.000000 1.645456 0.587757 1.681327 -5.725858 1.685869 18.086242 0.738534 0.043916
Cyclist -1 -1 -10 1130.000000 25.000000 1198.000000 211.000000 1.640352 0.337081 1.642630 7.180422 0.596543 9.070969 -1.368513 0.012488
