Pedestrian -1 -1 -10 671.000000 170.000000 681.000000 199.000000 1.746563 0.636296 0.726600 4.280349 1.569452 46.771724 -1.427417 0.028242
Car -1 -1 -10 587.000000 170.000000 637.000000 213.000000 1.641236 1.679764 3.999434 0.206040 1.598772 31.148344 1.671667 0.999593
Car -1 -1 -10 746.000000 179.000000 818.000000 247.000000 1.545419 1.581912 3.259604 4.384551 1.791197 18.062338 -1.459353 0.999276
Car -1 -1 -10 397.000000 180.000000 561.000000 296.000000 1.469278 1.599369 3.830130 -1.843464 1.629987 11.359510 -1.450504 0.998955
Car -1 -1 -10 9.000000 186.000000 409.000000 374.000000 1.532103 1.592602 3.754946 -2.756818 1.649224 4.516525 1.632228 0.994570
Car -1 -1 -10 619.000000 174.000000 652.000000 205.000000 1.500318 1.629962 3.982899 1.398721 1.614140 38.939461 -1.400440 0.980590
Car -1 -1 -10 735.000000 182.000000 783.000000 230.000000 1.528735 1.615404 3.765847 4.893743 1.836015 23.145727 -1.412108 0.977072
Car -1 -1 -10 861.000000 211.000000 1255.000000 376.000000 1.495651 1.587530 3.684079 2.598101 1.671329 3.563466 -1.494751 0.967173
Car -1 -1 -10 438.000000 169.000000 547.000000 224.000000 1.535762 1.608176 3.958464 -4.197678 1.482107 25.352388 0.113696 0.842608
Cyclist -1 -1 -10 670.000000 169.000000 682.000000 198.000000 1.759576 0.533054 1.733661 4.361765 1.566854 46.803076 1.731314 0.934887
Cyclist -1 -1 -10 448.000000 169.000000 541.000000 219.000000 1.772928 0.578826 1.634858 -3.831008 1.447296 24.504715 -2.776512 0.019922
