Pedestrian -1 -1 -10 743.000000 149.000000 808.000000 275.000000 1.847757 0.689995 1.053235 2.621365 1.378000 10.876369 0.808762 0.997752
Pedestrian -1 -1 -10 438.000000 147.000000 509.000000 298.000000 1.850577 0.717552 1.001548 -1.888387 1.450036 9.150120 0.257137 0.953239
Pedestrian -1 -1 -10 94.000000 174.000000 126.000000 280.000000 1.725718 0.639848 0.799088 -9.330602 1.687468 13.303540 -2.701909 0.949279
Pedestrian -1 -1 -10 74.000000 178.000000 106.000000 288.000000 1.704777 0.632981 0.747435 -9.375501 1.675868 12.918407 -2.284950 0.832096
Pedestrian -1 -1 -10 985.000000 149.000000 1002.000000 212.000000 1.732108 0.571950 0.764141 10.723049 0.857013 19.465200 1.002144 0.785110
Pedestrian -1 -1 -10 38.000000 181.000000 185.000000 364.000000 1.699840 0.624883 0.640110 -7.240089 2.049344 10.760817 1.948925 0.233382
Pedestrian -1 -1 -10 807.000000 154.000000 824.000000 184.000000 1.774142 0.694705 0.786393 12.759412 0.285338 42.682712 -1.782564 0.188746
Pedestrian -1 -1 -10 73.000000 172.000000 146.000000 334.000000 1.725697 0.633198 0.752832 -9.277085 1.568769 13.069718 0.112270 0.062931
Pedestrian -1 -1 -10 1.000000 178.000000 20.000000 250.000000 1.726755 0.590855 0.641392 -10.223047 1.434020 12.082375 -1.771658 0.036743
Pedestrian -1 -1 -10 1.000000 170.000000 22.000000 324.000000 1.706141 0.559620 0.647769 -10.200967 1.383188 12.141868 -1.790769 0.018607
Pedestrian -1 -1 -10 3.000000 190.000000 327.000000 365.000000 1.751102 0.629724 0.876442 -2.646770 1.785637 4.063177 0.086450 0.013751
Car -1 -1 -10 1.000000 193.000000 349.000000 367.000000 1.504998 1.627028 3.942692 -3.180813 1.619912 4.474972 -1.548903 0.988787
Car -1 -1 -10 38.000000 181.000000 185.000000 364.000000 1.494419 1.593383 3.806909 -3.831381 1.390545 3.070467 1.631629 0.048238
Cyclist -1 -1 -10 423.000000 145.000000 541.000000 281.000000 1.775124 0.555484 1.650720 -2.050886 1.360688 10.164328 -1.242923 0.997512
Cyclist -1 -1 -10 984.000000 150.000000 1002.000000 212.000000 1.738420 0.540307 1.795823 10.737736 0.833046 19.550078 -0.789741 0.390602
Cyclist -1 -1 -10 3.000000 190.000000 327.000000 365.000000 1.670210 0.681769 1.820840 -2.755826 1.635398 4.196048 -1.537933 0.052994
Cyclist -1 -1 -10 38.000000 181.000000 185.000000 364.000000 1.631814 0.574204 1.705534 -2.783101 1.480145 3.754443 -1.684318 0.044314
Cyclist -1 -1 -10 85.000000 176.000000 132.000000 281.000000 1.644924 0.533297 1.705773 -9.435069 1.426025 13.203825 -1.095749 0.016518
Cyclist -1 -1 -10 2.000000 165.000000 21.000000 339.000000 1.760484 0.466964 1.390014 -11.555949 1.870786 14.091271 -2.260768 0.011866
