Pedestrian -1 -1 -10 548.000000 163.000000 583.000000 259.000000 1.772313 0.625595 1.017482 -0.718699 1.523812 13.654502 -2.649810 0.999094
Pedestrian -1 -1 -10 867.000000 154.000000 951.000000 358.000000 1.744217 0.687956 0.924179 2.717389 1.495052 6.497320 -1.507424 0.998732
Pedestrian -1 -1 -10 771.000000 165.000000 843.000000 362.000000 1.701360 0.607991 0.771402 1.773849 1.512616 6.481652 -1.677430 0.998254
Pedestrian -1 -1 -10 997.000000 158.000000 1043.000000 269.000000 1.685696 0.549456 0.755412 6.201068 1.276928 10.674446 1.528525 0.996767
Pedestrian -1 -1 -10 205.000000 163.000000 279.000000 339.000000 1.745262 0.657452 0.966326 -3.751301 1.548685 7.464786 -1.966966 0.994838
Pedestrian -1 -1 -10 720.000000 165.000000 746.000000 238.000000 1.702961 0.598114 0.927805 2.950610 1.283665 16.472068 -1.812223 0.977176
Pedestrian -1 -1 -10 1134.000000 147.000000 1188.000000 263.000000 1.742216 0.679278 0.791022 8.381084 1.221301 10.769034 3.298072 0.972407
Pedestrian -1 -1 -10 954.000000 153.000000 989.000000 249.000000 1.694377 0.617451 0.725909 6.737324 1.203566 13.111999 2.474150 0.931701
Pedestrian -1 -1 -10 492.000000 172.000000 512.000000 227.000000 1.752348 0.637379 0.871041 -3.170428 1.426845 22.772235 2.463772 0.546475
Pedestrian -1 -1 -10 126.000000 172.000000 223.000000 329.000000 1.716394 0.632791 0.728843 -4.904800 1.642922 8.264221 -0.168205 0.288788
Pedestrian -1 -1 -10 1017.000000 152.000000 1037.000000 205.000000 1.737817 0.663349 0.570897 9.813227 1.009978 16.649027 1.512459 0.048314
Pedestrian -1 -1 -10 428.000000 170.000000 451.000000 223.000000 1.755081 0.714010 0.850247 -5.804123 1.487877 25.736530 -1.738811 0.044975
Car -1 -1 -10 461.000000 165.000000 539.000000 218.000000 1.910611 1.747810 4.127201 -4.103323 1.258267 26.930882 1.425992 0.039581
Car -1 -1 -10 485.000000 165.000000 522.000000 226.000000 1.911585 1.699215 4.075300 -3.799362 1.379570 27.126999 1.442850 0.018722
Car -1 -1 -10 503.000000 166.000000 545.000000 208.000000 1.525527 1.587366 3.869609 -3.758212 0.791059 34.980414 -1.548811 0.011470
Cyclist -1 -1 -10 124.000000 170.000000 222.000000 329.000000 1.704637 0.546541 1.780663 -4.995480 1.573165 8.374874 -2.500704 0.918580
Cyclist -1 -1 -10 488.000000 167.000000 526.000000 227.000000 1.720929 0.583973 1.804194 -2.898461 1.391962 22.200144 1.417492 0.322573
Cyclist -1 -1 -10 1131.000000 146.000000 1189.000000 265.000000 1.778080 0.684591 1.744682 8.477184 1.287784 11.209586 -1.013893 0.113855
Cyclist -1 -1 -10 197.000000 166.000000 281.000000 329.000000 1.820604 0.550843 1.729834 -3.875554 1.607943 7.462140 -2.426076 0.084615
Cyclist -1 -1 -10 505.000000 166.000000 539.000000 222.000000 1.723433 0.556723 1.793736 -2.563554 1.467796 22.062321 1.883450 0.048907
Cyclist -1 -1 -10 546.000000 163.000000 582.000000 262.000000 1.812211 0.580639 1.745876 -0.872569 1.518584 13.743868 -2.219263 0.015356
