Pedestrian -1 -1 -10 576.000000 170.000000 598.000000 221.000000 1.643369 0.762090 0.563959 -0.569780 1.563682 20.110938 1.589530 0.023023
Car -1 -1 -10 454.000000 172.000000 544.000000 243.000000 1.645711 1.665563 4.008716 -2.900663 1.686853 19.595288 1.578583 0.999483
Car -1 -1 -10 640.000000 176.000000 671.000000 202.000000 1.514296 1.663908 4.031071 2.640200 1.737840 44.479394 1.569152 0.999483
Car -1 -1 -10 764.000000 181.000000 997.000000 372.000000 1.542961 1.570714 3.431381 2.524694 1.706555 7.415588 -1.573661 0.998956
Car -1 -1 -10 520.000000 179.000000 567.000000 221.000000 1.489933 1.584964 3.873245 -2.622409 1.705362 27.546917 -1.529928 0.996639
Car -1 -1 -10 703.000000 185.000000 847.000000 292.000000 1.480271 1.589980 3.697067 2.500920 1.715091 12.238938 -1.482279 0.996357
Car -1 -1 -10 103.000000 172.000000 364.000000 260.000000 1.467617 1.651971 4.100658 -7.072025 1.478263 13.361683 -3.168335 0.996163
Car -1 -1 -10 760.000000 186.000000 948.000000 271.000000 1.479687 1.590516 3.897428 5.028069 1.745724 12.515042 1.391178 0.030972
Car -1 -1 -10 768.000000 187.000000 869.000000 239.000000 1.493088 1.504732 3.468851 5.802202 1.414131 19.946277 1.474305 0.012136
Car -1 -1 -10 576.000000 168.000000 598.000000 210.000000 1.570076 1.504321 3.147227 -0.326362 1.635992 24.033606 2.262741 0.010686
Cyclist -1 -1 -10 573.000000 171.000000 602.000000 235.000000 1.742943 0.590297 1.746425 -0.585743 1.719730 20.079864 1.691250 0.999651
Cyclist -1 -1 -10 576.000000 168.000000 598.000000 210.000000 1.715027 0.516062 1.384246 -0.516567 0.731489 14.834472 0.988409 0.035866
