Pedestrian -1 -1 -10 415.000000 172.000000 454.000000 206.000000 1.763909 0.631457 0.887675 -8.842398 0.903525 36.348456 -3.313113 0.013678
Car -1 -1 -10 573.000000 175.000000 612.000000 210.000000 1.542625 1.589187 3.717583 -0.733342 1.117870 35.138223 -1.603046 0.999518
Car -1 -1 -10 149.000000 184.000000 389.000000 312.000000 1.475710 1.603307 3.921086 -4.645658 1.526001 10.537104 -1.565964 0.999265
Car -1 -1 -10 393.000000 185.000000 480.000000 240.000000 1.449365 1.581639 3.784032 -4.569873 1.431678 19.831118 -1.587665 0.998852
Car -1 -1 -10 52.000000 176.000000 209.000000 247.000000 1.520721 1.605640 3.771214 -12.104971 1.387142 18.730556 -1.584846 0.995238
Car -1 -1 -10 335.000000 179.000000 404.000000 220.000000 1.498518 1.573356 3.566904 -9.083899 1.347762 27.719885 -1.580825 0.773401
Car -1 -1 -10 434.000000 179.000000 492.000000 222.000000 1.511802 1.571883 3.688202 -5.473698 1.293304 27.879677 -1.603348 0.648968
Car -1 -1 -10 412.000000 172.000000 455.000000 205.000000 1.594072 1.641563 3.763753 -9.017056 0.885969 38.430260 -1.750467 0.394399
Car -1 -1 -10 0.000000 180.000000 100.000000 315.000000 1.518651 1.618814 3.762401 -8.377293 1.588018 8.910838 -1.576357 0.055077
Car -1 -1 -10 398.000000 177.000000 464.000000 215.000000 1.527354 1.602333 3.652988 -8.919238 1.334805 37.498271 -1.789212 0.010416
