Pedestrian -1 -1 -10 401.000000 167.000000 429.000000 245.000000 1.724711 0.676762 0.727383 -4.272418 1.623808 15.853411 -1.520104 0.911006
Pedestrian -1 -1 -10 424.000000 168.000000 442.000000 244.000000 1.731706 0.731784 0.668323 -4.823001 1.327199 19.447875 -1.410801 0.107351
Pedestrian -1 -1 -10 410.000000 169.000000 450.000000 250.000000 1.720348 0.731090 0.667431 -4.784769 1.447065 19.209960 -2.281407 0.022429
Car -1 -1 -10 664.000000 179.000000 717.000000 221.000000 1.412701 1.616720 3.840098 2.855693 1.650621 26.885341 -1.579022 0.998727
Car -1 -1 -10 224.000000 183.000000 481.000000 356.000000 1.539987 1.646284 4.078948 -2.608032 1.618508 8.378031 -1.594275 0.998581
Car -1 -1 -10 404.000000 183.000000 537.000000 279.000000 1.528883 1.629886 4.018653 -2.564857 1.733354 13.483595 -1.529192 0.997751
Car -1 -1 -10 715.000000 183.000000 882.000000 300.000000 1.450536 1.605409 3.814615 2.643624 1.648438 11.102479 -1.623962 0.994972
Car -1 -1 -10 553.000000 178.000000 586.000000 209.000000 1.521940 1.620046 4.002389 -2.361799 1.868778 40.766353 -1.667894 0.991814
Car -1 -1 -10 770.000000 170.000000 1197.000000 375.000000 1.607401 1.643624 3.949039 2.461112 1.646084 5.709805 -1.559477 0.978639
Car -1 -1 -10 648.000000 179.000000 690.000000 208.000000 1.498191 1.608107 3.866478 3.121882 1.888858 39.407005 -1.655508 0.902941
Car -1 -1 -10 643.000000 179.000000 670.000000 204.000000 1.546147 1.586583 3.681537 3.116466 1.911192 39.904483 1.451014 0.255966
Car -1 -1 -10 755.000000 179.000000 971.000000 336.000000 1.537280 1.681301 4.019587 2.472273 1.531434 5.203737 -1.616887 0.016068
Cyclist -1 -1 -10 389.000000 170.000000 434.000000 246.000000 1.701942 0.736022 1.685982 -4.280540 1.381452 16.175407 -2.396022 0.154173
Cyclist -1 -1 -10 356.000000 173.000000 471.000000 243.000000 1.655474 0.667599 1.669115 -4.987873 1.301450 18.574941 2.376758 0.025806
Cyclist -1 -1 -10 401.000000 183.000000 537.000000 280.000000 1.691940 0.645430 1.933815 -2.237606 1.851101 12.412984 -1.352099 0.016095
