Pedestrian -1 -1 -10 721.000000 176.000000 734.000000 207.000000 1.683716 0.678699 0.637503 6.018641 1.659461 36.224736 -1.346597 0.020302
Car -1 -1 -10 695.000000 179.000000 828.000000 270.000000 1.443951 1.625134 3.971468 2.661409 1.556901 13.567146 -1.592545 0.999507
Car -1 -1 -10 658.000000 171.000000 708.000000 214.000000 1.481110 1.593648 3.643409 2.899421 1.563225 28.533384 -1.602167 0.997824
Car -1 -1 -10 37.000000 193.000000 374.000000 305.000000 1.517561 1.659940 4.047746 -6.103932 1.822275 10.916226 -3.104061 0.993770
Car -1 -1 -10 180.000000 182.000000 407.000000 263.000000 1.546255 1.608756 3.911651 -6.732435 1.865167 15.942854 0.008918 0.923018
Car -1 -1 -10 379.000000 181.000000 495.000000 223.000000 1.524240 1.504203 3.205061 -4.452424 1.683059 26.181567 1.347640 0.905838
Car -1 -1 -10 456.000000 176.000000 534.000000 205.000000 1.557235 1.642421 3.977682 -5.830782 1.705407 39.874783 -3.100434 0.736360
Car -1 -1 -10 413.000000 178.000000 520.000000 213.000000 1.578882 1.594425 4.077136 -6.631426 1.761278 32.099137 -3.197172 0.457637
Car -1 -1 -10 292.000000 183.000000 466.000000 230.000000 1.717083 1.727703 4.392178 -6.917593 1.765708 21.930863 -0.106205 0.047855
Car -1 -1 -10 6.000000 200.000000 222.000000 299.000000 1.595319 1.577418 3.550458 -6.781742 1.818039 10.777547 0.392599 0.033235
Car -1 -1 -10 216.000000 180.000000 357.000000 225.000000 1.639837 1.575275 3.830004 -10.001734 1.709537 22.653693 -3.096762 0.013181
Car -1 -1 -10 482.000000 175.000000 552.000000 200.000000 1.525756 1.604382 3.887102 -5.322922 1.851093 45.442191 -3.130806 0.010723
