Pedestrian -1 -1 -10 375.000000 171.000000 415.000000 286.000000 1.779077 0.646369 0.787903 -3.307128 1.600997 11.234591 1.764083 0.997290
Pedestrian -1 -1 -10 741.000000 178.000000 793.000000 315.000000 1.707338 0.658129 0.843303 2.017373 1.596915 9.388101 -1.271796 0.995660
Pedestrian -1 -1 -10 867.000000 166.000000 911.000000 287.000000 1.738973 0.623953 0.812130 4.317333 1.537228 10.786274 1.819084 0.987505
Pedestrian -1 -1 -10 642.000000 171.000000 672.000000 244.000000 1.744909 0.673172 1.015411 1.408204 1.513812 18.746021 -1.936793 0.984976
Pedestrian -1 -1 -10 914.000000 168.000000 955.000000 289.000000 1.673326 0.625148 0.656457 4.676034 1.488108 10.210293 -1.559968 0.956033
Pedestrian -1 -1 -10 715.000000 176.000000 752.000000 281.000000 1.737984 0.635825 0.794800 2.093222 1.579317 11.783303 -1.381564 0.893442
Pedestrian -1 -1 -10 295.000000 171.000000 332.000000 268.000000 1.665370 0.635260 0.701478 -4.597864 1.463364 11.407279 1.203898 0.863175
Pedestrian -1 -1 -10 781.000000 169.000000 814.000000 254.000000 1.700310 0.607845 0.736286 3.702246 1.392265 13.974123 -1.767681 0.826561
Pedestrian -1 -1 -10 687.000000 182.000000 722.000000 270.000000 1.684285 0.606225 0.731245 1.848861 1.664817 13.159342 -1.791951 0.733010
Pedestrian -1 -1 -10 766.000000 171.000000 802.000000 265.000000 1.733589 0.600201 0.664401 3.658439 1.480110 13.998277 -1.351846 0.652134
Pedestrian -1 -1 -10 732.000000 178.000000 770.000000 280.000000 1.741876 0.675608 0.773484 2.332833 1.590331 12.004285 1.367682 0.304453
Car -1 -1 -10 552.000000 181.000000 598.000000 217.000000 1.564769 1.603487 3.907575 -1.149643 1.506568 32.284636 1.642379 0.998758
Cyclist -1 -1 -10 284.000000 173.000000 340.000000 273.000000 1.736952 0.556141 1.724050 -4.568955 1.558420 11.294035 1.257301 0.615780
Cyclist -1 -1 -10 274.000000 210.000000 357.000000 287.000000 1.691040 0.577031 1.717866 -4.465570 1.798610 11.258224 1.173996 0.061628
Cyclist -1 -1 -10 866.000000 170.000000 911.000000 285.000000 1.804225 0.601683 1.746547 4.215247 1.614517 10.773244 1.872984 0.015926
