Pedestrian -1 -1 -10 98.000000 164.000000 127.000000 262.000000 1.749867 0.654106 0.748136 -12.134895 1.398754 17.742632 2.456200 0.742979
Pedestrian -1 -1 -10 75.000000 169.000000 134.000000 276.000000 1.763314 0.592992 0.635167 -11.416928 1.335597 16.663880 -1.678043 0.011782
Car -1 -1 -10 662.000000 175.000000 736.000000 237.000000 1.735927 1.716595 4.225296 2.609900 1.871737 22.950959 -1.610373 0.997774
Car -1 -1 -10 343.000000 182.000000 473.000000 238.000000 1.535490 1.561102 3.968368 -6.184158 1.839216 21.219406 -3.154433 0.989788
Car -1 -1 -10 875.000000 219.000000 1242.000000 374.000000 1.452558 1.578292 3.760005 2.883543 1.760257 3.541160 -1.621845 0.956464
Car -1 -1 -10 206.000000 185.000000 428.000000 263.000000 1.527738 1.632314 3.866309 -6.039318 1.915880 16.028198 0.654458 0.910973
Car -1 -1 -10 377.000000 174.000000 504.000000 225.000000 1.570232 1.628370 3.848841 -6.232649 1.785048 27.720563 -1.402488 0.884616
Car -1 -1 -10 634.000000 180.000000 663.000000 205.000000 1.554447 1.636244 3.931612 3.088619 2.018304 45.384997 -0.057687 0.603341
Car -1 -1 -10 647.000000 181.000000 694.000000 220.000000 1.549764 1.628340 3.910288 2.603341 1.999566 33.812397 -1.608119 0.592055
Car -1 -1 -10 467.000000 178.000000 542.000000 204.000000 1.654835 1.608050 3.812334 -5.708157 2.064693 49.431127 -3.159717 0.129144
Car -1 -1 -10 428.000000 177.000000 524.000000 213.000000 1.599315 1.633779 3.947116 -5.905882 1.833681 37.118967 -3.229031 0.092762
Car -1 -1 -10 1.000000 199.000000 167.000000 322.000000 1.665503 1.612939 3.644917 -7.415342 1.810923 10.202403 -2.158679 0.044898
Cyclist -1 -1 -10 199.000000 182.000000 408.000000 280.000000 1.669729 0.793173 1.799502 -4.577357 1.922625 11.726038 -0.292029 0.010757
