Pedestrian -1 -1 -10 427.000000 164.000000 458.000000 243.000000 1.798574 0.652318 0.918152 -3.827243 1.381988 16.165406 0.920343 0.970600
Pedestrian -1 -1 -10 408.000000 166.000000 438.000000 242.000000 1.772478 0.674758 0.971934 -4.062215 1.382703 16.077187 1.210937 0.891966
Pedestrian -1 -1 -10 401.000000 168.000000 412.000000 213.000000 1.753192 0.591316 0.773046 -7.841990 1.251929 27.807575 1.320441 0.591270
Pedestrian -1 -1 -10 405.000000 164.000000 425.000000 221.000000 1.668769 0.546192 0.574488 -5.716336 1.925047 21.368776 2.285803 0.251924
Pedestrian -1 -1 -10 411.000000 161.000000 422.000000 210.000000 1.687974 0.591961 0.594479 -7.615877 1.436385 27.859447 -1.306846 0.207561
Pedestrian -1 -1 -10 405.000000 165.000000 416.000000 213.000000 1.750105 0.566327 0.739412 -7.807301 1.235891 27.828889 0.869228 0.142350
Pedestrian -1 -1 -10 396.000000 167.000000 406.000000 210.000000 1.744736 0.555932 0.692537 -7.879161 1.126194 27.745084 -2.880006 0.037584
Pedestrian -1 -1 -10 413.000000 167.000000 433.000000 219.000000 1.668486 0.545915 0.573965 -5.715428 1.927118 21.366364 2.297791 0.036646
Pedestrian -1 -1 -10 424.000000 167.000000 445.000000 230.000000 1.784334 0.623845 0.698869 -3.827498 1.155749 16.212275 1.800061 0.019580
Car -1 -1 -10 541.000000 163.000000 585.000000 208.000000 1.821549 1.715204 3.963801 -2.090930 1.129792 33.377994 -1.718356 0.029148
Cyclist -1 -1 -10 396.000000 167.000000 420.000000 211.000000 1.775938 0.627812 1.762214 -7.987191 1.306417 27.901293 0.795607 0.047454
Cyclist -1 -1 -10 408.000000 163.000000 420.000000 210.000000 1.738748 0.595940 1.652200 -7.558991 1.283265 27.959663 -1.247602 0.012346
