Pedestrian -1 -1 -10 650.000000 163.000000 673.000000 233.000000 1.729541 0.665408 0.809526 1.494519 1.335649 18.981134 -1.882472 0.988073
Pedestrian -1 -1 -10 670.000000 165.000000 697.000000 232.000000 1.739870 0.713518 0.884707 2.201923 1.293143 19.174375 -1.565449 0.984387
Pedestrian -1 -1 -10 952.000000 208.000000 1060.000000 374.000000 1.704052 0.613484 0.626231 2.398615 1.827349 4.085730 -0.615614 0.863106
Pedestrian -1 -1 -10 466.000000 164.000000 493.000000 232.000000 1.725988 0.672371 0.982616 -3.113978 1.277257 18.348000 -1.766384 0.812780
Pedestrian -1 -1 -10 1010.000000 178.000000 1219.000000 372.000000 1.713168 0.733736 0.863363 2.560557 1.769447 3.543965 0.633438 0.460835
Pedestrian -1 -1 -10 900.000000 198.000000 1157.000000 374.000000 1.720950 0.696070 0.891505 2.336862 1.765925 3.545509 -0.709684 0.257302
Pedestrian -1 -1 -10 1068.000000 180.000000 1180.000000 342.000000 1.731096 0.640433 0.748613 5.529296 1.700862 7.142410 3.230892 0.062143
Pedestrian -1 -1 -10 547.000000 168.000000 560.000000 203.000000 1.687055 0.638843 0.852696 -2.376372 0.995114 34.896729 -1.659673 0.056700
Car -1 -1 -10 574.000000 167.000000 609.000000 192.000000 1.542068 1.628934 3.888928 -0.268591 0.912604 59.074509 -1.008299 0.011010
Cyclist -1 -1 -10 1024.000000 172.000000 1214.000000 367.000000 1.656313 0.681256 1.758463 2.790686 1.567714 3.637239 3.322409 0.303284
Cyclist -1 -1 -10 955.000000 205.000000 1068.000000 376.000000 1.665449 0.595363 1.623324 2.148271 1.738354 3.540726 -1.064697 0.198459
Cyclist -1 -1 -10 623.000000 166.000000 642.000000 201.000000 1.733731 0.573564 1.761316 1.488619 1.005822 35.786549 1.925522 0.181816
Cyclist -1 -1 -10 920.000000 195.000000 1168.000000 373.000000 1.703821 0.724409 1.639132 2.475624 1.858861 3.619792 1.669557 0.025507
Cyclist -1 -1 -10 466.000000 164.000000 493.000000 232.000000 1.814289 0.642294 1.746548 -3.208126 1.341882 18.423848 -2.116470 0.015530
Cyclist -1 -1 -10 669.000000 164.000000 697.000000 230.000000 1.788792 0.646407 1.730993 2.072455 1.307621 19.170748 -1.426787 0.014909
Cyclist -1 -1 -10 1071.000000 178.000000 1187.000000 305.000000 1.625824 0.578123 1.617706 5.950720 1.523731 7.983203 1.690612 0.013149
