Pedestrian -1 -1 -10 386.000000 175.000000 399.000000 203.000000 1.745178 0.642249 0.765500 -13.058184 1.262948 43.003112 0.765260 0.388959
Pedestrian -1 -1 -10 1004.000000 152.000000 1027.000000 215.000000 1.745950 0.634497 0.694695 10.283394 0.821445 18.101357 3.173653 0.033063
Pedestrian -1 -1 -10 1011.000000 163.000000 1036.000000 212.000000 1.701847 0.518548 0.596478 7.320792 1.608483 11.607783 3.524215 0.015188
Car -1 -1 -10 438.000000 174.000000 470.000000 202.000000 1.604121 1.621706 3.985798 -8.481648 1.346036 39.588727 1.414346 0.997149
Car -1 -1 -10 248.000000 176.000000 325.000000 221.000000 1.686445 1.654092 4.091503 -14.389444 1.688232 32.075988 1.578122 0.994315
Car -1 -1 -10 905.000000 160.000000 1062.000000 208.000000 1.464844 1.609654 3.919478 12.374678 0.891738 23.730869 0.096143 0.990979
Car -1 -1 -10 -1.000000 202.000000 293.000000 365.000000 1.537526 1.611400 3.824310 -3.148897 1.678095 3.723715 -1.568020 0.977838
Cyclist -1 -1 -10 386.000000 174.000000 398.000000 204.000000 1.777611 0.550027 1.830252 -13.149935 1.222322 43.382171 -1.411883 0.054285
Cyclist -1 -1 -10 7.000000 201.000000 276.000000 360.000000 1.670988 0.617691 1.776331 -2.703666 1.662263 3.683079 -1.574648 0.015994
Cyclist -1 -1 -10 909.000000 159.000000 1060.000000 206.000000 1.658928 0.659336 1.616642 11.795000 0.884138 23.319757 3.505953 0.013990
