Car -1 -1 -10 124.000000 191.000000 378.000000 332.000000 1.509277 1.604463 3.851141 -4.664720 1.819527 10.045323 1.583468 0.999647
Car -1 -1 -10 510.000000 178.000000 551.000000 209.000000 1.546983 1.586992 3.676380 -4.042259 1.829030 37.109637 1.595098 0.999328
Car -1 -1 -10 332.000000 186.000000 455.000000 265.000000 1.513409 1.571601 3.814399 -4.586738 1.818703 15.750247 1.586436 0.999259
Car -1 -1 -10 783.000000 183.000000 975.000000 299.000000 1.452336 1.612893 3.756527 3.772100 1.626178 10.790000 -1.581635 0.999007
Car -1 -1 -10 405.000000 184.000000 496.000000 239.000000 1.444944 1.606773 4.017365 -4.582505 1.785023 21.147123 1.576059 0.998466
Car -1 -1 -10 725.000000 180.000000 850.000000 255.000000 1.431493 1.635796 3.991869 3.684699 1.595883 15.914344 -1.564866 0.996458
Car -1 -1 -10 703.000000 177.000000 781.000000 232.000000 1.516355 1.609938 3.825853 3.793077 1.696201 21.120688 -1.540959 0.995031
Car -1 -1 -10 912.000000 194.000000 1240.000000 375.000000 1.488346 1.662816 4.067087 3.853009 1.690321 5.171005 -1.543415 0.983889
Car -1 -1 -10 694.000000 176.000000 752.000000 220.000000 1.526829 1.558575 3.458720 4.047647 1.757650 26.787566 -1.546495 0.958997
Car -1 -1 -10 529.000000 176.000000 564.000000 204.000000 1.530336 1.592787 3.928521 -3.793760 1.809700 41.654644 1.680039 0.895155
Car -1 -1 -10 688.000000 176.000000 728.000000 212.000000 1.535731 1.622251 3.983281 4.303811 1.726345 32.224631 -1.575076 0.296747
Car -1 -1 -10 914.000000 171.000000 985.000000 202.000000 1.517059 1.639432 3.860004 12.304970 1.095429 27.354623 -0.541867 0.091271
