Car -1 -1 -10 466.000000 171.000000 545.000000 233.000000 1.685136 1.664715 4.034419 -3.098868 1.648642 21.743514 1.563932 0.999749
Car -1 -1 -10 727.000000 179.000000 887.000000 320.000000 1.554697 1.575821 3.356239 2.432688 1.677862 9.562135 -1.537236 0.999594
Car -1 -1 -10 520.000000 174.000000 567.000000 215.000000 1.472622 1.583796 3.766861 -2.834573 1.647436 29.641804 -1.525404 0.997143
Car -1 -1 -10 688.000000 183.000000 795.000000 269.000000 1.494009 1.553253 3.573945 2.376317 1.668398 14.246140 -1.489461 0.994848
Car -1 -1 -10 150.000000 170.000000 387.000000 245.000000 1.484567 1.629701 4.077357 -7.134476 1.431048 15.391619 -3.163099 0.993318
Car -1 -1 -10 0.000000 229.000000 195.000000 371.000000 1.514440 1.635096 3.813610 -2.886807 1.680529 2.033984 -1.588637 0.951998
Car -1 -1 -10 1.000000 239.000000 72.000000 370.000000 1.503570 1.602571 3.766387 -2.555720 1.534982 1.102482 -1.621111 0.032667
Car -1 -1 -10 748.000000 183.000000 868.000000 263.000000 1.501054 1.630029 3.894657 5.361133 1.279071 13.900440 1.232558 0.029811
Cyclist -1 -1 -10 582.000000 168.000000 604.000000 222.000000 1.747838 0.623938 1.766302 -0.616187 1.622617 24.907402 1.618428 0.998709
Cyclist -1 -1 -10 579.000000 169.000000 600.000000 200.000000 1.703341 0.518459 1.390336 -0.507786 0.902000 16.896112 0.989207 0.017432
