Car -1 -1 -10 444.000000 180.000000 501.000000 232.000000 1.565103 1.661790 3.741853 -4.609180 1.436066 24.178157 -1.740328 0.999572
Car -1 -1 -10 539.000000 177.000000 620.000000 243.000000 1.576142 1.640982 3.746390 -0.974454 1.446218 19.895496 -1.740410 0.999320
Car -1 -1 -10 79.000000 190.000000 284.000000 292.000000 1.464535 1.605818 3.889822 -7.029021 1.594925 12.304956 -1.723483 0.999143
Car -1 -1 -10 247.000000 184.000000 352.000000 241.000000 1.456534 1.622196 4.024972 -8.737311 1.493398 20.832280 -1.757687 0.997225
Car -1 -1 -10 348.000000 183.000000 398.000000 218.000000 1.450756 1.649852 4.144655 -10.676203 1.402878 32.687661 -1.753035 0.997128
Car -1 -1 -10 -1.000000 203.000000 73.000000 354.000000 1.538032 1.640878 3.834075 -6.288197 1.779582 5.659863 -1.671147 0.262180
Car -1 -1 -10 1.000000 169.000000 90.000000 282.000000 1.520994 1.618181 3.827367 -10.669905 1.686385 14.080659 -2.324404 0.168276
Car -1 -1 -10 380.000000 182.000000 414.000000 211.000000 1.511622 1.577885 3.842621 -12.019872 1.266227 41.299634 -1.858909 0.164684
Car -1 -1 -10 143.000000 189.000000 214.000000 216.000000 1.526033 1.518921 3.278547 -12.809460 1.363130 20.813739 1.046398 0.063536
Car -1 -1 -10 305.000000 183.000000 343.000000 209.000000 1.428321 1.525822 3.569250 -6.002629 0.630211 15.397774 0.311218 0.035102
Car -1 -1 -10 177.000000 189.000000 242.000000 215.000000 1.526436 1.578549 3.723802 -19.225363 1.113961 33.260717 1.519492 0.019900
