Pedestrian -1 -1 -10 907.000000 136.000000 989.000000 332.000000 1.785402 0.698971 0.998318 3.418287 1.406505 7.084665 1.452257 0.998945
Pedestrian -1 -1 -10 622.000000 143.000000 690.000000 354.000000 1.682535 0.630236 0.709754 0.533910 1.407231 6.581849 1.189195 0.998411
Pedestrian -1 -1 -10 756.000000 153.000000 823.000000 339.000000 1.696631 0.551608 0.574884 1.742565 1.222940 6.829142 0.854732 0.995789
Pedestrian -1 -1 -10 798.000000 150.000000 906.000000 366.000000 1.667861 0.564159 0.662519 1.327535 1.524251 3.606133 0.893623 0.968641
Pedestrian -1 -1 -10 536.000000 150.000000 556.000000 206.000000 1.711431 0.618089 0.740539 -1.736923 0.696855 20.643464 0.479849 0.943214
Pedestrian -1 -1 -10 635.000000 143.000000 658.000000 202.000000 1.756329 0.668937 0.555805 1.230815 0.602408 22.114741 1.324779 0.924236
Pedestrian -1 -1 -10 1030.000000 161.000000 1230.000000 369.000000 1.709764 0.621836 0.677149 1.567150 1.563625 2.023267 -0.834158 0.889059
Pedestrian -1 -1 -10 824.000000 142.000000 888.000000 317.000000 1.696194 0.583748 0.795472 2.533998 1.190356 7.037173 0.864409 0.831904
Pedestrian -1 -1 -10 245.000000 132.000000 275.000000 261.000000 1.777957 0.626525 0.833365 -5.847449 1.139415 11.783976 0.121609 0.679866
Pedestrian -1 -1 -10 520.000000 141.000000 539.000000 200.000000 1.724853 0.614585 0.931481 -2.119236 0.547824 20.166397 -2.736318 0.662271
Pedestrian -1 -1 -10 256.000000 134.000000 285.000000 250.000000 1.792262 0.603197 0.800069 -5.752253 0.999978 11.926829 0.144698 0.494965
Pedestrian -1 -1 -10 234.000000 126.000000 265.000000 279.000000 1.652299 0.536239 0.575089 -4.935997 1.838902 10.076952 2.086306 0.070430
Pedestrian -1 -1 -10 628.000000 149.000000 664.000000 249.000000 1.647951 0.559084 0.598927 1.371866 1.554347 20.486290 2.525851 0.068471
Pedestrian -1 -1 -10 516.000000 143.000000 531.000000 186.000000 1.723433 0.580272 0.666892 -3.658695 0.319326 29.976860 1.948028 0.046990
Pedestrian -1 -1 -10 547.000000 146.000000 561.000000 187.000000 1.714573 0.629521 0.639827 -2.013821 0.313242 28.872355 1.496747 0.045057
Pedestrian -1 -1 -10 238.000000 136.000000 306.000000 245.000000 1.786998 0.627264 1.034277 -5.576625 1.053338 11.785200 0.124820 0.032439
Pedestrian -1 -1 -10 351.000000 141.000000 386.000000 206.000000 1.718772 0.653677 0.646152 -5.594553 1.352075 17.224253 -1.875903 0.017978
Pedestrian -1 -1 -10 859.000000 146.000000 962.000000 346.000000 1.634293 0.523784 0.760234 4.669335 2.025448 10.580088 0.451456 0.010210
Car -1 -1 -10 1039.000000 156.000000 1226.000000 368.000000 1.501346 1.580857 3.790489 1.058047 1.078931 3.077529 -0.942438 0.016435
Cyclist -1 -1 -10 341.000000 141.000000 389.000000 209.000000 1.675077 0.494287 1.356105 -4.480673 0.619014 12.964697 0.655247 0.754955
Cyclist -1 -1 -10 286.000000 146.000000 352.000000 202.000000 1.753909 0.518270 1.542172 -8.173487 0.625567 20.128299 0.666232 0.267803
Cyclist -1 -1 -10 315.000000 144.000000 369.000000 200.000000 1.745762 0.568946 1.602953 -7.902808 0.404507 21.214508 0.618949 0.125084
Cyclist -1 -1 -10 238.000000 136.000000 306.000000 245.000000 1.813103 0.590120 1.804983 -5.751493 1.054175 11.829985 0.653507 0.101932
Cyclist -1 -1 -10 633.000000 143.000000 659.000000 206.000000 1.784507 0.601278 1.701851 1.290228 0.677034 22.121626 1.207642 0.094955
Cyclist -1 -1 -10 268.000000 140.000000 319.000000 214.000000 1.734441 0.585492 1.708788 -7.866190 0.570630 17.454537 0.582681 0.089705
Cyclist -1 -1 -10 309.000000 141.000000 343.000000 197.000000 1.684171 0.611576 1.668792 -8.108616 0.987081 20.125419 -1.905614 0.080187
Cyclist -1 -1 -10 1037.000000 152.000000 1224.000000 365.000000 1.715402 0.674888 1.694061 1.654639 1.432914 2.036615 -0.844055 0.068000
Cyclist -1 -1 -10 799.000000 145.000000 905.000000 355.000000 1.668378 0.721481 1.796247 1.391124 1.478962 3.486865 1.220217 0.055558
Cyclist -1 -1 -10 254.000000 133.000000 285.000000 250.000000 1.828680 0.608687 1.711297 -5.833990 1.020466 11.827093 0.589280 0.034625
Cyclist -1 -1 -10 536.000000 146.000000 557.000000 203.000000 1.745360 0.503747 1.709210 -1.816339 0.743630 20.708864 -2.187594 0.020915
Cyclist -1 -1 -10 244.000000 132.000000 272.000000 261.000000 1.756648 0.596916 1.641708 -5.785928 1.406562 11.703017 0.554163 0.019514
