Car -1 -1 -10 557.000000 178.000000 613.000000 231.000000 1.512780 1.628073 3.390697 -0.738430 1.404252 24.241013 -1.618715 0.999522
Car -1 -1 -10 454.000000 177.000000 528.000000 238.000000 1.615785 1.694351 4.043543 -3.404987 1.472270 21.561014 -1.590275 0.999024
Car -1 -1 -10 39.000000 168.000000 417.000000 373.000000 1.537423 1.628043 3.899453 -3.167778 1.447079 6.998840 -1.580065 0.998205
Car -1 -1 -10 393.000000 185.000000 451.000000 215.000000 1.478826 1.596155 3.775531 -8.309413 1.346926 32.504725 -1.614588 0.516382
Car -1 -1 -10 0.000000 191.000000 107.000000 323.000000 1.505869 1.622548 3.622205 -7.585917 2.006466 10.559949 1.710996 0.415145
Car -1 -1 -10 359.000000 181.000000 406.000000 208.000000 1.532441 1.588723 3.795163 -12.816777 1.211125 40.770629 1.416029 0.331723
Car -1 -1 -10 502.000000 183.000000 541.000000 215.000000 1.499141 1.589623 3.727555 -4.239153 1.397426 34.800872 -1.591227 0.176287
Car -1 -1 -10 206.000000 181.000000 386.000000 265.000000 1.583345 1.621880 3.931471 -7.944873 1.306107 19.983285 -1.473141 0.121414
Car -1 -1 -10 6.000000 185.000000 230.000000 362.000000 1.478588 1.580340 3.750931 -2.721510 1.494435 6.312407 0.289080 0.075444
Car -1 -1 -10 307.000000 180.000000 367.000000 216.000000 1.507970 1.570147 3.656073 -17.177929 0.989997 43.526054 1.752466 0.028394
Car -1 -1 -10 253.000000 178.000000 369.000000 240.000000 1.605536 1.633851 3.981792 -7.802379 1.435722 19.619414 -1.519213 0.024587
