Pedestrian -1 -1 -10 110.000000 162.000000 172.000000 311.000000 1.711070 0.684140 0.784838 -4.743255 1.565372 7.305328 -1.817535 0.969890
Pedestrian -1 -1 -10 214.000000 166.000000 248.000000 293.000000 1.722987 0.701925 0.589827 -5.398192 1.411666 10.082533 2.087547 0.742359
Pedestrian -1 -1 -10 241.000000 169.000000 270.000000 266.000000 1.696228 0.518977 0.575835 -6.337542 1.520760 13.557091 2.537062 0.515588
Pedestrian -1 -1 -10 183.000000 173.000000 287.000000 316.000000 1.762318 0.651611 0.816878 -5.355814 1.482518 9.753014 0.083693 0.224227
Pedestrian -1 -1 -10 135.000000 176.000000 391.000000 335.000000 1.671830 0.816377 0.804561 -2.907322 1.812808 6.684846 1.585089 0.165185
Pedestrian -1 -1 -10 233.000000 174.000000 305.000000 261.000000 1.671172 0.589092 0.555604 -2.595503 1.665625 5.394098 2.152393 0.123468
Pedestrian -1 -1 -10 62.000000 182.000000 214.000000 340.000000 1.733429 0.834795 0.609233 -4.778207 1.782542 7.305138 1.063518 0.072479
Pedestrian -1 -1 -10 253.000000 167.000000 273.000000 242.000000 1.632701 0.595380 0.616071 -6.644242 0.975874 14.013555 -0.379835 0.032747
Pedestrian -1 -1 -10 8.000000 202.000000 361.000000 369.000000 1.734312 0.647168 0.812659 -2.295830 1.847303 3.784998 -2.598966 0.025482
Pedestrian -1 -1 -10 237.000000 184.000000 370.000000 257.000000 1.746009 0.685733 0.646029 -8.086965 1.952063 19.816969 -1.795615 0.010943
Car -1 -1 -10 666.000000 175.000000 765.000000 247.000000 1.469504 1.626864 3.917543 2.275108 1.538912 16.811318 -1.610838 0.998551
Car -1 -1 -10 510.000000 176.000000 555.000000 217.000000 1.557741 1.651235 3.791340 -3.244718 1.765043 30.341118 -1.643121 0.997752
Car -1 -1 -10 638.000000 175.000000 693.000000 216.000000 1.557667 1.634174 3.941076 2.124532 1.690310 29.351133 -1.693460 0.994201
Car -1 -1 -10 0.000000 205.000000 369.000000 372.000000 1.502052 1.618097 3.823742 -2.788098 1.640646 3.483391 -1.552239 0.989080
Car -1 -1 -10 134.000000 189.000000 404.000000 337.000000 1.477399 1.617055 3.898535 -3.433157 1.664830 7.701933 -1.606955 0.727050
Car -1 -1 -10 626.000000 175.000000 667.000000 208.000000 1.589461 1.628884 3.890420 1.932709 1.794085 35.535914 -1.616499 0.667028
Car -1 -1 -10 539.000000 178.000000 565.000000 205.000000 1.587737 1.635818 3.847012 -3.115483 2.028673 44.487005 -1.656395 0.421796
Car -1 -1 -10 233.000000 187.000000 369.000000 247.000000 1.543160 1.584380 3.865490 -8.979104 1.901252 21.161471 -3.406879 0.200318
Car -1 -1 -10 62.000000 182.000000 214.000000 340.000000 1.526131 1.548669 3.325567 -4.891880 1.619557 7.665659 -1.491557 0.044294
Car -1 -1 -10 622.000000 173.000000 653.000000 199.000000 1.736133 1.669392 4.031485 1.932826 1.740892 45.867247 -1.569802 0.028522
Car -1 -1 -10 191.000000 178.000000 352.000000 283.000000 1.390742 1.526675 3.324549 -8.762933 1.003621 18.845976 0.319207 0.016367
Cyclist -1 -1 -10 160.000000 186.000000 372.000000 337.000000 1.617840 0.563185 1.796848 -2.904579 1.735755 6.697262 -1.499679 0.170947
Cyclist -1 -1 -10 48.000000 191.000000 235.000000 326.000000 1.688353 0.526188 1.522786 -8.448974 1.375353 13.668265 -0.071722 0.135926
Cyclist -1 -1 -10 207.000000 182.000000 359.000000 251.000000 1.790244 0.653432 1.762126 -8.653558 1.888429 19.826861 -3.057629 0.113765
Cyclist -1 -1 -10 251.000000 178.000000 296.000000 254.000000 1.668424 0.519225 1.580683 -9.451751 1.608037 19.927053 -1.413947 0.052132
Cyclist -1 -1 -10 183.000000 173.000000 287.000000 316.000000 1.728018 0.692182 1.709779 -5.244783 1.362948 9.848496 0.093661 0.028819
Cyclist -1 -1 -10 95.000000 159.000000 181.000000 318.000000 1.659451 0.712269 1.777676 -4.869036 1.364155 7.591631 -2.202456 0.023056
Cyclist -1 -1 -10 238.000000 171.000000 276.000000 259.000000 1.689180 0.490605 1.506199 -7.633927 1.416785 16.289245 -2.653272 0.016817
Cyclist -1 -1 -10 8.000000 202.000000 361.000000 369.000000 1.661856 0.657100 1.793306 -2.355835 1.705598 3.791308 -1.553712 0.016510
