Pedestrian -1 -1 -10 636.000000 156.000000 663.000000 230.000000 1.708569 0.627882 0.846512 1.094611 1.109909 17.435454 1.249514 0.989869
Pedestrian -1 -1 -10 81.000000 157.000000 188.000000 374.000000 1.728996 0.742523 0.945241 -3.950841 1.583846 6.071507 -2.135876 0.987939
Pedestrian -1 -1 -10 9.000000 161.000000 109.000000 369.000000 1.737374 0.697151 0.894192 -4.601905 1.620189 5.955760 0.895216 0.922591
Pedestrian -1 -1 -10 2.000000 164.000000 61.000000 356.000000 1.801461 0.668694 0.841265 -5.538555 1.655763 6.888460 1.359710 0.870999
Pedestrian -1 -1 -10 492.000000 167.000000 509.000000 214.000000 1.765576 0.707621 0.901676 -3.861479 1.261320 26.741311 -1.758342 0.788602
Pedestrian -1 -1 -10 474.000000 168.000000 492.000000 215.000000 1.668869 0.613511 0.683476 -4.425720 1.108759 26.501777 -2.198594 0.650241
Pedestrian -1 -1 -10 352.000000 167.000000 375.000000 220.000000 1.724245 0.622527 0.886730 -7.940982 1.259890 23.930526 -2.275753 0.278060
Pedestrian -1 -1 -10 43.000000 174.000000 147.000000 361.000000 1.750327 0.593604 0.902286 -4.389894 1.596935 6.099806 1.886414 0.259386
Pedestrian -1 -1 -10 442.000000 167.000000 452.000000 198.000000 1.754733 0.629486 0.745024 -9.101631 1.049788 42.464974 1.006101 0.217106
Pedestrian -1 -1 -10 1.000000 159.000000 29.000000 362.000000 1.727641 0.618591 0.689555 -5.723732 1.451592 6.979563 -0.143360 0.181779
Pedestrian -1 -1 -10 28.000000 163.000000 76.000000 265.000000 1.748716 0.693487 0.674796 -10.204490 1.172892 13.330268 -1.972426 0.099641
Pedestrian -1 -1 -10 82.000000 173.000000 335.000000 335.000000 1.612807 0.758073 0.790237 -4.334047 1.886336 8.680771 -0.478406 0.067692
Pedestrian -1 -1 -10 89.000000 162.000000 134.000000 354.000000 1.798067 0.654323 0.725448 -5.243786 1.530780 7.629040 0.428153 0.052880
Pedestrian -1 -1 -10 415.000000 168.000000 425.000000 194.000000 1.782658 0.696325 0.806250 -13.854648 1.125694 55.104156 -1.330795 0.017768
Pedestrian -1 -1 -10 116.000000 183.000000 202.000000 329.000000 1.778366 0.676360 0.680758 -4.435076 1.566897 7.096726 -2.613453 0.013527
Car -1 -1 -10 131.000000 180.000000 355.000000 319.000000 1.582936 1.602972 3.903481 -4.740628 1.614936 10.206791 1.450351 0.995001
Car -1 -1 -10 81.000000 169.000000 208.000000 339.000000 1.598770 1.558028 3.336390 -3.971721 1.425550 7.147995 -2.164220 0.045883
Cyclist -1 -1 -10 367.000000 160.000000 434.000000 282.000000 1.762903 0.590926 1.730168 -3.201024 1.492444 11.351912 1.481495 0.999479
Cyclist -1 -1 -10 350.000000 167.000000 375.000000 220.000000 1.809455 0.571396 1.747968 -8.054693 1.355070 23.954948 -2.247344 0.520188
Cyclist -1 -1 -10 474.000000 167.000000 493.000000 215.000000 1.746347 0.580469 1.713902 -4.422471 1.147942 26.606100 1.393595 0.080132
Cyclist -1 -1 -10 78.000000 174.000000 212.000000 353.000000 1.773474 0.615675 1.697636 -4.043007 1.590670 6.051392 -2.588053 0.032622
Cyclist -1 -1 -10 0.000000 162.000000 78.000000 354.000000 1.680011 0.512118 1.694174 -5.001083 1.525234 6.459633 1.315135 0.027038
