Pedestrian -1 -1 -10 462.000000 170.000000 473.000000 197.000000 1.707682 0.596546 0.639637 -7.459390 1.125043 36.471828 0.379379 0.048951
Car -1 -1 -10 440.000000 177.000000 507.000000 225.000000 1.522190 1.609898 3.855849 -4.698098 1.726714 25.324018 1.512301 0.998994
Car -1 -1 -10 674.000000 176.000000 757.000000 240.000000 1.497112 1.635683 3.960565 2.524716 1.595740 18.620758 -1.588623 0.998200
Car -1 -1 -10 2.000000 190.000000 305.000000 373.000000 1.496904 1.620062 3.940569 -4.482802 1.749658 6.910112 1.536352 0.997661
Car -1 -1 -10 801.000000 192.000000 1142.000000 377.000000 1.451851 1.573962 3.657619 2.894433 1.688850 6.593897 -1.563199 0.997006
Car -1 -1 -10 739.000000 179.000000 915.000000 304.000000 1.501735 1.591276 3.646837 3.041490 1.674376 10.710189 -1.630507 0.983387
Car -1 -1 -10 660.000000 176.000000 723.000000 224.000000 1.537498 1.597094 3.786612 2.677620 1.620596 24.933778 -1.600250 0.945034
Car -1 -1 -10 649.000000 174.000000 689.000000 210.000000 1.552026 1.601259 3.876227 2.652767 1.628522 33.356842 1.537686 0.714090
Car -1 -1 -10 472.000000 173.000000 521.000000 215.000000 1.629362 1.612306 3.785402 -4.754151 1.702556 30.827319 1.542787 0.566224
Car -1 -1 -10 190.000000 174.000000 350.000000 232.000000 1.544127 1.602041 4.036346 -9.721961 1.595676 20.554340 0.064625 0.520471
Car -1 -1 -10 497.000000 172.000000 536.000000 207.000000 1.724066 1.646576 4.241654 -4.570664 1.728687 36.576497 1.581629 0.269509
