Car -1 -1 -10 601.000000 176.000000 679.000000 249.000000 1.539812 1.661937 3.688194 0.793901 1.345483 17.642859 -1.530724 0.999392
Car -1 -1 -10 136.000000 185.000000 399.000000 322.000000 1.485642 1.644881 4.114795 -4.375935 1.479354 10.039217 -1.598518 0.999171
Car -1 -1 -10 60.000000 182.000000 195.000000 247.000000 1.463528 1.564494 3.612958 -12.222877 1.456830 18.771791 -1.567188 0.994307
Car -1 -1 -10 650.000000 180.000000 689.000000 208.000000 1.503394 1.568918 3.662855 3.885051 1.228216 41.136136 -1.401621 0.751212
Car -1 -1 -10 0.000000 186.000000 71.000000 309.000000 1.503994 1.626329 3.815565 -8.089937 1.736569 8.056716 -1.627201 0.521424
Car -1 -1 -10 487.000000 175.000000 537.000000 202.000000 1.523844 1.602274 3.699731 -5.337627 0.898663 42.076875 -1.626686 0.125129
Car -1 -1 -10 320.000000 178.000000 372.000000 221.000000 1.483897 1.600170 3.890287 -8.113573 1.137135 24.921016 -1.304373 0.117096
Car -1 -1 -10 153.000000 172.000000 224.000000 199.000000 1.579448 1.601345 3.723336 -22.615702 1.384002 39.408188 1.514814 0.063953
Car -1 -1 -10 617.000000 167.000000 654.000000 194.000000 1.527689 1.608081 3.866199 2.095150 0.206133 63.561599 2.554468 0.043193
Car -1 -1 -10 449.000000 167.000000 541.000000 207.000000 1.599387 1.640450 3.806138 -5.740445 1.044612 41.296549 -1.711235 0.011950
Car -1 -1 -10 240.000000 177.000000 326.000000 215.000000 1.536148 1.594801 4.047097 -11.663740 1.079330 26.362131 -1.504905 0.011675
