Pedestrian -1 -1 -10 453.000000 174.000000 468.000000 207.000000 1.814446 0.595753 0.916255 -9.319541 1.506556 43.994245 0.394091 0.484567
Pedestrian -1 -1 -10 508.000000 171.000000 517.000000 202.000000 1.738785 0.664583 0.785574 -5.949404 1.110510 45.023096 -2.169524 0.120411
Pedestrian -1 -1 -10 595.000000 168.000000 608.000000 197.000000 1.811238 0.637749 0.885393 -0.366286 1.032059 46.624377 1.175164 0.032965
Pedestrian -1 -1 -10 569.000000 173.000000 581.000000 200.000000 1.749243 0.607405 0.879145 -2.077562 1.104011 44.996982 -2.685087 0.032851
Car -1 -1 -10 517.000000 177.000000 554.000000 205.000000 1.454068 1.594552 3.874040 -3.829054 1.247747 39.135929 -1.629576 0.990603
Car -1 -1 -10 930.000000 147.000000 1068.000000 191.000000 1.589790 1.619790 4.057864 13.908381 0.366453 25.005288 3.106842 0.967351
Cyclist -1 -1 -10 383.000000 179.000000 410.000000 214.000000 1.714674 0.472584 1.663775 -10.490005 1.721233 35.580212 -1.519810 0.964687
Cyclist -1 -1 -10 641.000000 169.000000 675.000000 197.000000 1.738059 0.715782 1.834927 3.224481 1.001932 44.033476 0.103180 0.598810
Cyclist -1 -1 -10 586.000000 171.000000 617.000000 198.000000 1.706952 0.656370 1.822455 -0.305805 0.994568 46.812816 -0.032118 0.075162
Cyclist -1 -1 -10 454.000000 174.000000 470.000000 207.000000 1.732756 0.729314 1.640677 -9.265914 1.896716 43.753963 0.356545 0.014131
