Car -1 -1 -10 693.000000 184.000000 806.000000 264.000000 1.410480 1.631421 3.977186 2.741016 1.655395 15.002164 -1.564419 0.999646
Car -1 -1 -10 551.000000 176.000000 587.000000 203.000000 1.429687 1.570807 3.563586 -2.119938 1.635545 38.870663 1.617279 0.998278
Car -1 -1 -10 -5.000000 176.000000 319.000000 326.000000 1.576845 1.639556 4.076233 -6.077795 1.683348 8.849469 0.036570 0.995736
Car -1 -1 -10 673.000000 179.000000 725.000000 223.000000 1.459485 1.592927 3.857270 2.985136 1.671610 24.100205 -1.573703 0.988113
Car -1 -1 -10 348.000000 174.000000 498.000000 230.000000 1.571036 1.602727 4.146670 -5.840215 1.795223 23.878105 -3.180830 0.984601
Car -1 -1 -10 267.000000 174.000000 445.000000 245.000000 1.505676 1.629113 4.004126 -5.829380 1.441485 16.099680 0.038050 0.960194
Car -1 -1 -10 414.000000 174.000000 513.000000 215.000000 1.581632 1.633841 4.084006 -5.735272 1.571426 30.680836 -3.248690 0.881066
Car -1 -1 -10 647.000000 171.000000 681.000000 199.000000 1.531423 1.618009 3.781663 3.061552 1.583722 42.661855 -1.629871 0.876580
Car -1 -1 -10 480.000000 174.000000 548.000000 200.000000 1.515632 1.615391 3.926092 -5.702061 1.635736 46.027947 -0.050628 0.806826
Car -1 -1 -10 194.000000 171.000000 391.000000 263.000000 1.620261 1.650391 4.140185 -6.407628 1.478364 15.841164 -0.315721 0.255352
