Pedestrian -1 -1 -10 309.000000 163.000000 342.000000 270.000000 1.724759 0.666907 0.676355 -4.568557 1.605035 11.664565 -1.595458 0.967536
Pedestrian -1 -1 -10 354.000000 170.000000 386.000000 282.000000 1.669096 0.658404 0.691413 -4.826961 1.398512 14.427405 -1.546740 0.818938
Pedestrian -1 -1 -10 311.000000 168.000000 374.000000 276.000000 1.719135 0.686930 0.590502 -4.711723 1.426071 12.685475 -2.415970 0.404034
Pedestrian -1 -1 -10 348.000000 175.000000 422.000000 279.000000 1.722948 0.628307 0.639304 -4.629355 1.475605 14.054504 2.284857 0.185796
Pedestrian -1 -1 -10 998.000000 93.000000 1098.000000 299.000000 1.695017 0.512271 0.581085 7.316797 1.600425 11.460798 3.547979 0.140930
Pedestrian -1 -1 -10 281.000000 173.000000 350.000000 277.000000 1.733845 0.668405 0.669693 -4.557784 1.657896 11.637021 -1.643310 0.072278
Pedestrian -1 -1 -10 307.000000 180.000000 477.000000 272.000000 1.717531 0.752297 0.855800 -3.091468 1.774665 12.213365 -1.914657 0.058475
Car -1 -1 -10 662.000000 180.000000 730.000000 232.000000 1.407324 1.626087 3.824365 2.449591 1.616385 21.923486 -1.596888 0.999000
Car -1 -1 -10 763.000000 183.000000 1195.000000 376.000000 1.477622 1.619582 3.936809 2.546061 1.662363 6.197786 -1.612775 0.998386
Car -1 -1 -10 532.000000 179.000000 569.000000 214.000000 1.551869 1.641243 3.896843 -2.955857 1.885703 35.651641 -1.643508 0.996201
Car -1 -1 -10 189.000000 192.000000 490.000000 361.000000 1.499560 1.616682 3.882115 -2.759113 1.676777 8.332270 -1.508925 0.992037
Car -1 -1 -10 -12.000000 199.000000 346.000000 375.000000 1.479216 1.586114 3.737696 -2.718257 1.639635 3.574098 -1.640193 0.956636
Car -1 -1 -10 639.000000 179.000000 689.000000 213.000000 1.502004 1.621400 3.842934 2.502171 1.788877 34.455110 -1.672715 0.954883
Car -1 -1 -10 338.000000 187.000000 488.000000 265.000000 1.527876 1.619686 3.885638 -3.592189 1.793404 12.596046 -1.532610 0.777710
Car -1 -1 -10 632.000000 179.000000 666.000000 206.000000 1.524243 1.504204 3.205060 1.801140 2.636636 50.370189 1.636833 0.468876
Car -1 -1 -10 254.000000 186.000000 460.000000 293.000000 1.505537 1.576851 3.908071 -3.875634 1.735315 12.194848 1.788593 0.086593
Car -1 -1 -10 1119.000000 216.000000 1239.000000 368.000000 1.524240 1.504203 3.205061 2.469125 1.407220 2.845333 2.251529 0.074294
Car -1 -1 -10 348.000000 175.000000 422.000000 279.000000 1.550214 1.621321 3.907292 -4.100206 1.026311 14.832722 0.865230 0.019958
Cyclist -1 -1 -10 348.000000 185.000000 485.000000 267.000000 1.643786 0.666467 1.759088 -3.075039 1.664042 12.344484 -1.393392 0.160163
Cyclist -1 -1 -10 348.000000 174.000000 403.000000 280.000000 1.656016 0.604647 1.700915 -4.849266 1.318100 14.488993 -1.940582 0.073181
Cyclist -1 -1 -10 287.000000 172.000000 352.000000 278.000000 1.646638 0.699197 1.690574 -4.808990 1.409067 11.921965 -2.449330 0.042091
Cyclist -1 -1 -10 180.000000 192.000000 494.000000 355.000000 1.666821 0.734635 1.841156 -2.306045 1.827414 7.082960 -1.410017 0.010785
