Pedestrian -1 -1 -10 1162.000000 162.000000 1237.000000 296.000000 1.643003 0.594793 0.621464 9.804889 0.972391 11.870466 0.750424 0.033686
Pedestrian -1 -1 -10 1145.000000 181.000000 1240.000000 376.000000 1.726108 0.632180 0.760419 4.470994 2.065462 5.145241 1.178799 0.015628
Car -1 -1 -10 630.000000 178.000000 683.000000 221.000000 1.440024 1.612797 3.904056 1.705864 1.756668 28.100698 -1.642570 0.999014
Car -1 -1 -10 782.000000 168.000000 1034.000000 279.000000 1.688581 1.663837 4.114770 5.411139 1.755109 12.898601 -0.090964 0.989380
Car -1 -1 -10 1014.000000 186.000000 1235.000000 359.000000 1.509362 1.601306 3.850120 6.297184 1.698140 7.109799 0.022683 0.988253
Car -1 -1 -10 868.000000 188.000000 1187.000000 313.000000 1.574447 1.595598 4.000521 5.933106 1.764616 9.708703 3.093525 0.985427
Car -1 -1 -10 301.000000 179.000000 450.000000 231.000000 1.523973 1.573763 4.284563 -7.056808 1.745584 22.426961 -3.122490 0.984810
Car -1 -1 -10 0.000000 155.000000 298.000000 306.000000 1.928989 1.771489 4.218429 -7.029030 1.726598 11.324435 -0.104417 0.980409
Car -1 -1 -10 367.000000 180.000000 474.000000 225.000000 1.491903 1.594381 3.966602 -6.906783 1.722122 25.084471 -2.993693 0.740840
Car -1 -1 -10 614.000000 175.000000 649.000000 202.000000 1.538260 1.600828 3.759417 1.554351 1.923543 42.978960 -1.539066 0.583673
Car -1 -1 -10 1147.000000 192.000000 1242.000000 375.000000 1.514780 1.625346 3.941507 5.550599 1.748252 4.038773 0.087661 0.579493
Car -1 -1 -10 460.000000 178.000000 510.000000 203.000000 1.559727 1.654487 3.916078 -6.457076 1.236375 36.918783 1.473088 0.109407
Cyclist -1 -1 -10 461.000000 175.000000 500.000000 245.000000 1.720830 0.607836 1.772005 -3.386744 1.822432 18.574785 1.531968 0.998667
Cyclist -1 -1 -10 464.000000 179.000000 507.000000 215.000000 1.787567 0.596774 1.715623 -6.002196 1.676909 35.186251 -3.231109 0.487037
Cyclist -1 -1 -10 475.000000 179.000000 501.000000 206.000000 1.829318 0.531805 1.658204 -5.874760 1.721945 35.260119 -3.235791 0.044153
Cyclist -1 -1 -10 426.000000 181.000000 490.000000 229.000000 1.629883 0.785125 1.737227 -5.379534 1.895769 24.350732 0.196182 0.020519
