Pedestrian -1 -1 -10 686.000000 165.000000 699.000000 206.000000 1.703465 0.632419 0.764480 4.334429 1.462637 37.530885 -1.891592 0.310125
Pedestrian -1 -1 -10 693.000000 168.000000 702.000000 208.000000 1.720989 0.599773 0.737089 4.413885 1.440796 37.585154 -1.621018 0.045838
Pedestrian -1 -1 -10 525.000000 177.000000 541.000000 217.000000 1.725617 0.732879 0.811922 -3.562210 1.916765 32.640730 1.451841 0.034199
Pedestrian -1 -1 -10 544.000000 172.000000 558.000000 208.000000 1.753911 0.674986 0.901679 -2.929497 1.873962 33.145680 1.991193 0.024143
Car -1 -1 -10 690.000000 172.000000 808.000000 270.000000 1.546082 1.626724 3.629450 2.406961 1.638728 13.966782 -1.588167 0.999448
Car -1 -1 -10 337.000000 182.000000 451.000000 261.000000 1.650363 1.626975 3.913858 -5.115437 1.936796 17.499168 1.551696 0.998706
Car -1 -1 -10 467.000000 184.000000 514.000000 218.000000 1.533991 1.640156 4.028436 -5.456778 2.047236 33.213800 1.521707 0.998085
Car -1 -1 -10 0.000000 202.000000 158.000000 377.000000 1.515958 1.629547 3.870608 -4.477389 1.781241 3.757801 -1.613093 0.394122
Cyclist -1 -1 -10 523.000000 176.000000 542.000000 217.000000 1.801633 0.645910 1.802545 -3.569127 1.898761 32.711518 1.504466 0.997894
Cyclist -1 -1 -10 539.000000 173.000000 558.000000 215.000000 1.747906 0.603203 1.777468 -2.950386 1.939399 33.067969 1.593700 0.934227
Cyclist -1 -1 -10 528.000000 177.000000 553.000000 212.000000 1.777003 0.576736 1.764604 -3.210168 1.793204 32.774031 0.916448 0.115679
Cyclist -1 -1 -10 547.000000 173.000000 558.000000 205.000000 1.683585 0.560431 1.604725 -2.871444 1.934050 33.312981 -1.096186 0.044924
Cyclist -1 -1 -10 705.000000 176.000000 736.000000 204.000000 1.677954 0.514024 1.434747 5.785132 1.163585 37.973109 -1.466006 0.017805
Cyclist -1 -1 -10 537.000000 177.000000 549.000000 206.000000 1.670660 0.525150 1.465490 -3.048972 1.903753 33.297744 -1.704549 0.010634
