Car -1 -1 -10 745.000000 190.000000 988.000000 348.000000 1.466314 1.605735 3.668833 2.792427 1.725096 8.767943 -1.593544 0.998288
Car -1 -1 -10 -3.000000 180.000000 277.000000 327.000000 1.502976 1.635719 4.194890 -5.915178 1.716589 8.179251 0.432869 0.997584
Car -1 -1 -10 636.000000 178.000000 669.000000 205.000000 1.458432 1.606757 3.715906 2.357890 1.863942 42.298209 -1.620980 0.994883
Car -1 -1 -10 801.000000 175.000000 1069.000000 271.000000 1.677580 1.670005 4.174953 6.229818 1.799245 14.095125 -0.029655 0.990803
Car -1 -1 -10 266.000000 180.000000 435.000000 247.000000 1.636687 1.633060 4.113173 -6.522874 1.689378 17.030965 -3.259227 0.990024
Car -1 -1 -10 324.000000 175.000000 458.000000 234.000000 1.626153 1.653374 3.929786 -7.078599 1.921300 22.759753 -3.357021 0.948307
Car -1 -1 -10 726.000000 180.000000 824.000000 226.000000 1.495943 1.573102 4.024774 6.245446 1.871480 24.601243 2.974944 0.930260
Car -1 -1 -10 764.000000 180.000000 882.000000 238.000000 1.564088 1.615475 3.867149 5.846104 1.752217 19.773905 -0.090483 0.914420
Car -1 -1 -10 58.000000 182.000000 404.000000 263.000000 1.486771 1.567451 3.962790 -6.716907 1.673878 13.137227 -3.305794 0.794933
Car -1 -1 -10 429.000000 178.000000 525.000000 211.000000 1.508975 1.590148 3.953663 -6.100279 1.685254 36.847786 -0.029715 0.637028
Cyclist -1 -1 -10 551.000000 176.000000 563.000000 207.000000 1.737633 0.518189 1.720359 -2.979450 1.914021 39.272037 -1.130846 0.012467
