Car -1 -1 -10 573.000000 174.000000 614.000000 210.000000 1.524630 1.620325 3.883329 -0.705810 0.988316 33.240875 -1.594510 0.999563
Car -1 -1 -10 163.000000 188.000000 397.000000 316.000000 1.458870 1.610513 3.862365 -4.417886 1.529006 10.423091 -1.568567 0.999138
Car -1 -1 -10 344.000000 179.000000 452.000000 246.000000 1.461521 1.601125 3.814221 -5.252926 1.345200 18.254029 -1.554242 0.999013
Car -1 -1 -10 185.000000 187.000000 287.000000 238.000000 1.467012 1.598342 3.792807 -8.782825 1.492924 18.386626 -1.539294 0.943659
Car -1 -1 -10 1.000000 187.000000 111.000000 313.000000 1.460088 1.610722 3.816349 -8.381705 1.732277 9.010967 -1.575432 0.259845
Car -1 -1 -10 179.000000 183.000000 333.000000 258.000000 1.466331 1.601727 3.821118 -8.793864 1.497056 18.357537 -1.558191 0.226434
Car -1 -1 -10 349.000000 172.000000 409.000000 211.000000 1.545410 1.586785 3.754278 -8.608293 1.093149 27.796483 -1.756334 0.209934
Car -1 -1 -10 502.000000 175.000000 544.000000 203.000000 1.556107 1.630763 3.880062 -5.227215 0.919304 45.341772 -1.660709 0.068573
Car -1 -1 -10 229.000000 186.000000 296.000000 226.000000 1.552687 1.608910 3.773522 -12.141934 1.200334 27.503412 1.220219 0.055823
Car -1 -1 -10 534.000000 163.000000 559.000000 192.000000 1.524239 1.504203 3.205062 -4.451723 0.898257 44.769664 1.497960 0.031947
Car -1 -1 -10 249.000000 182.000000 330.000000 222.000000 1.520361 1.608844 3.932286 -11.938895 1.154268 27.720128 -1.531428 0.028828
Car -1 -1 -10 478.000000 174.000000 534.000000 212.000000 1.611495 1.596044 3.825258 -4.364981 1.034008 30.078128 -1.581033 0.019519
