Car -1 -1 -10 574.000000 174.000000 611.000000 208.000000 1.540560 1.594313 3.716553 -0.884155 0.784436 36.772110 -1.662893 0.999556
Car -1 -1 -10 456.000000 180.000000 510.000000 219.000000 1.493439 1.572539 3.649416 -4.765604 1.234687 28.040774 -1.599986 0.998938
Car -1 -1 -10 88.000000 183.000000 368.000000 346.000000 1.451269 1.583909 3.690180 -4.269388 1.508007 8.819859 -1.545958 0.998397
Car -1 -1 -10 368.000000 180.000000 468.000000 245.000000 1.482795 1.620637 3.958893 -4.768607 1.387025 18.606720 -1.606870 0.998321
Car -1 -1 -10 322.000000 179.000000 397.000000 224.000000 1.462531 1.599065 3.850976 -8.668414 1.311138 25.643992 -1.509384 0.869422
Car -1 -1 -10 4.000000 164.000000 111.000000 264.000000 1.776010 1.657285 3.950726 -12.286476 1.405193 14.217076 -1.570847 0.611137
Car -1 -1 -10 159.000000 176.000000 324.000000 251.000000 1.481348 1.582321 3.672178 -8.508231 1.136716 16.550097 1.589110 0.517326
Car -1 -1 -10 379.000000 178.000000 441.000000 207.000000 1.544216 1.645694 3.756412 -11.376619 0.842392 42.640821 0.732153 0.257732
Car -1 -1 -10 252.000000 178.000000 311.000000 207.000000 1.477449 1.597343 3.726919 -12.340737 1.140641 26.173347 -1.526074 0.013379
Car -1 -1 -10 204.000000 179.000000 318.000000 224.000000 1.501381 1.616310 3.763311 -12.389415 1.130847 25.869225 1.679568 0.010639
