Pedestrian -1 -1 -10 0.000000 229.000000 32.000000 365.000000 1.666850 0.499532 0.597560 -4.363670 2.005074 5.212785 -0.034069 0.030285
Pedestrian -1 -1 -10 0.000000 231.000000 22.000000 301.000000 1.611396 0.549306 0.543225 -10.190668 2.106313 12.545644 1.701255 0.018645
Car -1 -1 -10 671.000000 174.000000 764.000000 248.000000 1.681364 1.693269 4.094020 2.598182 1.767652 18.851338 -1.624253 0.997403
Car -1 -1 -10 268.000000 183.000000 443.000000 249.000000 1.476427 1.543625 4.081979 -6.350197 1.809874 17.642456 0.054710 0.993619
Car -1 -1 -10 333.000000 171.000000 466.000000 235.000000 1.513431 1.598964 3.840127 -6.366581 1.527571 22.517599 -3.229248 0.991405
Car -1 -1 -10 169.000000 181.000000 396.000000 269.000000 1.597938 1.648450 3.806176 -6.350600 1.755441 13.804680 -3.074797 0.967044
Car -1 -1 -10 652.000000 180.000000 713.000000 223.000000 1.544078 1.616313 3.900454 2.620280 1.877467 29.846949 -1.592304 0.882632
Car -1 -1 -10 635.000000 179.000000 670.000000 205.000000 1.546953 1.596401 3.863965 2.384633 1.902978 41.805985 -1.618067 0.676912
Car -1 -1 -10 375.000000 172.000000 503.000000 221.000000 1.767304 1.613271 3.882257 -6.218476 1.807831 26.188127 0.162635 0.293651
Car -1 -1 -10 969.000000 215.000000 1229.000000 369.000000 1.558172 1.599750 3.898488 3.652043 1.579082 4.837389 -0.981356 0.254100
Car -1 -1 -10 424.000000 174.000000 513.000000 212.000000 1.523323 1.599712 3.858836 -5.923416 1.539578 33.144293 -1.684384 0.169509
Car -1 -1 -10 452.000000 176.000000 531.000000 205.000000 1.631352 1.597950 3.929834 -5.541505 1.756713 45.167902 -3.201119 0.149621
Car -1 -1 -10 79.000000 188.000000 348.000000 296.000000 1.544369 1.586968 3.736070 -6.467323 1.840313 11.766755 0.492079 0.126184
Cyclist -1 -1 -10 968.000000 203.000000 1231.000000 371.000000 1.692460 0.712011 1.702924 2.555738 1.996438 4.155315 -1.960758 0.111404
Cyclist -1 -1 -10 0.000000 223.000000 33.000000 373.000000 1.729979 0.559369 1.500314 -5.026816 1.727212 6.325911 -2.274792 0.099612
Cyclist -1 -1 -10 0.000000 231.000000 29.000000 306.000000 1.752723 0.603812 1.549690 -9.838335 1.877639 12.009728 0.317841 0.022601
Cyclist -1 -1 -10 4.000000 210.000000 103.000000 337.000000 1.694849 0.671558 1.622385 -4.749808 1.853727 5.374549 -1.638148 0.014325
Cyclist -1 -1 -10 96.000000 183.000000 363.000000 283.000000 1.728824 0.776171 1.831215 -6.000263 1.827957 11.180329 -0.451358 0.012811
