Pedestrian -1 -1 -10 636.000000 169.000000 646.000000 199.000000 1.690544 0.588113 0.606573 1.216139 1.135052 26.112635 -1.006969 0.080438
Pedestrian -1 -1 -10 621.000000 174.000000 632.000000 204.000000 1.752585 0.624673 0.587488 0.389497 1.435720 25.068478 -1.030952 0.019795
Pedestrian -1 -1 -10 824.000000 178.000000 868.000000 212.000000 1.679260 0.735476 0.896099 10.036468 1.816388 31.443768 0.179150 0.017442
Car -1 -1 -10 846.000000 175.000000 992.000000 284.000000 1.612301 1.656134 3.785604 5.184171 1.648059 12.623640 -1.318110 0.999645
Car -1 -1 -10 596.000000 176.000000 696.000000 252.000000 1.556501 1.641908 4.019631 0.995947 1.628069 16.476419 -1.352963 0.999639
Car -1 -1 -10 644.000000 179.000000 727.000000 236.000000 1.512579 1.630007 4.067443 2.277814 1.691463 21.553869 -1.271731 0.996748
Car -1 -1 -10 731.000000 175.000000 761.000000 201.000000 1.553157 1.637850 3.950465 8.982880 1.857192 47.783912 -1.387263 0.975268
Car -1 -1 -10 824.000000 178.000000 867.000000 212.000000 1.443689 1.579234 3.715937 10.687987 1.665447 33.077003 -1.360375 0.796252
Car -1 -1 -10 846.000000 176.000000 931.000000 246.000000 1.530376 1.612999 3.741351 6.730921 1.594668 17.423264 -1.332698 0.054321
Car -1 -1 -10 816.000000 178.000000 850.000000 204.000000 1.545899 1.618286 3.807884 14.033960 1.754644 45.282931 -1.346378 0.037686
Cyclist -1 -1 -10 636.000000 169.000000 646.000000 200.000000 1.679171 0.549310 1.514243 1.163408 1.044142 26.219161 -1.538135 0.010049
