Pedestrian -1 -1 -10 672.000000 165.000000 743.000000 329.000000 1.733046 0.782547 0.872754 1.132373 1.538309 7.934896 -1.468703 0.994331
Pedestrian -1 -1 -10 621.000000 168.000000 684.000000 334.000000 1.675504 0.603596 0.825225 0.480191 1.494222 7.641396 -1.875854 0.992574
Pedestrian -1 -1 -10 190.000000 166.000000 263.000000 337.000000 1.708442 0.622330 0.893462 -4.005139 1.504992 7.522365 -2.026100 0.973411
Pedestrian -1 -1 -10 210.000000 169.000000 328.000000 360.000000 1.648491 0.590860 0.704656 -2.403110 1.484427 5.630716 1.206640 0.248700
Pedestrian -1 -1 -10 764.000000 165.000000 796.000000 246.000000 1.691500 0.649015 0.733133 3.787102 1.341555 15.365535 -1.339527 0.179539
Pedestrian -1 -1 -10 695.000000 169.000000 778.000000 304.000000 1.768535 0.575795 0.762789 1.642022 1.592909 9.014159 -0.840394 0.156314
Pedestrian -1 -1 -10 733.000000 166.000000 766.000000 245.000000 1.765291 0.644216 0.845969 3.821587 1.358495 18.959915 -1.335920 0.079144
Pedestrian -1 -1 -10 669.000000 169.000000 690.000000 258.000000 1.745792 0.591097 0.668623 2.037297 1.359674 19.155635 -1.535606 0.035434
Pedestrian -1 -1 -10 734.000000 164.000000 753.000000 222.000000 1.670874 0.628653 0.706347 3.853767 1.205314 18.960751 -1.925736 0.022049
Pedestrian -1 -1 -10 634.000000 175.000000 662.000000 217.000000 1.749579 0.666145 0.615188 2.330873 1.571106 35.560891 1.122015 0.015746
Pedestrian -1 -1 -10 655.000000 174.000000 671.000000 230.000000 1.683280 0.612588 0.624024 3.061271 1.252906 35.446953 2.608498 0.015679
Pedestrian -1 -1 -10 642.000000 168.000000 703.000000 276.000000 1.681190 0.600786 0.650253 1.438368 2.261715 12.757430 -0.956356 0.012734
Car -1 -1 -10 488.000000 172.000000 534.000000 212.000000 1.824044 1.713180 4.221592 -4.987641 1.478762 39.950135 -1.634496 0.032822
Cyclist -1 -1 -10 383.000000 168.000000 455.000000 295.000000 1.727315 0.580334 1.801290 -2.769380 1.514362 10.842540 1.702056 0.999869
Cyclist -1 -1 -10 225.000000 170.000000 360.000000 377.000000 1.704315 0.523604 1.697408 -2.390789 1.593501 5.636747 1.528564 0.999377
Cyclist -1 -1 -10 716.000000 162.000000 791.000000 290.000000 1.619890 0.426337 1.642189 2.022631 1.687826 9.494658 -1.009650 0.626225
Cyclist -1 -1 -10 191.000000 167.000000 293.000000 356.000000 1.776041 0.724903 1.582972 -3.817693 1.582410 7.854758 0.524628 0.546413
Cyclist -1 -1 -10 757.000000 166.000000 800.000000 249.000000 1.759478 0.556449 1.691112 3.730155 1.380378 15.403450 1.728369 0.129606
Cyclist -1 -1 -10 684.000000 165.000000 754.000000 319.000000 1.808255 0.637658 1.735519 1.175178 1.570124 8.069320 -1.384380 0.124023
Cyclist -1 -1 -10 728.000000 163.000000 770.000000 263.000000 1.684112 0.470132 1.617076 3.913989 1.112973 18.802382 1.237527 0.061580
Cyclist -1 -1 -10 391.000000 176.000000 412.000000 224.000000 1.707773 0.519351 1.315732 -9.343227 1.460287 32.965817 -1.823473 0.040019
Cyclist -1 -1 -10 771.000000 166.000000 924.000000 339.000000 1.713320 0.551719 1.729087 2.579441 1.814013 7.464993 0.449202 0.029531
Cyclist -1 -1 -10 1143.000000 196.000000 1235.000000 268.000000 1.725238 0.592092 1.565082 6.477896 1.467093 7.835927 -1.494046 0.015244
Cyclist -1 -1 -10 220.000000 184.000000 323.000000 315.000000 1.631994 0.624160 1.699760 -2.449480 1.474086 5.724187 0.550791 0.010538
