Pedestrian -1 -1 -10 605.000000 151.000000 640.000000 236.000000 1.776016 0.685021 0.934084 0.468592 1.126655 16.164045 1.152836 0.997985
Pedestrian -1 -1 -10 825.000000 154.000000 903.000000 366.000000 1.732009 0.668890 0.844805 2.282680 1.463423 6.329324 -1.663390 0.997900
Pedestrian -1 -1 -10 138.000000 145.000000 258.000000 376.000000 1.779217 0.680182 0.812168 -3.138129 1.533650 5.485491 1.523337 0.994982
Pedestrian -1 -1 -10 727.000000 157.000000 772.000000 293.000000 1.772076 0.582205 0.857169 1.858286 1.445003 9.113202 -2.317793 0.988302
Pedestrian -1 -1 -10 802.000000 146.000000 846.000000 327.000000 1.688666 0.592588 0.742601 2.309067 1.428776 7.662362 -1.753642 0.955226
Pedestrian -1 -1 -10 763.000000 164.000000 801.000000 280.000000 1.727569 0.633978 0.756788 2.636135 1.365974 10.570727 -1.754699 0.953691
Pedestrian -1 -1 -10 711.000000 164.000000 749.000000 278.000000 1.740871 0.654989 0.829368 1.870237 1.444284 10.676988 -1.356449 0.936400
Pedestrian -1 -1 -10 3.000000 154.000000 71.000000 352.000000 1.683280 0.612588 0.624024 -4.616361 2.250784 5.917268 1.857623 0.812587
Pedestrian -1 -1 -10 668.000000 158.000000 685.000000 206.000000 1.709525 0.621093 0.691528 2.765756 0.863721 26.316759 -1.902396 0.693112
Pedestrian -1 -1 -10 680.000000 157.000000 698.000000 207.000000 1.746435 0.691921 0.965442 3.258513 0.839270 26.483705 -1.865822 0.573013
Pedestrian -1 -1 -10 5.000000 158.000000 160.000000 368.000000 1.735900 0.616265 0.902566 -4.535373 1.700956 6.043604 -1.627342 0.426720
Pedestrian -1 -1 -10 751.000000 157.000000 788.000000 269.000000 1.740852 0.604305 0.642096 2.502012 1.341688 10.489236 1.381377 0.266418
Pedestrian -1 -1 -10 798.000000 153.000000 832.000000 263.000000 1.811614 0.628013 0.717724 3.398810 1.252657 11.535374 -1.265780 0.172778
Car -1 -1 -10 538.000000 163.000000 594.000000 207.000000 1.503729 1.627262 3.888082 -1.292798 0.865466 27.561146 1.640125 0.998236
Cyclist -1 -1 -10 0.000000 155.000000 83.000000 358.000000 1.829121 0.612915 1.753846 -4.831204 1.617853 5.803993 0.912740 0.302492
Cyclist -1 -1 -10 7.000000 154.000000 172.000000 371.000000 1.729388 0.662789 1.780373 -4.533210 1.645530 6.091479 0.003589 0.036692
Cyclist -1 -1 -10 801.000000 154.000000 856.000000 320.000000 1.777644 0.671090 1.746091 2.316950 1.439225 7.955826 -1.305504 0.028962
Cyclist -1 -1 -10 603.000000 149.000000 639.000000 237.000000 1.792669 0.577511 1.754013 0.403778 1.162939 16.279686 1.048212 0.025115
