Car -1 -1 -10 578.000000 178.000000 620.000000 216.000000 1.546016 1.638982 3.911713 -0.377882 1.231742 32.243128 -1.599053 0.999697
Car -1 -1 -10 351.000000 183.000000 488.000000 271.000000 1.484439 1.603506 3.808415 -3.612524 1.478655 14.485909 -1.581873 0.999431
Car -1 -1 -10 489.000000 183.000000 544.000000 223.000000 1.487639 1.614427 3.943298 -3.448333 1.307676 26.738170 -1.604324 0.999065
Car -1 -1 -10 148.000000 174.000000 320.000000 264.000000 1.640365 1.605681 3.830144 -7.774275 1.484992 15.506263 -1.552573 0.997847
Car -1 -1 -10 1.000000 186.000000 195.000000 258.000000 1.495582 1.589837 3.734326 -12.082516 1.546415 17.136894 -1.579586 0.917225
Car -1 -1 -10 309.000000 183.000000 405.000000 233.000000 1.502474 1.584762 3.685967 -7.551339 1.535324 22.263632 -1.443776 0.395617
Car -1 -1 -10 445.000000 180.000000 495.000000 207.000000 1.527273 1.611369 3.945281 -7.937185 1.234806 41.120556 -1.683862 0.287598
Car -1 -1 -10 0.000000 190.000000 148.000000 313.000000 1.446670 1.604839 3.845213 -8.452724 1.639059 9.611116 -1.564676 0.232995
Car -1 -1 -10 278.000000 181.000000 358.000000 224.000000 1.513578 1.585411 3.816012 -12.835014 1.297894 30.621115 -1.910028 0.097221
Car -1 -1 -10 214.000000 177.000000 308.000000 218.000000 1.626404 1.623518 3.907209 -14.136319 1.107657 28.985681 -3.442954 0.014820
Car -1 -1 -10 231.000000 179.000000 279.000000 214.000000 1.522126 1.554189 3.675432 -15.104134 0.875725 31.990569 -2.686931 0.011449
