Pedestrian -1 -1 -10 354.000000 146.000000 460.000000 368.000000 1.720281 0.718721 0.744138 -1.591466 1.466860 5.928631 1.840050 0.997915
Pedestrian -1 -1 -10 992.000000 124.000000 1195.000000 372.000000 1.736884 0.710481 0.983324 2.163262 1.376252 3.165928 -1.502138 0.940158
Pedestrian -1 -1 -10 751.000000 150.000000 766.000000 200.000000 1.731333 0.650430 0.693119 5.801424 0.464165 26.301051 -0.880714 0.362847
Pedestrian -1 -1 -10 985.000000 161.000000 1102.000000 367.000000 1.693345 0.633332 0.737872 2.664142 1.537297 4.554357 0.636538 0.296139
Pedestrian -1 -1 -10 561.000000 155.000000 569.000000 185.000000 1.779037 0.561735 0.756671 -2.530023 0.095780 48.583783 -3.087210 0.170123
Pedestrian -1 -1 -10 588.000000 158.000000 601.000000 185.000000 1.654044 0.722072 0.773677 -0.504907 0.467380 46.915686 -1.515381 0.070419
Pedestrian -1 -1 -10 548.000000 155.000000 561.000000 196.000000 1.706485 0.609355 0.800205 -1.686369 1.046194 26.425198 -1.563988 0.053846
Pedestrian -1 -1 -10 998.000000 178.000000 1032.000000 288.000000 1.735245 0.603026 0.624750 5.874095 1.340783 10.170812 3.122614 0.034988
Pedestrian -1 -1 -10 578.000000 160.000000 592.000000 185.000000 1.671454 0.695654 0.890498 -1.009777 0.291334 46.908761 -1.986064 0.030240
Pedestrian -1 -1 -10 558.000000 156.000000 566.000000 186.000000 1.788104 0.622245 0.793457 -2.538671 0.287286 48.592887 0.973544 0.016732
Pedestrian -1 -1 -10 1120.000000 168.000000 1238.000000 373.000000 1.707667 0.635528 0.552843 3.975480 2.030658 4.630700 1.627099 0.012085
Car -1 -1 -10 178.000000 135.000000 500.000000 346.000000 1.937529 1.743561 4.286119 -2.691435 1.384811 8.468784 1.615855 0.683523
Car -1 -1 -10 420.000000 144.000000 558.000000 253.000000 1.768315 1.606396 3.942748 -2.080978 1.097808 15.009069 1.632843 0.577597
Car -1 -1 -10 330.000000 138.000000 478.000000 360.000000 1.690312 1.662743 3.779831 -0.939777 1.297990 7.395615 0.717272 0.494126
Car -1 -1 -10 335.000000 153.000000 526.000000 269.000000 1.672921 1.675726 4.153381 -2.718874 1.275662 11.326115 1.536786 0.027419
Cyclist -1 -1 -10 996.000000 113.000000 1214.000000 378.000000 1.706330 0.673223 1.788682 2.188919 1.286170 3.336417 0.736102 0.070786
Cyclist -1 -1 -10 1120.000000 168.000000 1238.000000 373.000000 1.699913 0.715900 1.690449 2.449542 1.401825 3.363799 3.755441 0.014453
