Pedestrian -1 -1 -10 722.000000 179.000000 736.000000 220.000000 1.698753 0.618940 0.714363 5.481999 1.555773 31.182640 0.811656 0.913447
Pedestrian -1 -1 -10 708.000000 169.000000 717.000000 213.000000 1.765722 0.565814 0.637300 5.627259 1.852831 38.923777 1.211460 0.294207
Pedestrian -1 -1 -10 707.000000 169.000000 726.000000 217.000000 1.748507 0.587694 0.797963 5.287952 1.618785 35.336745 2.719999 0.173983
Pedestrian -1 -1 -10 715.000000 175.000000 731.000000 220.000000 1.683280 0.612588 0.624024 4.620208 1.645788 28.672588 2.677541 0.051120
Pedestrian -1 -1 -10 705.000000 171.000000 713.000000 209.000000 1.769597 0.627341 0.782372 5.546226 1.542408 39.836869 -2.044717 0.034545
Pedestrian -1 -1 -10 659.000000 179.000000 724.000000 229.000000 1.662983 0.742444 0.755430 2.513865 2.049966 23.023226 0.161821 0.020543
Pedestrian -1 -1 -10 644.000000 176.000000 676.000000 205.000000 1.732610 0.711649 0.814768 2.790911 2.321755 42.158327 -1.496679 0.013539
Car -1 -1 -10 714.000000 189.000000 872.000000 297.000000 1.445788 1.608164 3.760675 2.647466 1.688550 11.349938 -1.557408 0.999726
Car -1 -1 -10 518.000000 179.000000 572.000000 220.000000 1.547946 1.650661 4.094840 -2.568324 1.849519 28.548477 1.576605 0.999144
Car -1 -1 -10 660.000000 180.000000 724.000000 228.000000 1.476993 1.631166 3.927585 2.626335 1.747584 24.304213 1.531397 0.998489
Car -1 -1 -10 559.000000 180.000000 586.000000 205.000000 1.636505 1.575429 3.739185 -2.432728 1.993620 43.995089 1.481727 0.990506
Car -1 -1 -10 8.000000 215.000000 313.000000 373.000000 1.489208 1.625917 3.848291 -2.696129 1.604069 2.608122 1.553787 0.926007
Car -1 -1 -10 645.000000 177.000000 677.000000 205.000000 1.558259 1.565217 3.548024 2.932138 1.942381 44.043933 -1.500024 0.881821
Car -1 -1 -10 638.000000 175.000000 665.000000 201.000000 1.563450 1.654863 4.029736 3.093217 1.800121 44.222189 -1.474113 0.139308
Car -1 -1 -10 173.000000 229.000000 326.000000 376.000000 1.546323 1.639635 3.833670 -2.760263 1.670090 2.677792 1.612910 0.011891
Cyclist -1 -1 -10 722.000000 179.000000 738.000000 222.000000 1.738689 0.531787 1.448474 5.203852 1.815460 30.497228 -0.779287 0.040640
