Car -1 -1 -10 581.000000 179.000000 618.000000 214.000000 1.541921 1.599116 3.568476 -0.479049 1.305166 35.194392 -1.599010 0.999613
Car -1 -1 -10 427.000000 188.000000 520.000000 252.000000 1.434892 1.599058 3.966961 -3.298131 1.520112 18.048389 -1.580877 0.999533
Car -1 -1 -10 305.000000 185.000000 399.000000 240.000000 1.430840 1.592767 3.804077 -7.467210 1.521225 21.279050 -1.586045 0.998295
Car -1 -1 -10 -4.000000 192.000000 352.000000 375.000000 1.477108 1.601946 3.801604 -3.488724 1.548997 5.834156 -1.581728 0.991927
Car -1 -1 -10 396.000000 181.000000 444.000000 218.000000 1.552572 1.619613 3.810243 -7.981010 1.473745 30.640390 -1.710761 0.971252
Car -1 -1 -10 484.000000 185.000000 529.000000 215.000000 1.515152 1.566148 3.750388 -4.621795 1.455797 33.037989 1.590877 0.743992
Car -1 -1 -10 268.000000 186.000000 338.000000 221.000000 1.512590 1.618069 3.903403 -11.888761 1.507052 29.602609 -1.498616 0.698945
Car -1 -1 -10 331.000000 180.000000 382.000000 208.000000 1.514744 1.620882 3.829755 -15.617308 1.164342 42.852618 1.641949 0.469342
Car -1 -1 -10 57.000000 187.000000 209.000000 241.000000 1.516972 1.581584 3.856216 -16.022015 1.232351 22.624597 0.339762 0.144428
Car -1 -1 -10 5.000000 187.000000 246.000000 264.000000 1.587123 1.559244 4.038504 -13.449781 1.650871 19.602343 -3.321389 0.041496
