Pedestrian -1 -1 -10 679.000000 174.000000 756.000000 236.000000 1.665974 0.824978 0.860829 2.717620 1.690711 18.713499 0.070739 0.015245
Car -1 -1 -10 465.000000 170.000000 530.000000 217.000000 1.549785 1.680130 4.021046 -3.973594 1.430271 25.769624 1.522671 0.997848
Car -1 -1 -10 680.000000 175.000000 755.000000 236.000000 1.582841 1.596649 3.726383 2.846210 1.656068 20.357301 -1.637546 0.995485
Car -1 -1 -10 654.000000 172.000000 720.000000 222.000000 1.550217 1.628967 3.777075 2.399461 1.573024 24.842315 -1.605193 0.993931
Car -1 -1 -10 772.000000 187.000000 1068.000000 367.000000 1.432931 1.616074 4.162341 3.225178 1.763099 8.413978 -1.585682 0.993678
Car -1 -1 -10 717.000000 181.000000 872.000000 280.000000 1.539087 1.588276 3.471938 3.180928 1.733773 13.509303 -1.649161 0.992965
Car -1 -1 -10 225.000000 170.000000 454.000000 325.000000 1.572940 1.598624 3.914496 -3.378725 1.620926 9.602568 1.530343 0.991663
Car -1 -1 -10 636.000000 172.000000 686.000000 210.000000 1.517371 1.623732 3.977616 2.243959 1.543693 30.685042 -1.622981 0.892115
Car -1 -1 -10 1033.000000 221.000000 1245.000000 373.000000 1.513847 1.642360 3.833868 3.357213 1.787622 2.536720 -1.583793 0.840975
Car -1 -1 -10 495.000000 170.000000 536.000000 207.000000 1.503286 1.550546 3.685125 -4.332756 1.465370 31.563201 1.650790 0.357108
Car -1 -1 -10 0.000000 128.000000 361.000000 377.000000 1.837198 1.677333 4.162897 -2.891446 1.544387 3.907078 1.507610 0.335759
