Car -1 -1 -10 649.000000 179.000000 738.000000 242.000000 1.522858 1.585698 3.458603 2.030783 1.653956 18.535586 -1.745988 0.999147
Car -1 -1 -10 732.000000 178.000000 954.000000 319.000000 1.523851 1.594559 3.798713 2.843436 1.626533 9.488511 1.510455 0.997896
Car -1 -1 -10 367.000000 187.000000 438.000000 241.000000 1.452097 1.595965 3.774447 -6.070357 1.907221 21.174970 -1.780488 0.996603
Car -1 -1 -10 560.000000 179.000000 600.000000 211.000000 1.467386 1.600499 3.756638 -1.725396 1.844839 37.601915 -1.744589 0.976017
Car -1 -1 -10 841.000000 130.000000 1244.000000 373.000000 1.808019 1.719395 4.204491 2.932424 1.636206 4.464640 -1.570024 0.646869
Car -1 -1 -10 614.000000 182.000000 681.000000 223.000000 1.520685 1.604876 3.681693 1.212205 1.651550 25.270984 -1.709359 0.030441
Car -1 -1 -10 426.000000 180.000000 456.000000 208.000000 1.518309 1.585394 3.643031 -9.964413 2.195677 42.252390 -1.778668 0.018542
Car -1 -1 -10 436.000000 179.000000 468.000000 216.000000 1.518014 1.597730 3.644761 -9.614507 2.175737 42.261311 -1.814861 0.011391
Cyclist -1 -1 -10 441.000000 175.000000 467.000000 233.000000 1.723867 0.556310 1.756977 -5.031251 1.851078 23.216250 1.339076 0.997010
Cyclist -1 -1 -10 466.000000 175.000000 493.000000 226.000000 1.684767 0.535245 1.730008 -4.592763 1.800883 25.305187 1.482647 0.989728
Cyclist -1 -1 -10 427.000000 178.000000 464.000000 215.000000 1.693345 0.492166 1.545697 -9.371479 2.604004 40.659354 0.809099 0.086251
