Pedestrian -1 -1 -10 527.000000 170.000000 539.000000 211.000000 1.677462 0.607852 0.676152 -3.546702 1.680374 33.252253 0.990266 0.731454
Pedestrian -1 -1 -10 704.000000 162.000000 719.000000 210.000000 1.802567 0.696296 0.941598 4.231067 1.558185 30.597653 -1.470089 0.106766
Car -1 -1 -10 21.000000 185.000000 332.000000 356.000000 1.640565 1.633136 3.953845 -4.988478 1.825765 8.980463 1.574022 0.999449
Car -1 -1 -10 774.000000 167.000000 1248.000000 376.000000 1.538180 1.604618 3.693516 2.616085 1.660560 5.368660 -1.576218 0.946034
Car -1 -1 -10 417.000000 182.000000 499.000000 232.000000 1.506389 1.602580 3.841249 -5.447909 1.785683 24.677544 1.541349 0.810492
Car -1 -1 -10 514.000000 176.000000 542.000000 205.000000 1.544399 1.613312 3.768645 -5.283338 2.081936 43.091248 -1.683478 0.352926
Car -1 -1 -10 840.000000 177.000000 1040.000000 288.000000 1.472021 1.562631 3.780859 6.288631 1.316354 13.219781 1.370624 0.067245
Cyclist -1 -1 -10 488.000000 169.000000 520.000000 241.000000 1.732900 0.599802 1.759385 -2.879626 1.737073 19.310357 1.615802 0.999385
Cyclist -1 -1 -10 460.000000 171.000000 492.000000 244.000000 1.761001 0.582363 1.794858 -3.589901 1.783761 18.882070 1.598047 0.998904
Cyclist -1 -1 -10 527.000000 171.000000 539.000000 210.000000 1.742141 0.597198 1.768578 -3.551724 1.723913 33.250545 1.434077 0.868944
Cyclist -1 -1 -10 430.000000 179.000000 493.000000 232.000000 1.724506 0.640810 1.626006 -5.031773 2.471100 23.162723 -2.332676 0.743906
Cyclist -1 -1 -10 517.000000 174.000000 543.000000 206.000000 1.713627 0.539418 1.725693 -3.608825 1.665576 33.335820 1.451017 0.371114
Cyclist -1 -1 -10 494.000000 175.000000 516.000000 217.000000 1.674078 0.551250 1.708416 -2.815274 1.605931 19.372599 1.541291 0.037825
Cyclist -1 -1 -10 503.000000 173.000000 514.000000 207.000000 1.677954 0.514024 1.434747 -7.690670 1.000829 54.499264 -1.757732 0.021181
