Pedestrian -1 -1 -10 1070.000000 157.000000 1245.000000 367.000000 1.727829 0.588912 0.668495 2.559932 1.994470 3.249133 -0.743489 0.043612
Car -1 -1 -10 307.000000 188.000000 432.000000 260.000000 1.544977 1.611630 3.888709 -5.723688 1.942268 17.451685 1.604678 0.999699
Car -1 -1 -10 382.000000 186.000000 467.000000 237.000000 1.462443 1.556173 3.727619 -5.659392 1.901115 22.835238 1.585617 0.996482
Car -1 -1 -10 788.000000 154.000000 898.000000 193.000000 1.567380 1.575373 3.862850 9.459366 0.953633 29.742667 3.009180 0.982047
Car -1 -1 -10 1066.000000 172.000000 1234.000000 370.000000 1.478326 1.612252 3.894723 3.223782 1.706185 1.714284 -1.614618 0.964442
Car -1 -1 -10 426.000000 184.000000 492.000000 227.000000 1.494420 1.558739 3.703087 -5.621108 1.936782 27.668720 1.585284 0.957640
Car -1 -1 -10 0.000000 206.000000 179.000000 373.000000 1.588545 1.633665 3.811339 -5.893613 1.936491 6.322241 -1.551356 0.754258
Car -1 -1 -10 665.000000 173.000000 705.000000 202.000000 1.528987 1.600768 3.828158 3.710970 1.439559 35.207387 -1.566139 0.706083
Car -1 -1 -10 464.000000 183.000000 513.000000 214.000000 1.461667 1.572023 3.858804 -5.532716 1.912150 33.715918 1.544948 0.693776
Car -1 -1 -10 1122.000000 132.000000 1240.000000 174.000000 1.555353 1.660280 4.034071 23.002293 0.235008 28.769926 0.042224 0.581493
Car -1 -1 -10 739.000000 157.000000 850.000000 192.000000 1.517052 1.667999 4.003165 9.312117 0.960259 34.552515 -0.251993 0.333195
Car -1 -1 -10 496.000000 179.000000 538.000000 207.000000 1.583125 1.594517 3.985716 -5.236927 1.948520 41.275708 1.682979 0.298770
Car -1 -1 -10 1070.000000 138.000000 1187.000000 173.000000 1.473164 1.585321 4.041808 23.649100 0.055337 33.304294 0.158521 0.181258
Car -1 -1 -10 1029.000000 142.000000 1113.000000 172.000000 1.496096 1.651984 3.949822 23.343319 0.124673 36.371063 0.000018 0.153221
Cyclist -1 -1 -10 1053.000000 144.000000 1245.000000 378.000000 1.606945 0.511510 1.638030 2.765362 1.824789 2.766267 -1.543254 0.024246
