Pedestrian -1 -1 -10 425.000000 178.000000 442.000000 222.000000 1.750187 0.623456 0.614763 -6.087779 1.918242 24.976097 -1.676238 0.076855
Car -1 -1 -10 737.000000 175.000000 959.000000 316.000000 1.565013 1.677752 4.133216 2.753651 1.591631 9.484033 -1.571168 0.999688
Car -1 -1 -10 347.000000 188.000000 463.000000 264.000000 1.524451 1.633043 3.911321 -4.441971 1.885270 16.203300 1.497399 0.999519
Car -1 -1 -10 700.000000 173.000000 821.000000 255.000000 1.526423 1.595746 3.709712 2.921090 1.539698 15.594580 -1.564476 0.998053
Car -1 -1 -10 418.000000 176.000000 500.000000 241.000000 1.649740 1.598921 3.894578 -4.420374 1.823588 21.637724 1.539453 0.993889
Car -1 -1 -10 675.000000 174.000000 738.000000 224.000000 1.498536 1.599301 3.759515 3.007554 1.504498 24.042772 -1.560568 0.981963
Car -1 -1 -10 466.000000 176.000000 527.000000 226.000000 1.646404 1.618623 4.066842 -4.157847 1.867500 27.157592 1.608634 0.959559
Car -1 -1 -10 0.000000 194.000000 178.000000 302.000000 1.527478 1.609726 4.058908 -9.412891 1.828437 11.443393 -0.001230 0.947814
Car -1 -1 -10 1126.000000 212.000000 1240.000000 370.000000 1.500449 1.583678 3.769247 3.039908 1.659283 1.497876 -1.577687 0.208411
Car -1 -1 -10 665.000000 173.000000 715.000000 214.000000 1.569062 1.486867 3.278270 3.339951 1.709597 28.298750 -1.524905 0.113193
