Pedestrian -1 -1 -10 1083.000000 149.000000 1186.000000 369.000000 1.664905 0.635279 0.711677 4.078935 1.310183 5.507360 1.223341 0.996654
Pedestrian -1 -1 -10 523.000000 164.000000 536.000000 202.000000 1.723229 0.607528 0.623869 -3.064209 1.057685 30.099223 -1.586654 0.757374
Pedestrian -1 -1 -10 605.000000 163.000000 616.000000 193.000000 1.766581 0.663359 0.772909 0.621109 0.707651 44.323638 1.579412 0.323118
Pedestrian -1 -1 -10 538.000000 163.000000 548.000000 201.000000 1.753586 0.631735 0.590094 -2.730054 0.773054 34.343143 -1.555063 0.307326
Pedestrian -1 -1 -10 611.000000 162.000000 619.000000 192.000000 1.768463 0.662076 0.734365 0.956251 0.761967 45.234217 -1.996537 0.254490
Pedestrian -1 -1 -10 622.000000 165.000000 631.000000 193.000000 1.746507 0.656817 0.746464 1.520635 0.573907 44.044140 0.063579 0.157654
Pedestrian -1 -1 -10 528.000000 163.000000 545.000000 203.000000 1.794678 0.654000 0.555750 -2.918287 0.871300 32.247563 1.505218 0.151651
Pedestrian -1 -1 -10 580.000000 162.000000 591.000000 195.000000 1.828743 0.660479 0.601974 -0.992259 0.577897 56.655720 -1.110844 0.062959
Pedestrian -1 -1 -10 563.000000 165.000000 585.000000 202.000000 1.747495 0.640279 0.638017 -1.664252 0.675110 44.113499 -1.463850 0.059070
Pedestrian -1 -1 -10 614.000000 163.000000 623.000000 192.000000 1.798713 0.674918 0.764715 0.962413 0.623541 45.913563 2.656740 0.049047
Pedestrian -1 -1 -10 577.000000 161.000000 587.000000 197.000000 1.683279 0.612588 0.624023 -1.390334 0.382619 44.005402 2.495942 0.047930
Pedestrian -1 -1 -10 585.000000 163.000000 593.000000 191.000000 1.760002 0.627949 0.725697 -0.892617 0.545286 54.680423 -1.119035 0.037772
Pedestrian -1 -1 -10 1074.000000 156.000000 1176.000000 264.000000 1.726803 0.662438 0.886262 7.598553 0.982941 10.442090 -1.400812 0.027513
Pedestrian -1 -1 -10 539.000000 167.000000 559.000000 200.000000 1.784532 0.619915 0.521707 -2.758464 0.636080 35.850545 -1.605150 0.026612
Pedestrian -1 -1 -10 532.000000 166.000000 540.000000 200.000000 1.785640 0.579052 0.778877 -4.202115 0.593385 45.948254 -1.728068 0.018889
Pedestrian -1 -1 -10 543.000000 165.000000 551.000000 200.000000 1.686860 0.606173 0.595764 -2.673195 0.506685 34.714560 2.540567 0.013418
Car -1 -1 -10 514.000000 175.000000 593.000000 240.000000 1.506575 1.638076 4.008844 -1.099381 1.324361 17.641831 1.594684 0.999510
Car -1 -1 -10 993.000000 157.000000 1145.000000 220.000000 1.524240 1.504203 3.205061 11.742445 1.357934 16.225423 2.161178 0.310968
Car -1 -1 -10 1037.000000 154.000000 1204.000000 241.000000 1.560625 1.599752 3.860148 7.603733 0.826623 11.636208 3.141110 0.012178
Cyclist -1 -1 -10 522.000000 166.000000 541.000000 201.000000 1.737691 0.652851 1.603993 -3.064496 0.820843 30.937964 0.938831 0.040927
Cyclist -1 -1 -10 561.000000 166.000000 585.000000 205.000000 1.723692 0.597497 1.598206 -1.560616 0.319124 44.842435 1.014563 0.029171
Cyclist -1 -1 -10 571.000000 163.000000 582.000000 200.000000 1.719961 0.512340 1.597530 -1.703550 0.434428 44.465923 -1.694828 0.014935
Cyclist -1 -1 -10 1062.000000 153.000000 1165.000000 241.000000 1.699532 0.542181 1.672379 7.576077 0.852810 10.590317 0.145463 0.013893
Cyclist -1 -1 -10 577.000000 161.000000 587.000000 197.000000 1.677954 0.514024 1.434747 -1.390845 0.280570 44.243275 -1.644219 0.012952
