Pedestrian -1 -1 -10 0.000000 199.000000 154.000000 377.000000 1.696588 0.788785 0.542102 -2.959245 1.792935 3.940270 0.976088 0.234133
Car -1 -1 -10 661.000000 180.000000 758.000000 250.000000 1.462778 1.641344 3.993043 2.244994 1.649142 17.493612 -1.607624 0.999369
Car -1 -1 -10 638.000000 174.000000 680.000000 211.000000 1.556814 1.620062 3.603688 2.113716 1.744942 32.399322 -1.634853 0.992542
Car -1 -1 -10 12.000000 192.000000 378.000000 289.000000 1.470793 1.640521 4.310874 -6.736744 1.656795 11.880611 -3.209425 0.978555
Car -1 -1 -10 183.000000 186.000000 410.000000 266.000000 1.534376 1.578956 4.011388 -6.410219 1.857469 14.364137 -3.133608 0.972948
Car -1 -1 -10 375.000000 181.000000 494.000000 220.000000 1.567353 1.637450 3.992958 -6.914471 1.741456 29.069342 0.138088 0.919277
Car -1 -1 -10 451.000000 178.000000 522.000000 205.000000 1.546231 1.616305 3.890980 -6.997386 1.590928 41.124399 1.871574 0.497050
Car -1 -1 -10 274.000000 185.000000 430.000000 240.000000 1.522073 1.555908 3.901618 -7.002123 1.828903 19.690760 0.064785 0.317647
Car -1 -1 -10 7.000000 203.000000 201.000000 347.000000 1.486326 1.574389 3.670480 -4.057122 1.314604 4.671971 -2.803713 0.317499
Car -1 -1 -10 1176.000000 123.000000 1243.000000 368.000000 1.549133 1.612079 3.943367 5.355267 1.491700 3.985010 -0.315290 0.284882
Car -1 -1 -10 429.000000 179.000000 504.000000 214.000000 1.631575 1.617722 4.017707 -7.413372 1.957998 35.707758 -3.161609 0.218719
Car -1 -1 -10 1.000000 199.000000 178.000000 274.000000 1.497160 1.621603 3.452820 -8.359413 1.849068 11.930050 0.378737 0.020306
Car -1 -1 -10 202.000000 193.000000 359.000000 244.000000 1.522044 1.589665 3.658876 -7.751244 1.632504 19.143745 -1.400178 0.010398
Cyclist -1 -1 -10 -3.000000 195.000000 181.000000 377.000000 1.638196 0.558749 1.724337 -3.021931 1.647258 3.763559 1.515563 0.860389
Cyclist -1 -1 -10 8.000000 197.000000 323.000000 329.000000 1.614849 0.815073 1.826846 -5.040244 2.118811 8.663064 1.547758 0.046227
