Pedestrian -1 -1 -10 836.000000 140.000000 895.000000 330.000000 1.785589 0.632591 0.854646 2.479242 1.425573 6.888755 1.445456 0.998271
Pedestrian -1 -1 -10 758.000000 144.000000 802.000000 254.000000 1.754889 0.636796 0.901198 2.703536 1.094074 10.972926 1.303243 0.998074
Pedestrian -1 -1 -10 478.000000 151.000000 497.000000 208.000000 1.646048 0.570487 0.629216 -3.252336 0.785533 19.315486 1.025454 0.954983
Pedestrian -1 -1 -10 648.000000 141.000000 671.000000 203.000000 1.796030 0.638400 0.769854 1.502880 0.606450 20.805964 -2.031964 0.851866
Pedestrian -1 -1 -10 491.000000 139.000000 505.000000 187.000000 1.669297 0.586130 0.595725 -2.550672 1.225145 17.678519 2.008957 0.391630
Pedestrian -1 -1 -10 495.000000 143.000000 515.000000 203.000000 1.668283 0.649118 0.607424 -2.744392 0.747620 19.731612 -2.252556 0.290814
Pedestrian -1 -1 -10 250.000000 133.000000 285.000000 259.000000 1.834429 0.685213 0.936533 -5.887824 1.103177 11.969824 -0.011624 0.255897
Pedestrian -1 -1 -10 259.000000 136.000000 316.000000 262.000000 1.790347 0.718221 0.903219 -5.142360 1.105834 11.687311 -0.417241 0.150525
Pedestrian -1 -1 -10 447.000000 143.000000 465.000000 192.000000 1.796435 0.724789 0.926245 -5.556359 0.421770 26.186748 1.365768 0.134805
Pedestrian -1 -1 -10 280.000000 144.000000 318.000000 226.000000 1.698609 0.647756 0.651582 -6.196839 1.319450 15.313800 2.133375 0.067519
Pedestrian -1 -1 -10 420.000000 142.000000 447.000000 202.000000 1.793129 0.739418 0.877669 -5.066484 0.616468 20.262883 0.761539 0.023225
Pedestrian -1 -1 -10 408.000000 139.000000 431.000000 198.000000 1.756493 0.680736 0.677266 -5.245126 0.347719 20.109605 1.229313 0.020438
Pedestrian -1 -1 -10 643.000000 146.000000 659.000000 193.000000 1.709960 0.639868 0.628187 1.655408 0.598686 25.479514 -2.053754 0.017197
Cyclist -1 -1 -10 495.000000 143.000000 516.000000 206.000000 1.746778 0.548194 1.695495 -2.863619 0.830195 19.842202 -1.285832 0.966364
Cyclist -1 -1 -10 411.000000 144.000000 452.000000 211.000000 1.703527 0.628670 1.503603 -4.789103 0.529880 19.051587 0.753965 0.729823
Cyclist -1 -1 -10 268.000000 140.000000 336.000000 242.000000 1.764513 0.561467 1.696262 -5.160227 1.064269 11.843854 -1.458581 0.628534
Cyclist -1 -1 -10 376.000000 145.000000 465.000000 215.000000 1.763305 0.726120 1.768297 -4.924575 0.651106 19.163068 1.816120 0.447144
Cyclist -1 -1 -10 288.000000 144.000000 374.000000 217.000000 1.748193 0.502410 1.748331 -6.668115 1.308314 17.400532 1.653341 0.249205
Cyclist -1 -1 -10 648.000000 141.000000 671.000000 203.000000 1.829488 0.577430 1.749326 1.399404 0.650556 20.996845 1.182922 0.238543
Cyclist -1 -1 -10 478.000000 145.000000 499.000000 204.000000 1.717794 0.602618 1.729287 -3.278800 0.846255 19.477749 -1.633759 0.215332
Cyclist -1 -1 -10 395.000000 143.000000 436.000000 201.000000 1.678182 0.650163 1.647119 -5.401143 0.221429 19.342602 2.784162 0.214539
Cyclist -1 -1 -10 323.000000 147.000000 368.000000 198.000000 1.701536 0.553409 1.616912 -5.933857 1.174093 16.580356 -2.523488 0.196405
Cyclist -1 -1 -10 432.000000 143.000000 453.000000 200.000000 1.723935 0.548317 1.631612 -4.879303 0.729957 21.393654 -1.792317 0.157465
Cyclist -1 -1 -10 357.000000 147.000000 431.000000 200.000000 1.693912 0.532427 1.510086 -6.651118 0.973827 21.799120 -1.881014 0.131151
Cyclist -1 -1 -10 445.000000 143.000000 466.000000 196.000000 1.839999 0.650421 1.761709 -5.632115 0.532131 26.121855 0.952085 0.115905
Cyclist -1 -1 -10 252.000000 136.000000 295.000000 258.000000 1.774172 0.625798 1.757339 -5.550378 1.107657 11.897632 0.690614 0.103167
Cyclist -1 -1 -10 342.000000 145.000000 388.000000 196.000000 1.744448 0.459533 1.191852 -6.472828 1.379555 19.437245 0.647936 0.095598
Cyclist -1 -1 -10 371.000000 143.000000 409.000000 195.000000 1.687808 0.554001 1.650522 -6.894198 0.445606 22.522032 0.748293 0.093953
Cyclist -1 -1 -10 490.000000 140.000000 506.000000 193.000000 1.679301 0.377459 1.065455 -3.070808 1.237251 21.535937 -1.693455 0.060095
