Car -1 -1 -10 277.000000 189.000000 409.000000 270.000000 1.565045 1.566347 3.696644 -5.771196 1.987430 15.982167 1.573798 0.999193
Car -1 -1 -10 744.000000 178.000000 964.000000 317.000000 1.487089 1.618656 3.877128 3.079260 1.613779 10.007480 -1.613376 0.997693
Car -1 -1 -10 373.000000 189.000000 455.000000 245.000000 1.468408 1.512629 3.602632 -5.719961 2.002380 21.053472 1.527986 0.997456
Car -1 -1 -10 708.000000 179.000000 818.000000 257.000000 1.493909 1.577849 3.453031 3.118767 1.609066 15.120606 -1.676265 0.986751
Car -1 -1 -10 692.000000 180.000000 767.000000 230.000000 1.500830 1.591271 3.690286 3.502748 1.633985 20.760246 -1.550055 0.895656
Car -1 -1 -10 842.000000 165.000000 924.000000 203.000000 1.455420 1.604421 3.908565 11.939261 1.015103 30.954083 2.533447 0.397818
Car -1 -1 -10 1111.000000 221.000000 1243.000000 374.000000 1.541334 1.560708 3.512220 3.187384 1.692641 2.377484 -1.537849 0.069904
Car -1 -1 -10 2.000000 186.000000 99.000000 260.000000 1.517920 1.575534 3.839157 -15.177857 1.842194 18.148869 -0.173999 0.061721
Car -1 -1 -10 836.000000 177.000000 929.000000 237.000000 1.553980 1.585905 3.847981 10.845192 1.877223 29.591371 1.357735 0.019654
Cyclist -1 -1 -10 835.000000 168.000000 928.000000 217.000000 1.677954 0.514024 1.434748 10.798748 1.153388 29.181085 -1.257827 0.011243
