Car -1 -1 -10 575.000000 177.000000 610.000000 209.000000 1.560497 1.622122 3.796016 -0.765798 1.168335 37.860555 -1.598993 0.999482
Car -1 -1 -10 305.000000 186.000000 446.000000 275.000000 1.448525 1.566875 3.634828 -4.376550 1.501207 14.074187 -1.561468 0.999084
Car -1 -1 -10 281.000000 176.000000 370.000000 236.000000 1.544063 1.650507 3.889465 -8.530942 1.472962 22.413488 -1.592059 0.995603
Car -1 -1 -10 479.000000 182.000000 523.000000 213.000000 1.479698 1.552487 3.715223 -4.885555 1.325892 33.351453 -1.597897 0.995483
Car -1 -1 -10 424.000000 182.000000 495.000000 229.000000 1.429135 1.597245 3.953511 -4.895275 1.332594 24.052116 -1.598038 0.988197
Car -1 -1 -10 0.000000 198.000000 209.000000 296.000000 1.438067 1.612876 3.866318 -8.296582 1.647949 11.964084 -1.628080 0.963499
Car -1 -1 -10 2.000000 249.000000 138.000000 375.000000 1.533106 1.634413 3.786412 -3.982147 1.827867 3.118591 -1.602903 0.727063
Car -1 -1 -10 56.000000 163.000000 219.000000 246.000000 1.745655 1.631518 3.781993 -12.270609 1.254130 19.016270 -1.578050 0.098615
Car -1 -1 -10 888.000000 210.000000 1228.000000 370.000000 1.558779 1.593745 3.635955 2.868027 1.703512 4.597737 -1.557648 0.014722
Car -1 -1 -10 518.000000 167.000000 551.000000 201.000000 1.946281 1.698612 3.867000 -5.214189 0.686607 49.248406 -1.595315 0.013185
