Car -1 -1 -10 450.000000 179.000000 512.000000 223.000000 1.503310 1.536516 3.575647 -4.655003 1.764934 26.661735 1.601659 0.999420
Car -1 -1 -10 760.000000 182.000000 968.000000 304.000000 1.560158 1.634558 3.809717 3.469217 1.703093 10.884924 -1.564220 0.997370
Car -1 -1 -10 145.000000 193.000000 383.000000 318.000000 1.462360 1.635174 4.123848 -4.929209 1.811119 10.737345 1.569131 0.997217
Car -1 -1 -10 698.000000 177.000000 775.000000 232.000000 1.481756 1.648250 4.046862 3.765519 1.707236 21.892545 -1.593569 0.996719
Car -1 -1 -10 726.000000 179.000000 841.000000 255.000000 1.524327 1.636246 3.842395 3.689594 1.684211 16.341544 -1.550377 0.991154
Car -1 -1 -10 484.000000 178.000000 534.000000 214.000000 1.524290 1.555371 3.726587 -4.413791 1.738963 31.430683 1.626682 0.985343
Car -1 -1 -10 847.000000 191.000000 1250.000000 377.000000 1.492583 1.626305 3.856157 3.486226 1.641389 5.639116 -1.594946 0.973441
Car -1 -1 -10 3.000000 196.000000 227.000000 375.000000 1.455210 1.590353 3.941039 -4.905696 1.834346 5.460922 1.616610 0.937605
Car -1 -1 -10 694.000000 177.000000 745.000000 219.000000 1.541429 1.581543 3.765094 4.146097 1.794967 27.462089 -1.563315 0.493656
Car -1 -1 -10 999.000000 176.000000 1096.000000 216.000000 1.537985 1.578403 3.775509 12.402550 1.213744 21.165066 -0.139360 0.359867
Car -1 -1 -10 1085.000000 172.000000 1240.000000 250.000000 1.560534 1.634071 3.851904 13.398384 1.432370 17.130962 -1.822650 0.247555
