Pedestrian -1 -1 -10 162.000000 173.000000 252.000000 368.000000 1.756443 0.601445 0.874272 -3.354103 1.606429 6.148518 -1.593779 0.998781
Pedestrian -1 -1 -10 856.000000 148.000000 936.000000 323.000000 1.700630 0.518736 0.715869 2.606564 1.374417 6.376882 3.051086 0.988690
Pedestrian -1 -1 -10 904.000000 150.000000 935.000000 228.000000 1.628143 0.626159 0.665419 5.499364 1.025313 12.358949 -1.642110 0.412210
Pedestrian -1 -1 -10 482.000000 168.000000 505.000000 216.000000 1.776877 0.659292 0.897097 -4.358459 1.274573 27.955264 -0.694745 0.176846
Pedestrian -1 -1 -10 471.000000 163.000000 488.000000 215.000000 1.740311 0.617516 0.835909 -4.734860 1.349374 27.769364 0.414378 0.055247
Pedestrian -1 -1 -10 898.000000 156.000000 924.000000 218.000000 1.677583 0.611197 0.730353 5.349165 1.071807 12.365626 -0.726652 0.049922
Pedestrian -1 -1 -10 886.000000 154.000000 929.000000 248.000000 1.667831 0.619371 0.690242 5.378322 1.073420 12.357149 -1.146496 0.043923
Pedestrian -1 -1 -10 888.000000 169.000000 933.000000 211.000000 1.684931 0.615839 0.638230 7.042458 0.735127 16.816537 -0.636291 0.018099
Pedestrian -1 -1 -10 547.000000 177.000000 566.000000 216.000000 1.572464 0.750018 0.858613 -1.658309 1.481211 27.446078 -2.057430 0.013718
Pedestrian -1 -1 -10 536.000000 179.000000 555.000000 216.000000 1.633389 0.693169 0.801853 -2.197923 1.444610 27.353151 -2.046930 0.013285
Car -1 -1 -10 678.000000 161.000000 747.000000 221.000000 1.748059 1.678005 3.722633 3.619682 1.206904 24.253064 -1.606118 0.979510
Cyclist -1 -1 -10 678.000000 163.000000 749.000000 222.000000 1.799396 0.717157 1.800497 3.250290 1.180328 22.477169 0.175027 0.115292
Cyclist -1 -1 -10 709.000000 179.000000 754.000000 232.000000 1.662862 0.549664 1.541852 3.054481 1.701361 16.820868 -1.463927 0.047404
Cyclist -1 -1 -10 482.000000 169.000000 507.000000 216.000000 1.767750 0.536237 1.655765 -4.428098 1.338275 28.348324 -2.174398 0.045822
Cyclist -1 -1 -10 896.000000 152.000000 932.000000 227.000000 1.691828 0.581399 1.660103 5.419807 0.995811 12.420037 -1.694083 0.021959
Cyclist -1 -1 -10 858.000000 147.000000 934.000000 321.000000 1.706521 0.519996 1.682871 2.558566 1.437366 6.445954 -1.696294 0.011418
Cyclist -1 -1 -10 885.000000 171.000000 930.000000 211.000000 1.677954 0.514024 1.434747 7.022464 1.127028 17.110745 -1.214138 0.010711
