Pedestrian -1 -1 -10 104.000000 164.000000 152.000000 302.000000 1.718305 0.587256 0.578724 -5.160674 1.428804 7.746080 -1.692835 0.911807
Pedestrian -1 -1 -10 157.000000 172.000000 194.000000 292.000000 1.683280 0.612588 0.624024 -12.687940 1.630437 21.021094 1.980775 0.898532
Pedestrian -1 -1 -10 102.000000 174.000000 225.000000 294.000000 1.739668 0.629327 0.658875 -5.024185 1.533058 7.891367 -1.744449 0.161223
Pedestrian -1 -1 -10 128.000000 168.000000 162.000000 299.000000 1.689291 0.551661 0.595247 -5.094711 1.318548 7.820527 2.023072 0.035511
Pedestrian -1 -1 -10 168.000000 181.000000 209.000000 273.000000 1.622675 0.587389 0.601286 -8.432085 1.167335 14.717415 -0.462482 0.027344
Pedestrian -1 -1 -10 13.000000 195.000000 279.000000 357.000000 1.700121 0.763978 0.773319 -2.773965 1.866369 4.273822 -2.456363 0.015380
Pedestrian -1 -1 -10 152.000000 188.000000 239.000000 284.000000 1.710930 0.525492 0.599753 -5.195383 1.584452 9.768385 2.470331 0.010853
Car -1 -1 -10 670.000000 178.000000 785.000000 260.000000 1.462468 1.659139 4.069566 2.223030 1.553950 14.917217 -1.617467 0.998962
Car -1 -1 -10 498.000000 177.000000 547.000000 223.000000 1.565615 1.642418 4.100170 -3.437004 1.790984 28.456510 -1.673630 0.997257
Car -1 -1 -10 634.000000 176.000000 697.000000 221.000000 1.546118 1.632732 3.962211 1.962975 1.685437 27.272540 -1.689913 0.996763
Car -1 -1 -10 -3.000000 195.000000 358.000000 371.000000 1.445056 1.636500 4.043014 -3.448766 1.614921 5.704508 -1.635598 0.995277
Car -1 -1 -10 182.000000 189.000000 327.000000 255.000000 1.513931 1.612791 3.774690 -9.174270 1.939101 18.822553 -3.079085 0.968463
Car -1 -1 -10 620.000000 175.000000 662.000000 207.000000 1.686251 1.630860 3.741475 1.664614 1.931132 43.470677 -1.538546 0.484776
Car -1 -1 -10 531.000000 181.000000 557.000000 208.000000 1.550329 1.628406 3.813418 -3.483325 2.001563 41.944378 -1.632273 0.247035
Car -1 -1 -10 617.000000 174.000000 644.000000 200.000000 1.586471 1.644252 3.731405 1.506760 1.729812 43.471989 -1.604733 0.047529
Car -1 -1 -10 514.000000 180.000000 552.000000 211.000000 1.508101 1.611795 3.768012 -3.082058 1.868493 41.956575 -1.106805 0.040931
Car -1 -1 -10 128.000000 194.000000 328.000000 297.000000 1.570868 1.557033 3.523438 -9.147142 2.128059 18.232437 0.645273 0.019211
Car -1 -1 -10 99.000000 167.000000 149.000000 318.000000 1.529039 1.564083 3.329480 -11.761616 1.625784 17.847367 1.880255 0.010549
Cyclist -1 -1 -10 147.000000 182.000000 210.000000 280.000000 1.688341 0.554585 1.570226 -12.653407 1.782836 21.017568 -2.107337 0.134872
Cyclist -1 -1 -10 169.000000 189.000000 323.000000 264.000000 1.717893 0.812026 1.962654 -8.472377 1.920438 17.582151 -3.162274 0.134668
Cyclist -1 -1 -10 81.000000 182.000000 232.000000 280.000000 1.705832 0.573153 1.546151 -3.433545 1.526099 5.556489 2.542039 0.064393
Cyclist -1 -1 -10 95.000000 163.000000 163.000000 307.000000 1.696683 0.645293 1.673683 -5.283618 1.345469 7.811341 -2.163459 0.012629
