Pedestrian -1 -1 -10 706.000000 166.000000 714.000000 210.000000 1.698604 0.589747 0.723105 4.831650 1.375306 33.545823 2.659773 0.077636
Pedestrian -1 -1 -10 811.000000 188.000000 845.000000 257.000000 1.642866 0.582570 0.644032 4.303034 1.904582 14.243089 2.968799 0.039759
Pedestrian -1 -1 -10 709.000000 169.000000 730.000000 224.000000 1.643778 0.587174 0.587765 2.397303 1.040604 15.471381 0.215005 0.022456
Car -1 -1 -10 424.000000 189.000000 523.000000 266.000000 1.511348 1.545801 3.548400 -2.811481 1.846973 15.401117 1.555354 0.999475
Car -1 -1 -10 680.000000 179.000000 784.000000 260.000000 1.613666 1.661073 3.785569 2.415486 1.753435 15.960572 -1.591154 0.999006
Car -1 -1 -10 532.000000 180.000000 570.000000 210.000000 1.634191 1.706856 4.268248 -3.172914 2.042650 40.292310 1.616335 0.998997
Car -1 -1 -10 663.000000 176.000000 719.000000 240.000000 1.486719 1.582038 3.641222 2.307457 1.765545 20.617462 -1.570669 0.971235
Car -1 -1 -10 1068.000000 190.000000 1243.000000 375.000000 1.519028 1.592150 3.742822 2.618920 1.442132 1.122287 1.532772 0.662860
Car -1 -1 -10 655.000000 176.000000 696.000000 228.000000 1.668247 1.614951 3.939192 2.382436 1.801508 25.617593 -1.656807 0.507905
Car -1 -1 -10 640.000000 172.000000 677.000000 210.000000 1.936866 1.728897 4.045730 2.580380 1.964712 39.970614 -1.609674 0.488358
Car -1 -1 -10 1.000000 183.000000 82.000000 368.000000 1.516995 1.591292 3.682063 -3.064691 1.374067 1.458140 -1.551322 0.240663
Car -1 -1 -10 633.000000 176.000000 663.000000 207.000000 1.545088 1.593980 3.701695 2.350080 1.775664 39.520928 -1.612275 0.063231
Cyclist -1 -1 -10 810.000000 186.000000 846.000000 259.000000 1.665689 0.458212 1.743933 4.226383 1.873779 14.258205 -1.685651 0.997415
