Car -1 -1 -10 374.000000 190.000000 467.000000 242.000000 1.491206 1.635245 4.056311 -5.828499 2.070294 22.899431 1.609329 0.998476
Car -1 -1 -10 237.000000 196.000000 394.000000 280.000000 1.484131 1.627028 4.029139 -5.987239 2.012859 15.350758 1.554979 0.998344
Car -1 -1 -10 705.000000 176.000000 804.000000 245.000000 1.474322 1.620456 3.910307 3.215254 1.568820 17.133781 -1.596041 0.998220
Car -1 -1 -10 -4.000000 205.000000 273.000000 362.000000 1.469536 1.572232 3.669489 -5.926848 1.995086 9.317526 1.579213 0.996345
Car -1 -1 -10 682.000000 176.000000 757.000000 229.000000 1.557080 1.655578 3.915988 3.158822 1.632030 22.659963 -1.562554 0.986979
Car -1 -1 -10 1011.000000 134.000000 1239.000000 238.000000 1.615312 1.631976 4.101078 9.418509 0.980690 11.173921 3.195139 0.979024
Car -1 -1 -10 660.000000 178.000000 717.000000 213.000000 1.504425 1.608764 3.949350 3.348529 1.699390 32.739066 1.512041 0.959524
Car -1 -1 -10 917.000000 151.000000 1110.000000 222.000000 1.541545 1.577086 3.836040 8.949344 1.113941 16.208053 -0.090572 0.921574
Car -1 -1 -10 430.000000 187.000000 494.000000 228.000000 1.505592 1.566123 3.634491 -5.908650 2.116996 28.891671 1.542443 0.920688
Car -1 -1 -10 844.000000 154.000000 1027.000000 218.000000 1.516678 1.656302 4.148633 8.409070 1.130347 19.147466 3.056956 0.872591
Car -1 -1 -10 481.000000 184.000000 525.000000 214.000000 1.540271 1.600103 4.094725 -5.752249 2.127991 37.767086 1.650474 0.673895
Car -1 -1 -10 652.000000 179.000000 694.000000 206.000000 1.559834 1.550812 3.467238 3.253024 1.915696 35.317965 -1.583494 0.480489
