Car -1 -1 -10 560.000000 179.000000 622.000000 235.000000 1.509406 1.655975 3.643025 -0.530213 1.352841 22.408521 -1.591868 0.999386
Car -1 -1 -10 376.000000 176.000000 502.000000 272.000000 1.572006 1.618028 3.901885 -3.271022 1.433442 14.306852 -1.586752 0.999012
Car -1 -1 -10 9.000000 197.000000 422.000000 373.000000 1.503030 1.627329 4.006478 -3.184159 1.606678 6.744767 -1.570305 0.998743
Car -1 -1 -10 488.000000 179.000000 546.000000 225.000000 1.585204 1.638664 4.014843 -3.312475 1.422329 26.916719 -1.615224 0.998454
Car -1 -1 -10 301.000000 184.000000 359.000000 217.000000 1.502984 1.638178 3.896986 -12.664026 1.473855 32.763143 -1.514980 0.640434
Car -1 -1 -10 187.000000 187.000000 281.000000 237.000000 1.572922 1.605545 3.548230 -16.328146 1.526613 31.178547 1.567250 0.328129
Car -1 -1 -10 346.000000 179.000000 427.000000 225.000000 1.561662 1.637215 3.926953 -7.688718 1.431652 25.771488 -1.468204 0.089793
Car -1 -1 -10 104.000000 196.000000 218.000000 239.000000 1.513670 1.556775 4.040513 -13.375377 1.450528 22.133567 0.447370 0.059019
Car -1 -1 -10 54.000000 197.000000 277.000000 288.000000 1.440104 1.599027 3.805889 -7.490997 1.591501 13.465393 -1.569064 0.021167
Cyclist -1 -1 -10 187.000000 192.000000 299.000000 243.000000 1.711863 0.540657 1.535704 -3.457633 1.309889 7.248080 -1.392787 0.020018
