Car -1 -1 -10 163.000000 188.000000 429.000000 345.000000 1.483984 1.598165 3.745251 -3.524613 1.527778 8.732240 -1.552987 0.999786
Car -1 -1 -10 582.000000 178.000000 622.000000 214.000000 1.585205 1.641038 3.981637 -0.282316 1.287948 34.340255 -1.584529 0.999738
Car -1 -1 -10 457.000000 185.000000 530.000000 238.000000 1.416651 1.601348 3.908353 -3.278232 1.431626 21.067101 -1.573593 0.999502
Car -1 -1 -10 127.000000 186.000000 309.000000 275.000000 1.478462 1.599830 3.821803 -7.508309 1.623407 14.525678 -1.474637 0.994022
Car -1 -1 -10 355.000000 184.000000 426.000000 228.000000 1.438771 1.580526 3.793841 -7.423714 1.438188 24.470710 -1.586820 0.946849
Car -1 -1 -10 5.000000 183.000000 203.000000 254.000000 1.463271 1.594871 3.856340 -11.446473 1.521992 16.435982 -1.568632 0.914927
Car -1 -1 -10 505.000000 183.000000 536.000000 211.000000 1.547096 1.599089 3.752667 -4.613911 1.318459 35.900920 1.505837 0.694411
Car -1 -1 -10 418.000000 180.000000 470.000000 213.000000 1.581133 1.621204 3.948769 -7.620152 1.209477 34.417026 -1.685115 0.587104
Car -1 -1 -10 0.000000 197.000000 92.000000 323.000000 1.480933 1.616634 3.742254 -7.597946 1.616422 7.779142 -1.567614 0.253514
Car -1 -1 -10 314.000000 183.000000 371.000000 215.000000 1.503811 1.610642 3.927871 -12.731925 1.271994 33.657274 -3.038380 0.243140
