Pedestrian -1 -1 -10 799.000000 165.000000 809.000000 210.000000 1.681490 0.556554 0.584349 7.022179 1.810079 26.666190 0.846658 0.011440
Car -1 -1 -10 664.000000 176.000000 734.000000 226.000000 1.414754 1.662111 3.984988 2.565240 1.552474 22.363727 -1.595675 0.999601
Car -1 -1 -10 153.000000 175.000000 425.000000 262.000000 1.531354 1.638267 4.168281 -6.007434 1.545208 14.593921 0.090348 0.987448
Car -1 -1 -10 -1.000000 180.000000 289.000000 305.000000 1.545805 1.618854 3.848266 -6.076879 1.615642 9.037339 -3.156957 0.983176
Car -1 -1 -10 729.000000 170.000000 823.000000 217.000000 1.522688 1.613135 3.826750 6.140545 1.522342 27.495729 0.041525 0.895605
Car -1 -1 -10 346.000000 172.000000 505.000000 221.000000 1.588813 1.648487 4.217118 -5.710205 1.553642 24.178943 -0.128270 0.846631
Car -1 -1 -10 443.000000 169.000000 539.000000 202.000000 1.493604 1.573166 4.143314 -6.068211 1.461172 36.537116 -3.099777 0.689726
Car -1 -1 -10 751.000000 176.000000 886.000000 251.000000 1.513035 1.584982 3.728677 2.383124 1.708703 15.275872 3.411896 0.283298
Car -1 -1 -10 315.000000 170.000000 438.000000 227.000000 1.628379 1.625762 3.949193 -6.811130 1.582974 21.235735 -3.264764 0.163608
Car -1 -1 -10 785.000000 84.000000 1240.000000 368.000000 1.843143 1.752553 4.434522 2.933774 1.256337 4.235453 -1.573240 0.101569
Car -1 -1 -10 435.000000 176.000000 506.000000 207.000000 1.527200 1.537058 3.379360 -4.747746 1.350478 34.305948 1.393622 0.075296
Car -1 -1 -10 254.000000 174.000000 400.000000 233.000000 1.608042 1.644735 4.095489 -7.609794 1.353108 19.571301 0.722404 0.065742
Car -1 -1 -10 689.000000 169.000000 744.000000 207.000000 1.579674 1.506696 3.180009 3.889882 1.612188 23.621790 2.440906 0.064764
Car -1 -1 -10 491.000000 168.000000 552.000000 193.000000 1.504642 1.500722 3.529989 -4.851615 1.494425 42.152869 1.519432 0.051388
Car -1 -1 -10 777.000000 173.000000 835.000000 251.000000 1.517001 1.599767 3.631801 3.413651 1.870549 15.256704 -1.281320 0.047711
