Pedestrian -1 -1 -10 872.000000 148.000000 980.000000 370.000000 1.792425 0.650809 1.013960 2.625226 1.544273 5.934381 -1.588265 0.997396
Pedestrian -1 -1 -10 615.000000 165.000000 643.000000 241.000000 1.731353 0.647182 0.922581 0.638063 1.373878 17.410672 3.134430 0.992153
Pedestrian -1 -1 -10 568.000000 166.000000 602.000000 253.000000 1.782825 0.703552 0.911880 -0.432961 1.456183 14.960891 1.599394 0.990118
Pedestrian -1 -1 -10 850.000000 180.000000 881.000000 258.000000 1.707204 0.608276 0.580600 6.440554 1.211820 16.972679 2.901144 0.360228
Pedestrian -1 -1 -10 992.000000 187.000000 1034.000000 279.000000 1.710706 0.543225 0.574438 6.021460 1.476056 10.399485 3.100959 0.243674
Pedestrian -1 -1 -10 755.000000 165.000000 767.000000 208.000000 1.725392 0.636625 0.739417 6.363443 0.973453 28.810877 -1.731014 0.103387
Pedestrian -1 -1 -10 1168.000000 113.000000 1235.000000 371.000000 1.684219 0.579553 0.718523 7.196450 1.960342 8.556995 -0.793651 0.082683
Pedestrian -1 -1 -10 875.000000 170.000000 926.000000 272.000000 1.716470 0.678038 0.577436 4.374980 1.854657 11.029119 -0.686544 0.045502
Pedestrian -1 -1 -10 888.000000 178.000000 911.000000 265.000000 1.758439 0.626269 0.662116 6.192808 1.236889 15.071203 0.959576 0.036512
Pedestrian -1 -1 -10 937.000000 178.000000 976.000000 289.000000 1.755197 0.581050 0.677783 4.711174 1.562302 10.031642 -0.600708 0.025557
Pedestrian -1 -1 -10 896.000000 175.000000 917.000000 247.000000 1.709097 0.607491 0.577445 2.506420 1.533252 5.747168 3.018077 0.024310
Pedestrian -1 -1 -10 894.000000 157.000000 935.000000 254.000000 1.693443 0.528921 0.576583 5.032732 1.483744 10.806643 3.402883 0.017584
Pedestrian -1 -1 -10 858.000000 176.000000 905.000000 265.000000 1.688290 0.534957 0.591256 5.020066 1.633316 13.307156 2.973938 0.014508
Pedestrian -1 -1 -10 909.000000 166.000000 952.000000 253.000000 1.678841 0.540738 0.541621 6.348390 1.283435 13.497009 3.014481 0.011972
Car -1 -1 -10 392.000000 155.000000 558.000000 271.000000 2.003044 1.773393 4.332186 -2.325759 1.499414 14.261131 1.696198 0.952679
Car -1 -1 -10 496.000000 163.000000 585.000000 234.000000 1.831888 1.654578 4.035796 -1.299020 1.322261 20.671921 1.582271 0.084221
Car -1 -1 -10 567.000000 166.000000 604.000000 251.000000 1.655601 1.535555 3.024676 0.120939 1.350369 15.401687 0.114459 0.020396
Cyclist -1 -1 -10 1168.000000 113.000000 1235.000000 371.000000 1.677954 0.514024 1.434748 3.860673 1.613064 4.498007 -0.920567 0.024515
Cyclist -1 -1 -10 846.000000 181.000000 886.000000 257.000000 1.667971 0.523362 1.486571 6.391809 1.049571 16.997850 0.491348 0.017838
Cyclist -1 -1 -10 858.000000 176.000000 905.000000 265.000000 1.700340 0.523128 1.608050 6.455331 1.431987 15.792593 -0.558305 0.010373
