Car -1 -1 -10 660.000000 176.000000 722.000000 223.000000 1.425497 1.668696 4.018962 2.611719 1.593165 24.362131 -1.577509 0.998931
Car -1 -1 -10 -1.000000 172.000000 299.000000 313.000000 1.631817 1.672042 4.036477 -6.214035 1.539703 8.902029 -0.021430 0.985816
Car -1 -1 -10 229.000000 172.000000 448.000000 248.000000 1.543163 1.624150 4.260408 -5.939269 1.581676 16.475702 -0.036219 0.985751
Car -1 -1 -10 385.000000 172.000000 509.000000 216.000000 1.790331 1.686529 4.234134 -6.157826 1.571629 28.134271 -3.170821 0.808351
Car -1 -1 -10 730.000000 177.000000 853.000000 249.000000 1.529484 1.621823 3.774530 3.865482 1.608061 16.281625 1.408057 0.798439
Car -1 -1 -10 458.000000 169.000000 545.000000 201.000000 1.492739 1.576053 4.038663 -6.007999 1.525537 38.543339 -2.921528 0.560040
Car -1 -1 -10 91.000000 182.000000 357.000000 261.000000 1.598260 1.610740 4.166386 -6.784804 1.720394 13.279801 -1.089111 0.319013
Car -1 -1 -10 662.000000 170.000000 700.000000 205.000000 1.600570 1.622802 3.818239 5.369586 1.487117 53.492787 2.105767 0.128526
Car -1 -1 -10 349.000000 170.000000 460.000000 225.000000 1.714894 1.612893 3.877483 -6.638286 1.654468 23.669546 -3.246046 0.102394
Car -1 -1 -10 724.000000 173.000000 807.000000 220.000000 1.567066 1.645420 4.073532 6.124845 1.571463 30.007407 0.092271 0.077085
Car -1 -1 -10 443.000000 175.000000 511.000000 206.000000 1.403448 1.514858 3.139992 -4.280920 1.493778 23.943189 0.628126 0.071313
Car -1 -1 -10 793.000000 131.000000 1254.000000 372.000000 1.829636 1.660045 3.978703 2.737596 1.498718 5.485681 -1.559010 0.039837
