Pedestrian -1 -1 -10 474.000000 157.000000 517.000000 291.000000 1.800867 0.686009 0.855926 -1.585138 1.462859 9.990418 1.411890 0.998679
Pedestrian -1 -1 -10 610.000000 159.000000 640.000000 235.000000 1.711958 0.601371 0.866508 0.449835 1.180447 16.507510 -1.169912 0.998221
Pedestrian -1 -1 -10 430.000000 167.000000 479.000000 296.000000 1.743172 0.662892 0.904080 -2.070943 1.516468 9.651695 1.434032 0.994926
Pedestrian -1 -1 -10 1114.000000 94.000000 1237.000000 367.000000 1.802738 0.628224 1.046678 4.268053 1.224508 5.363987 -1.436694 0.991106
Pedestrian -1 -1 -10 660.000000 162.000000 690.000000 233.000000 1.770275 0.678035 0.868277 1.646289 1.269112 16.850821 -1.835725 0.937966
Pedestrian -1 -1 -10 126.000000 229.000000 248.000000 372.000000 1.707488 0.597942 0.654080 -2.743418 1.947065 4.920191 -1.658313 0.760729
Pedestrian -1 -1 -10 692.000000 165.000000 714.000000 224.000000 1.736117 0.608975 0.798014 2.751851 1.170737 19.352201 -1.891148 0.729654
Pedestrian -1 -1 -10 0.000000 230.000000 98.000000 367.000000 1.674738 0.586470 0.632720 -3.083439 1.604280 3.902291 -2.833779 0.245497
Pedestrian -1 -1 -10 419.000000 165.000000 442.000000 230.000000 1.687858 0.614263 0.703382 -4.074162 1.211788 17.110551 0.944355 0.223992
Pedestrian -1 -1 -10 673.000000 160.000000 694.000000 222.000000 1.715747 0.577854 0.608075 1.919069 1.367697 15.667964 2.717206 0.121588
Pedestrian -1 -1 -10 255.000000 218.000000 353.000000 363.000000 1.690672 0.622830 0.686815 -2.476021 1.964694 6.112250 0.720425 0.096330
Pedestrian -1 -1 -10 417.000000 165.000000 459.000000 260.000000 1.727158 0.657949 0.719671 -2.552060 1.843639 10.600430 -2.260932 0.088080
Pedestrian -1 -1 -10 3.000000 225.000000 211.000000 371.000000 1.742302 0.643696 0.610769 -2.849381 2.124926 3.978842 -2.690978 0.082001
Pedestrian -1 -1 -10 369.000000 192.000000 406.000000 276.000000 1.704900 0.549822 0.602439 -4.008289 1.526943 13.910918 2.362806 0.073176
Pedestrian -1 -1 -10 1077.000000 138.000000 1106.000000 228.000000 1.727559 0.538552 0.616683 7.968400 1.290117 11.145100 3.579510 0.067338
Pedestrian -1 -1 -10 686.000000 161.000000 707.000000 215.000000 1.795503 0.650518 0.744763 2.691563 1.072800 19.924615 2.226930 0.049657
Car -1 -1 -10 561.000000 168.000000 593.000000 195.000000 1.578769 1.627896 3.889605 -1.734192 0.799618 44.752461 1.500975 0.997766
Cyclist -1 -1 -10 119.000000 227.000000 250.000000 374.000000 1.674885 0.499140 1.604917 -2.743580 1.816021 4.522242 -1.634150 0.376163
Cyclist -1 -1 -10 717.000000 157.000000 754.000000 220.000000 1.724747 0.629970 1.700913 3.675390 0.973631 20.523575 -1.938118 0.268424
Cyclist -1 -1 -10 1.000000 221.000000 166.000000 374.000000 1.623275 0.513197 1.633394 -2.749578 1.948089 3.721356 0.966981 0.164856
Cyclist -1 -1 -10 924.000000 186.000000 1128.000000 369.000000 1.644102 0.621808 1.669711 2.004323 1.885913 3.826455 -0.537503 0.100338
Cyclist -1 -1 -10 1038.000000 113.000000 1224.000000 360.000000 1.803764 0.497317 1.701162 4.227427 1.282538 5.478338 -1.406003 0.062356
