Pedestrian -1 -1 -10 244.000000 181.000000 290.000000 293.000000 1.780292 0.719703 0.894096 -5.733571 1.891828 12.287636 1.205470 0.968212
Pedestrian -1 -1 -10 200.000000 192.000000 234.000000 292.000000 1.725185 0.609040 0.672633 -6.735967 1.941689 12.371712 2.066815 0.958597
Pedestrian -1 -1 -10 566.000000 177.000000 574.000000 203.000000 1.728924 0.576243 0.704369 -3.010574 2.146261 53.767819 -0.069836 0.270741
Pedestrian -1 -1 -10 0.000000 215.000000 77.000000 370.000000 1.659961 0.605992 0.694512 -4.588848 2.238006 6.197931 -0.131828 0.087203
Pedestrian -1 -1 -10 206.000000 197.000000 278.000000 287.000000 1.665484 0.772700 0.626402 -6.177375 1.879503 12.100150 -1.940109 0.014961
Car -1 -1 -10 717.000000 182.000000 861.000000 290.000000 1.449694 1.591852 3.630435 2.704664 1.613087 11.669408 -1.549472 0.999738
Car -1 -1 -10 658.000000 177.000000 710.000000 219.000000 1.553708 1.593921 3.582214 2.682337 1.746553 27.245086 -1.606945 0.999182
Car -1 -1 -10 348.000000 182.000000 474.000000 267.000000 1.764770 1.658145 4.054224 -4.464703 1.968359 16.815125 -1.540796 0.998973
Car -1 -1 -10 468.000000 184.000000 521.000000 224.000000 1.544335 1.602276 3.867730 -4.839380 2.030052 30.796351 1.574624 0.998799
Car -1 -1 -10 19.000000 213.000000 343.000000 374.000000 1.479007 1.582780 3.652065 -4.203858 1.921339 7.674640 -1.587358 0.997650
Car -1 -1 -10 -1.000000 199.000000 94.000000 368.000000 1.467804 1.586170 3.886204 -4.038538 1.922030 7.565729 -2.175741 0.015308
Cyclist -1 -1 -10 183.000000 205.000000 242.000000 281.000000 1.674943 0.632948 1.625258 -6.563765 1.847904 12.269920 1.655173 0.029019
Cyclist -1 -1 -10 0.000000 179.000000 76.000000 368.000000 1.730304 0.575462 1.613240 -4.642107 2.158612 6.172030 -2.224620 0.019146
Cyclist -1 -1 -10 160.000000 199.000000 296.000000 292.000000 1.719676 0.576196 1.512146 -6.398432 1.533231 12.064556 -2.028165 0.018792
Cyclist -1 -1 -10 236.000000 185.000000 293.000000 289.000000 1.702236 0.745201 1.811906 -5.911004 1.668787 12.423124 2.633202 0.017666
Cyclist -1 -1 -10 577.000000 174.000000 588.000000 202.000000 1.755445 0.585269 1.724821 -2.150853 2.055970 54.532100 -1.532369 0.015849
