Pedestrian -1 -1 -10 651.000000 170.000000 665.000000 215.000000 1.834903 0.613898 0.706773 1.753566 1.638981 26.486051 1.128411 0.274355
Pedestrian -1 -1 -10 651.000000 168.000000 682.000000 216.000000 1.738679 0.656721 0.859597 1.939405 1.482050 24.924330 3.169196 0.039649
Pedestrian -1 -1 -10 657.000000 167.000000 668.000000 208.000000 1.715381 0.613199 0.743873 1.784772 1.339118 25.116534 -2.067704 0.017390
Pedestrian -1 -1 -10 663.000000 168.000000 676.000000 216.000000 1.757262 0.619013 0.839299 2.033405 1.480107 25.089860 3.181011 0.016042
Car -1 -1 -10 435.000000 176.000000 531.000000 252.000000 1.599416 1.624690 3.807641 -2.952036 1.664290 17.288077 -1.603762 0.998730
Car -1 -1 -10 266.000000 185.000000 343.000000 226.000000 1.545048 1.611624 3.903847 -12.655034 2.124362 30.396179 1.580252 0.996222
Car -1 -1 -10 586.000000 174.000000 612.000000 200.000000 1.545256 1.620555 3.855153 -0.612319 1.725676 46.751587 -1.599756 0.994374
Car -1 -1 -10 1.000000 192.000000 120.000000 310.000000 1.499068 1.616082 3.917119 -9.591870 2.013206 11.255696 1.547436 0.385826
Car -1 -1 -10 434.000000 176.000000 496.000000 228.000000 1.531186 1.585505 3.601792 -4.627233 1.435716 25.467066 -1.102442 0.020829
Cyclist -1 -1 -10 659.000000 164.000000 713.000000 220.000000 1.698239 0.671074 1.729676 2.285382 1.533201 23.662222 0.198527 0.999356
Cyclist -1 -1 -10 654.000000 168.000000 685.000000 217.000000 1.725673 0.553971 1.702480 2.056165 1.476887 25.144428 1.182830 0.900289
Cyclist -1 -1 -10 650.000000 169.000000 670.000000 216.000000 1.751996 0.574279 1.726017 1.812763 1.439476 25.574591 1.716101 0.385127
Cyclist -1 -1 -10 660.000000 168.000000 672.000000 213.000000 1.755058 0.613591 1.781507 1.869575 1.396935 25.154984 1.692173 0.024625
Cyclist -1 -1 -10 673.000000 165.000000 701.000000 209.000000 1.667464 0.567643 1.737334 2.400612 1.338339 23.374556 -1.953216 0.019465
