Car -1 -1 -10 665.000000 182.000000 726.000000 229.000000 1.466376 1.596735 3.685557 2.860369 1.902066 24.737918 -1.572033 0.998753
Car -1 -1 -10 781.000000 205.000000 1108.000000 374.000000 1.467270 1.626826 3.721048 2.915471 1.834084 7.250898 -1.582108 0.996825
Car -1 -1 -10 715.000000 185.000000 864.000000 292.000000 1.545009 1.631587 3.774401 2.916711 1.783510 12.669402 -1.619538 0.996601
Car -1 -1 -10 352.000000 180.000000 478.000000 230.000000 1.529045 1.619183 3.808785 -6.064217 1.840304 23.560925 0.661626 0.989628
Car -1 -1 -10 15.000000 160.000000 310.000000 319.000000 1.827539 1.657602 4.023674 -6.082954 1.717063 8.540750 -0.057498 0.988449
Car -1 -1 -10 158.000000 173.000000 417.000000 272.000000 1.544233 1.578622 3.760313 -5.973001 1.819422 13.774855 -3.410737 0.986625
Car -1 -1 -10 646.000000 178.000000 687.000000 213.000000 1.591837 1.640698 3.851856 2.699968 1.921682 35.562258 -1.580011 0.937446
Car -1 -1 -10 936.000000 185.000000 1246.000000 376.000000 1.534002 1.643428 3.806268 2.727116 1.646823 1.784216 -1.563070 0.931242
Car -1 -1 -10 387.000000 177.000000 511.000000 220.000000 1.707050 1.690512 3.952922 -6.221221 1.810512 28.251291 -3.215492 0.631476
Car -1 -1 -10 1.000000 178.000000 176.000000 366.000000 1.634793 1.648651 3.965224 -6.348000 1.761073 6.505981 -3.131722 0.180066
Car -1 -1 -10 439.000000 181.000000 525.000000 214.000000 1.574363 1.635445 3.845010 -5.606217 1.924445 36.275726 -3.179046 0.159836
