Pedestrian -1 -1 -10 621.000000 140.000000 662.000000 250.000000 1.799640 0.699085 0.895138 0.546601 1.083219 11.524662 1.195480 0.997191
Pedestrian -1 -1 -10 573.000000 140.000000 611.000000 256.000000 1.777803 0.687995 0.861392 -0.261276 1.094496 11.315111 1.007962 0.997141
Pedestrian -1 -1 -10 901.000000 163.000000 1005.000000 367.000000 1.667260 0.610592 0.620575 2.626654 1.459479 5.269285 1.030507 0.996161
Pedestrian -1 -1 -10 544.000000 137.000000 584.000000 262.000000 1.794894 0.717644 1.041553 -0.657351 1.155531 10.930055 0.987469 0.995950
Pedestrian -1 -1 -10 821.000000 174.000000 930.000000 371.000000 1.637781 0.587752 0.655288 1.978267 1.590027 4.968737 0.881903 0.994749
Pedestrian -1 -1 -10 512.000000 143.000000 538.000000 207.000000 1.729315 0.710828 0.892998 -2.275033 0.680722 19.411883 1.115691 0.935862
Pedestrian -1 -1 -10 539.000000 137.000000 560.000000 207.000000 1.773771 0.645213 0.839441 -1.736545 0.619500 19.741216 1.067316 0.847616
Pedestrian -1 -1 -10 614.000000 143.000000 649.000000 224.000000 1.749995 0.597543 0.742863 0.413935 0.819480 12.452672 1.102675 0.745789
Pedestrian -1 -1 -10 479.000000 145.000000 499.000000 207.000000 1.768902 0.673795 0.850118 -3.293977 0.757406 19.473857 1.031612 0.679484
Pedestrian -1 -1 -10 607.000000 144.000000 635.000000 213.000000 1.778726 0.621420 0.661564 0.136842 0.796839 17.763395 -2.045513 0.590015
Pedestrian -1 -1 -10 500.000000 144.000000 520.000000 204.000000 1.760112 0.595376 0.700013 -2.979953 0.779778 20.540821 -2.177114 0.578267
Pedestrian -1 -1 -10 649.000000 142.000000 668.000000 199.000000 1.742555 0.709008 0.823204 1.665574 0.601309 21.754573 0.166869 0.563813
Pedestrian -1 -1 -10 272.000000 136.000000 324.000000 256.000000 1.798778 0.739595 0.915623 -4.988773 1.073799 11.557465 -0.267812 0.405609
Pedestrian -1 -1 -10 244.000000 134.000000 281.000000 250.000000 1.811524 0.653244 0.888879 -5.928423 1.119619 12.035233 1.621133 0.350595
Pedestrian -1 -1 -10 449.000000 143.000000 471.000000 203.000000 1.766005 0.673912 0.894424 -4.099428 0.736587 20.162795 0.943977 0.341944
Pedestrian -1 -1 -10 528.000000 139.000000 549.000000 199.000000 1.693139 0.627495 0.680466 -1.885431 0.555194 19.725304 0.960405 0.225423
Pedestrian -1 -1 -10 496.000000 143.000000 511.000000 201.000000 1.824551 0.679679 0.772422 -3.683572 0.576576 24.086318 1.021285 0.163428
Pedestrian -1 -1 -10 640.000000 143.000000 663.000000 217.000000 1.677342 0.610105 0.520922 1.811376 1.731104 22.971930 -1.508482 0.161007
Pedestrian -1 -1 -10 472.000000 149.000000 490.000000 205.000000 1.739797 0.582422 0.766800 -3.806957 0.786691 20.397698 1.895221 0.122490
Pedestrian -1 -1 -10 401.000000 144.000000 424.000000 202.000000 1.683272 0.658049 0.706778 -5.272978 0.639974 19.425709 0.951063 0.103206
Pedestrian -1 -1 -10 872.000000 179.000000 917.000000 288.000000 1.725482 0.550699 0.604862 2.963541 1.416578 6.335154 3.382989 0.080075
Pedestrian -1 -1 -10 590.000000 140.000000 638.000000 237.000000 1.752772 0.615100 0.711557 0.188667 1.031997 12.476663 0.575913 0.061955
Cyclist -1 -1 -10 269.000000 138.000000 327.000000 260.000000 1.806571 0.593108 1.780833 -5.088138 1.100096 11.668018 -1.468279 0.813709
Cyclist -1 -1 -10 419.000000 149.000000 468.000000 209.000000 1.727724 0.605510 1.761217 -4.676944 0.755047 20.344707 0.277054 0.466195
Cyclist -1 -1 -10 301.000000 153.000000 368.000000 210.000000 1.709496 0.477173 1.375995 -6.939565 1.107629 18.672643 -0.245225 0.333461
Cyclist -1 -1 -10 444.000000 145.000000 473.000000 207.000000 1.755738 0.636971 1.694742 -4.320219 0.795971 20.751412 0.959990 0.325385
Cyclist -1 -1 -10 332.000000 151.000000 387.000000 201.000000 1.691103 0.487304 1.533399 -5.600794 1.416848 17.037095 -1.253351 0.242299
Cyclist -1 -1 -10 244.000000 135.000000 302.000000 262.000000 1.756226 0.543404 1.753639 -5.613208 1.103498 11.890997 -2.507309 0.210864
Cyclist -1 -1 -10 398.000000 145.000000 431.000000 207.000000 1.702183 0.679598 1.725306 -5.318549 0.604403 19.508529 2.815215 0.189652
Cyclist -1 -1 -10 426.000000 148.000000 450.000000 204.000000 1.709454 0.561877 1.738146 -4.826809 0.766192 20.205773 -1.719825 0.146692
Cyclist -1 -1 -10 365.000000 153.000000 420.000000 206.000000 1.618669 0.578291 1.602047 -5.624312 1.056390 19.333376 -1.842683 0.065341
Cyclist -1 -1 -10 418.000000 144.000000 438.000000 200.000000 1.767509 0.533167 1.648975 -5.980735 0.481817 24.003510 -1.161979 0.041359
Cyclist -1 -1 -10 647.000000 142.000000 669.000000 200.000000 1.764949 0.499559 1.729190 1.533616 0.645223 21.903957 -1.068793 0.032847
Cyclist -1 -1 -10 542.000000 137.000000 569.000000 208.000000 1.827074 0.678577 1.756524 -1.708869 0.646927 19.917138 1.574353 0.010548
Cyclist -1 -1 -10 634.000000 143.000000 665.000000 221.000000 1.804368 0.362585 1.068638 1.782313 1.722656 23.006327 -1.509295 0.010528
