Pedestrian -1 -1 -10 169.000000 152.000000 226.000000 328.000000 1.714533 0.700068 0.756868 -4.644731 1.499842 8.200500 -1.768306 0.953348
Pedestrian -1 -1 -10 244.000000 157.000000 292.000000 299.000000 1.781268 0.655887 0.935077 -5.357353 1.284172 11.100592 2.103401 0.673076
Pedestrian -1 -1 -10 187.000000 163.000000 381.000000 299.000000 1.768382 0.726500 0.775307 -5.385504 1.506486 10.912416 0.107456 0.234849
Pedestrian -1 -1 -10 275.000000 159.000000 296.000000 278.000000 1.635266 0.599170 0.627633 -5.787728 0.850648 12.988700 -0.353606 0.104699
Pedestrian -1 -1 -10 197.000000 161.000000 289.000000 315.000000 1.724349 0.787775 0.628193 -4.212751 1.527480 7.801749 -1.953473 0.076729
Pedestrian -1 -1 -10 258.000000 170.000000 357.000000 258.000000 1.696537 0.597187 0.596493 -3.212332 1.544275 8.324071 -1.349026 0.066211
Pedestrian -1 -1 -10 195.000000 167.000000 232.000000 320.000000 1.733969 0.668777 0.710528 -4.524131 1.497903 8.188934 -2.032493 0.053477
Pedestrian -1 -1 -10 0.000000 181.000000 421.000000 368.000000 1.765386 0.591905 0.893094 -2.273188 1.837434 4.270965 0.133831 0.036505
Car -1 -1 -10 664.000000 174.000000 756.000000 239.000000 1.442844 1.629248 3.888350 2.318423 1.463150 17.892928 -1.606593 0.998477
Car -1 -1 -10 515.000000 172.000000 557.000000 212.000000 1.567690 1.655524 3.793023 -3.162833 1.656695 31.326899 -1.641546 0.995767
Car -1 -1 -10 639.000000 172.000000 692.000000 212.000000 1.536900 1.615719 3.897985 2.162715 1.569052 30.344577 -1.680379 0.986423
Car -1 -1 -10 202.000000 179.000000 429.000000 311.000000 1.566845 1.629656 3.871089 -3.600987 1.653368 8.546387 -1.600286 0.984351
Car -1 -1 -10 -5.000000 183.000000 410.000000 371.000000 1.595345 1.660474 3.935781 -2.717488 1.737355 4.304923 -1.541851 0.953971
Car -1 -1 -10 904.000000 198.000000 1246.000000 371.000000 1.484491 1.628656 3.833134 2.359470 1.559798 1.906886 -1.603870 0.677741
Car -1 -1 -10 630.000000 173.000000 670.000000 206.000000 1.510208 1.598282 3.798842 2.200687 1.435853 35.950659 1.553807 0.452837
Car -1 -1 -10 540.000000 175.000000 567.000000 201.000000 1.602127 1.639760 3.786736 -3.546732 1.802372 45.234132 -1.625291 0.291752
Car -1 -1 -10 625.000000 169.000000 658.000000 198.000000 1.600863 1.650303 3.709486 1.393017 1.747184 46.372125 -0.628190 0.054677
Car -1 -1 -10 148.000000 167.000000 306.000000 319.000000 1.530432 1.567769 3.555483 -3.758414 1.388784 8.953141 1.933198 0.028844
Car -1 -1 -10 228.000000 167.000000 335.000000 308.000000 1.527439 1.556487 3.725856 -4.684490 1.267701 10.798038 1.535379 0.026671
Car -1 -1 -10 276.000000 178.000000 373.000000 234.000000 1.527306 1.590093 3.843088 -8.716452 1.459660 21.831703 1.392110 0.023344
Cyclist -1 -1 -10 233.000000 167.000000 307.000000 302.000000 1.663122 0.642490 1.686441 -5.309563 1.226634 10.863285 0.586196 0.181326
Cyclist -1 -1 -10 221.000000 174.000000 413.000000 314.000000 1.627496 0.632996 1.818759 -2.911151 1.666912 7.964500 -1.518575 0.119333
Cyclist -1 -1 -10 128.000000 160.000000 275.000000 311.000000 1.658577 0.554016 1.647484 -4.737780 1.364986 8.235390 0.479853 0.070571
Cyclist -1 -1 -10 895.000000 194.000000 1246.000000 373.000000 1.595933 0.669226 1.723025 1.977756 1.653961 2.583134 -1.627045 0.032138
Cyclist -1 -1 -10 163.000000 152.000000 232.000000 322.000000 1.747347 0.708627 1.708925 -4.779751 1.422012 8.372068 -2.118395 0.031557
Cyclist -1 -1 -10 0.000000 183.000000 417.000000 359.000000 1.670254 0.676209 1.791293 -2.333899 1.676562 4.297265 -1.551280 0.023179
