Pedestrian -1 -1 -10 155.000000 155.000000 261.000000 369.000000 1.786423 0.649333 0.925751 -3.519506 1.522517 6.348676 0.559480 0.994998
Pedestrian -1 -1 -10 234.000000 155.000000 308.000000 355.000000 1.807636 0.664195 0.854084 -3.259616 1.495837 6.608411 1.554924 0.994127
Pedestrian -1 -1 -10 361.000000 164.000000 388.000000 235.000000 1.742333 0.632674 0.814781 -6.063194 1.355422 18.480510 1.666473 0.963988
Pedestrian -1 -1 -10 519.000000 165.000000 530.000000 196.000000 1.715784 0.617187 0.750395 -4.946857 0.788256 43.151122 1.548597 0.128164
Pedestrian -1 -1 -10 494.000000 162.000000 503.000000 189.000000 1.631995 0.593545 0.618065 -2.275401 1.033367 15.799298 -0.083047 0.064928
Pedestrian -1 -1 -10 492.000000 160.000000 499.000000 189.000000 1.581014 0.632586 0.707027 -1.577941 0.614770 11.041252 0.837777 0.042482
Pedestrian -1 -1 -10 489.000000 161.000000 495.000000 189.000000 1.719650 0.615617 0.691040 -9.036559 0.647328 55.465012 -2.388513 0.020109
Car -1 -1 -10 581.000000 153.000000 635.000000 213.000000 1.828758 1.728670 3.981368 -0.035270 1.051540 26.032543 -1.631463 0.985154
Cyclist -1 -1 -10 519.000000 165.000000 530.000000 196.000000 1.708345 0.568873 1.719284 -4.953245 0.650622 43.279394 1.490499 0.885986
Cyclist -1 -1 -10 359.000000 166.000000 387.000000 235.000000 1.757702 0.645762 1.726983 -6.176977 1.402890 18.468166 1.811411 0.020741
