Car -1 -1 -10 422.000000 182.000000 508.000000 244.000000 1.589692 1.611699 3.851707 -4.218337 1.929331 21.531988 1.589754 0.999626
Car -1 -1 -10 771.000000 187.000000 958.000000 301.000000 1.489329 1.670627 4.208428 3.758314 1.695769 11.653381 -1.571008 0.999387
Car -1 -1 -10 884.000000 208.000000 1235.000000 374.000000 1.445257 1.652478 4.061148 3.685781 1.750348 5.776985 -1.518988 0.994203
Car -1 -1 -10 695.000000 173.000000 730.000000 208.000000 1.450882 1.653329 3.757529 5.560580 1.646253 39.678253 -1.513912 0.988188
Car -1 -1 -10 471.000000 181.000000 536.000000 229.000000 1.577508 1.608271 3.912747 -3.896527 1.953258 26.563397 1.618247 0.984999
Car -1 -1 -10 509.000000 184.000000 550.000000 220.000000 1.461576 1.584414 3.914278 -3.611175 2.044482 31.656662 1.629258 0.962770
Car -1 -1 -10 527.000000 182.000000 567.000000 214.000000 1.547278 1.617862 3.997959 -3.217962 1.993731 36.155479 1.628506 0.871243
Car -1 -1 -10 121.000000 190.000000 269.000000 227.000000 1.495436 1.626487 4.053438 -14.131804 2.062520 26.200297 -0.052503 0.080964
Car -1 -1 -10 1183.000000 203.000000 1241.000000 268.000000 1.486879 1.549474 3.313840 9.131399 1.964426 10.975074 1.748766 0.034814
Car -1 -1 -10 1115.000000 204.000000 1240.000000 368.000000 1.471010 1.607727 3.857165 3.483837 1.589337 5.762729 -0.983800 0.023378
Car -1 -1 -10 1180.000000 207.000000 1239.000000 353.000000 1.496143 1.575880 3.507313 11.169903 1.876124 12.398879 1.657775 0.017624
