Pedestrian -1 -1 -10 542.000000 171.000000 563.000000 227.000000 1.715125 0.601050 0.678782 -1.498305 1.406118 21.370508 2.557015 0.932250
Pedestrian -1 -1 -10 904.000000 205.000000 991.000000 334.000000 1.722240 0.630166 0.583600 3.329597 1.573628 7.179319 -0.584016 0.802686
Pedestrian -1 -1 -10 842.000000 209.000000 914.000000 305.000000 1.729069 0.553523 0.751280 5.668180 1.618055 14.594657 0.446615 0.274807
Pedestrian -1 -1 -10 866.000000 204.000000 910.000000 282.000000 1.681796 0.607851 0.593862 3.791438 1.579451 8.756085 -0.567307 0.129484
Pedestrian -1 -1 -10 1121.000000 198.000000 1235.000000 371.000000 1.659862 0.566044 0.562018 5.913911 1.766673 7.333581 1.681613 0.047038
Pedestrian -1 -1 -10 855.000000 195.000000 1175.000000 365.000000 1.717130 0.825529 0.755881 2.781666 1.966064 5.510426 0.621212 0.043499
Pedestrian -1 -1 -10 897.000000 206.000000 937.000000 304.000000 1.655494 0.562066 0.558462 2.717294 1.638119 6.192603 1.407727 0.027995
Pedestrian -1 -1 -10 791.000000 209.000000 856.000000 314.000000 1.693578 0.596317 0.599617 2.478717 1.746980 8.055241 -0.775655 0.022122
Pedestrian -1 -1 -10 897.000000 207.000000 965.000000 269.000000 1.710911 0.590365 0.673545 5.657876 1.844511 11.915778 3.020688 0.017094
Car -1 -1 -10 988.000000 213.000000 1239.000000 371.000000 1.536911 1.574969 3.678277 3.177550 2.218517 3.417249 1.655897 0.208875
Car -1 -1 -10 1119.000000 199.000000 1234.000000 381.000000 1.451971 1.551716 3.597083 2.952697 1.846836 3.219428 2.753400 0.030974
Car -1 -1 -10 877.000000 199.000000 1137.000000 367.000000 1.501924 1.557005 3.961578 3.440810 1.862835 5.338554 1.514857 0.011510
Cyclist -1 -1 -10 897.000000 202.000000 1036.000000 363.000000 1.619356 0.450243 1.640506 2.916006 1.847686 5.513741 1.546640 0.098798
Cyclist -1 -1 -10 898.000000 210.000000 1201.000000 371.000000 1.853151 0.667008 0.877500 2.761385 2.261063 4.580039 1.603235 0.051220
Cyclist -1 -1 -10 1105.000000 202.000000 1236.000000 370.000000 1.623366 0.548442 1.644409 3.222117 1.919126 3.428648 -0.333900 0.035156
Cyclist -1 -1 -10 902.000000 211.000000 992.000000 321.000000 1.708897 0.522794 1.565474 2.840262 1.553642 5.971477 -0.501380 0.011825
Cyclist -1 -1 -10 895.000000 203.000000 937.000000 288.000000 1.695816 0.493224 1.495131 5.333464 1.423520 11.100773 -0.498644 0.010759
