Pedestrian -1 -1 -10 18.000000 150.000000 115.000000 352.000000 1.776067 0.686972 0.955964 -5.356351 1.485788 7.068287 -2.657546 0.997020
Pedestrian -1 -1 -10 397.000000 176.000000 424.000000 279.000000 1.754048 0.584242 0.694209 -3.268029 1.621992 12.133647 0.300767 0.992439
Pedestrian -1 -1 -10 476.000000 183.000000 521.000000 286.000000 1.668237 0.615698 0.896773 -1.582198 1.730487 11.062505 -0.755350 0.990194
Pedestrian -1 -1 -10 499.000000 173.000000 530.000000 264.000000 1.703356 0.621539 0.634859 -1.920114 1.491013 15.647516 1.500526 0.879436
Pedestrian -1 -1 -10 592.000000 171.000000 611.000000 231.000000 1.766036 0.688009 0.923293 -0.029512 1.414716 21.133895 -1.643241 0.709815
Pedestrian -1 -1 -10 853.000000 169.000000 880.000000 250.000000 1.633366 0.672502 0.740329 5.121335 1.365948 13.742830 -1.193388 0.535462
Pedestrian -1 -1 -10 572.000000 174.000000 589.000000 223.000000 1.733181 0.619260 0.690025 -0.833411 1.429280 25.855247 1.985982 0.084379
Pedestrian -1 -1 -10 618.000000 171.000000 631.000000 211.000000 1.727106 0.606386 0.682643 1.074392 1.287382 33.224333 -2.111933 0.058674
Pedestrian -1 -1 -10 633.000000 170.000000 647.000000 212.000000 1.722271 0.610437 0.716002 1.679503 1.388959 32.295890 -1.591621 0.051499
Pedestrian -1 -1 -10 487.000000 187.000000 516.000000 258.000000 1.631173 0.576395 0.576911 -2.262801 1.234506 17.224620 -0.075943 0.028450
Pedestrian -1 -1 -10 608.000000 170.000000 622.000000 214.000000 1.772183 0.600646 0.732060 0.543337 1.276139 32.184900 -1.531326 0.015454
Pedestrian -1 -1 -10 479.000000 187.000000 507.000000 244.000000 1.657493 0.575628 0.574364 -2.742876 1.477792 19.321995 2.343991 0.010053
Car -1 -1 -10 866.000000 101.000000 1224.000000 370.000000 1.711786 1.661588 3.977576 2.520007 1.231376 2.792503 -1.569429 0.039529
Cyclist -1 -1 -10 683.000000 165.000000 722.000000 232.000000 1.753324 0.600435 1.841500 2.812196 1.405849 20.532568 1.309585 0.854534
Cyclist -1 -1 -10 474.000000 181.000000 524.000000 289.000000 1.685603 0.622673 1.693929 -1.689407 1.676396 11.163845 2.789512 0.210698
Cyclist -1 -1 -10 393.000000 177.000000 427.000000 273.000000 1.765155 0.606282 1.715347 -3.351143 1.616748 12.216450 0.290813 0.044590
Cyclist -1 -1 -10 854.000000 169.000000 882.000000 253.000000 1.686168 0.508161 1.675392 5.040084 1.345602 13.835572 -1.655304 0.028355
Cyclist -1 -1 -10 682.000000 166.000000 706.000000 217.000000 1.720056 0.541680 1.692170 2.758141 1.166627 20.574247 -1.979564 0.018178
Cyclist -1 -1 -10 497.000000 175.000000 529.000000 266.000000 1.705786 0.555079 1.687529 -1.917637 1.511338 15.662456 1.410985 0.013072
