Pedestrian -1 -1 -10 1031.000000 148.000000 1128.000000 347.000000 1.637432 0.626732 0.910943 3.935840 1.382152 6.097047 -1.613590 0.990910
Pedestrian -1 -1 -10 535.000000 163.000000 551.000000 201.000000 1.714201 0.612882 0.718261 -2.476864 0.829269 31.822598 -1.628126 0.634257
Pedestrian -1 -1 -10 614.000000 164.000000 624.000000 193.000000 1.752365 0.640818 0.776211 1.194630 0.696805 44.585304 -1.970953 0.553376
Pedestrian -1 -1 -10 621.000000 164.000000 628.000000 193.000000 1.776504 0.657279 0.786014 1.571498 0.727825 45.999509 -2.012533 0.525814
Pedestrian -1 -1 -10 604.000000 164.000000 613.000000 190.000000 1.757212 0.628776 0.724847 0.637507 0.506811 55.019794 -1.511813 0.318866
Pedestrian -1 -1 -10 547.000000 163.000000 557.000000 198.000000 1.762368 0.614054 0.592434 -2.406317 0.764551 35.183133 -1.537258 0.316492
Pedestrian -1 -1 -10 580.000000 162.000000 599.000000 203.000000 1.770967 0.659000 0.695225 -0.953159 0.746240 44.769121 -1.444816 0.222072
Pedestrian -1 -1 -10 594.000000 163.000000 603.000000 194.000000 1.759333 0.592245 0.785653 -0.098155 0.484754 54.934741 -1.641006 0.153646
Pedestrian -1 -1 -10 630.000000 163.000000 640.000000 193.000000 1.761756 0.689100 0.740276 2.158953 0.604330 44.873214 3.103497 0.128910
Pedestrian -1 -1 -10 1061.000000 153.000000 1083.000000 213.000000 1.693007 0.596410 0.673317 7.620580 0.922768 11.352884 -0.385878 0.064057
Pedestrian -1 -1 -10 779.000000 157.000000 810.000000 226.000000 1.721102 0.561041 0.583512 3.646619 1.044419 13.674345 -1.264643 0.048728
Pedestrian -1 -1 -10 602.000000 163.000000 610.000000 192.000000 1.710779 0.590723 0.758791 0.546475 0.393326 55.098313 -2.136375 0.038549
Pedestrian -1 -1 -10 1055.000000 165.000000 1100.000000 217.000000 1.694069 0.529216 0.576506 7.263823 1.499009 10.420863 3.581352 0.035683
Pedestrian -1 -1 -10 1011.000000 164.000000 1135.000000 264.000000 1.792450 0.674793 0.913768 5.534729 1.795454 8.659170 -0.885956 0.034110
Pedestrian -1 -1 -10 440.000000 166.000000 455.000000 214.000000 1.746783 0.619374 0.833618 -5.288791 1.294472 24.584889 0.344619 0.033414
Pedestrian -1 -1 -10 546.000000 167.000000 570.000000 200.000000 1.697306 0.603380 0.676951 -2.371804 0.640055 35.441161 -1.615267 0.029559
Pedestrian -1 -1 -10 626.000000 164.000000 635.000000 191.000000 1.836006 0.734523 0.889259 1.838593 0.844808 46.187186 -1.475872 0.020963
Pedestrian -1 -1 -10 473.000000 154.000000 493.000000 220.000000 1.771972 0.623683 0.721634 -3.208545 0.973918 19.315255 1.455858 0.013476
Car -1 -1 -10 539.000000 174.000000 604.000000 230.000000 1.533447 1.647560 3.958560 -0.771961 1.279911 20.512562 1.615310 0.999285
Car -1 -1 -10 965.000000 162.000000 1081.000000 218.000000 1.494435 1.601612 3.864042 6.496300 0.896235 13.004307 -1.578418 0.697028
Cyclist -1 -1 -10 576.000000 163.000000 601.000000 199.000000 1.676081 0.549765 1.598501 -0.969306 0.524238 44.984184 -1.640984 0.059945
Cyclist -1 -1 -10 1054.000000 160.000000 1091.000000 215.000000 1.722548 0.593808 1.565406 8.747699 0.973905 12.915385 -0.330620 0.033206
Cyclist -1 -1 -10 535.000000 164.000000 552.000000 201.000000 1.713314 0.587506 1.697856 -2.606028 0.850030 31.761863 1.054859 0.021497
Cyclist -1 -1 -10 1011.000000 164.000000 1135.000000 264.000000 1.698565 0.607105 1.604331 5.847196 1.525373 9.721458 -1.027505 0.018386
Cyclist -1 -1 -10 1031.000000 164.000000 1106.000000 221.000000 1.711253 0.508416 1.662322 7.446433 0.916071 11.693264 0.137961 0.017995
Cyclist -1 -1 -10 467.000000 153.000000 490.000000 217.000000 1.738123 0.506330 1.660757 -3.315901 0.922677 18.933283 -1.652119 0.016066
Cyclist -1 -1 -10 585.000000 162.000000 596.000000 199.000000 1.669724 0.561977 1.579223 -0.973470 0.362017 45.113775 -1.628457 0.010422
