Pedestrian -1 -1 -10 1003.000000 159.000000 1038.000000 241.000000 1.752724 0.638841 0.903542 8.470720 1.426627 15.058717 -1.536293 0.815887
Pedestrian -1 -1 -10 957.000000 158.000000 1003.000000 245.000000 1.678979 0.608252 0.611172 6.149728 1.728458 12.106235 -0.581371 0.066996
Pedestrian -1 -1 -10 964.000000 162.000000 988.000000 226.000000 1.756631 0.544761 0.705696 7.695434 1.323479 15.211663 1.068652 0.021323
Car -1 -1 -10 1003.000000 162.000000 1038.000000 240.000000 1.908553 1.681016 4.175337 9.527707 1.632404 14.450295 1.544729 0.016173
Car -1 -1 -10 908.000000 172.000000 973.000000 206.000000 1.568566 1.569580 3.551521 19.974462 2.209489 45.667356 -1.180208 0.013301
Cyclist -1 -1 -10 918.000000 159.000000 994.000000 262.000000 1.740330 0.507343 1.731208 5.878495 1.437675 12.512064 -1.543110 0.999681
Cyclist -1 -1 -10 954.000000 159.000000 1005.000000 254.000000 1.780445 0.519127 1.767764 5.932411 1.474002 12.474767 -1.542769 0.959929
Cyclist -1 -1 -10 997.000000 161.000000 1046.000000 240.000000 1.768111 0.591939 1.692589 8.493340 1.475618 15.042619 -1.514756 0.883015
Cyclist -1 -1 -10 778.000000 168.000000 797.000000 210.000000 1.721949 0.555462 1.680269 7.082273 1.528897 29.222550 -1.733807 0.877053
Cyclist -1 -1 -10 949.000000 162.000000 990.000000 212.000000 1.734848 0.522543 1.500055 8.366438 1.384677 16.448032 -0.465989 0.144478
Cyclist -1 -1 -10 908.000000 172.000000 970.000000 208.000000 1.700481 0.541120 1.635225 19.245132 2.149443 44.287634 -1.688889 0.138898
Cyclist -1 -1 -10 975.000000 167.000000 1023.000000 231.000000 1.702178 0.589284 1.683187 8.048641 1.226088 15.143640 0.210082 0.066942
Cyclist -1 -1 -10 995.000000 168.000000 1031.000000 218.000000 1.758359 0.459190 1.377469 10.183340 1.789094 17.654049 -1.044447 0.015860
