Pedestrian -1 -1 -10 327.000000 164.000000 363.000000 266.000000 1.770543 0.647459 0.799119 -4.728028 1.464959 13.240291 -1.436502 0.981031
Pedestrian -1 -1 -10 465.000000 186.000000 497.000000 261.000000 1.660184 0.711123 0.843265 -2.202289 1.643548 13.098375 -1.772500 0.570570
Pedestrian -1 -1 -10 431.000000 189.000000 464.000000 263.000000 1.581329 0.715786 0.875999 -2.852556 1.653723 12.961826 -1.785235 0.324575
Pedestrian -1 -1 -10 1135.000000 124.000000 1177.000000 246.000000 1.646134 0.663723 0.743835 8.821277 0.800143 11.376365 -0.466819 0.047620
Pedestrian -1 -1 -10 456.000000 188.000000 484.000000 252.000000 1.660871 0.573866 0.552162 -2.299441 1.792269 12.613540 2.352228 0.037723
Pedestrian -1 -1 -10 987.000000 67.000000 1016.000000 185.000000 1.736524 0.510807 0.928725 7.127871 0.603984 12.910767 2.956028 0.027505
Pedestrian -1 -1 -10 433.000000 190.000000 456.000000 237.000000 1.722548 0.602005 0.594241 -5.600076 1.672858 25.541285 -1.261141 0.015589
Pedestrian -1 -1 -10 451.000000 189.000000 472.000000 259.000000 1.686650 0.654233 0.654683 -2.636623 1.768813 13.226337 -1.366761 0.011324
Car -1 -1 -10 737.000000 148.000000 959.000000 310.000000 1.744179 1.655215 3.819882 3.124359 1.447093 10.185058 -1.611100 0.994510
Cyclist -1 -1 -10 1136.000000 211.000000 1235.000000 373.000000 1.709956 0.477108 1.600503 5.773399 2.003928 6.839130 1.272300 0.079247
