Pedestrian -1 -1 -10 831.000000 157.000000 911.000000 339.000000 1.719021 0.736214 1.081655 2.883059 1.561901 7.647168 -1.598943 0.999155
Pedestrian -1 -1 -10 752.000000 162.000000 818.000000 337.000000 1.718849 0.615506 0.734239 1.805385 1.561122 7.404766 -1.834595 0.997787
Pedestrian -1 -1 -10 1087.000000 140.000000 1166.000000 291.000000 1.716327 0.571551 0.897774 6.386576 1.327476 8.752212 3.345017 0.997681
Pedestrian -1 -1 -10 364.000000 169.000000 408.000000 275.000000 1.756075 0.617138 0.976481 -3.696512 1.623722 12.292299 0.696387 0.997516
Pedestrian -1 -1 -10 4.000000 173.000000 80.000000 344.000000 1.642716 0.570776 0.844237 -5.972747 1.547185 7.580889 -2.675517 0.984232
Pedestrian -1 -1 -10 999.000000 152.000000 1051.000000 267.000000 1.691722 0.623971 0.628497 6.302837 1.244237 10.745889 2.276454 0.972227
Pedestrian -1 -1 -10 1165.000000 144.000000 1235.000000 280.000000 1.677563 0.573200 0.841183 7.675358 1.293282 9.173860 0.643214 0.933248
Pedestrian -1 -1 -10 655.000000 170.000000 681.000000 241.000000 1.702287 0.653615 1.002461 1.568428 1.464562 16.931578 -1.973385 0.820562
Pedestrian -1 -1 -10 401.000000 173.000000 428.000000 246.000000 1.757192 0.734210 0.777399 -4.474083 1.524782 16.861603 1.247361 0.491744
Pedestrian -1 -1 -10 410.000000 172.000000 456.000000 245.000000 1.697203 0.646455 0.765469 -3.570690 1.548076 16.291127 0.251983 0.045497
Pedestrian -1 -1 -10 431.000000 171.000000 466.000000 246.000000 1.713501 0.604283 0.810780 -3.537433 1.596117 16.591742 0.386641 0.019476
Pedestrian -1 -1 -10 771.000000 166.000000 806.000000 252.000000 1.736447 0.623045 0.605208 4.760989 1.122018 17.763949 0.328973 0.015419
Pedestrian -1 -1 -10 373.000000 176.000000 402.000000 248.000000 1.659322 0.572645 0.778256 -3.763940 1.479973 12.339350 -2.474606 0.010458
Car -1 -1 -10 531.000000 169.000000 565.000000 201.000000 1.527846 1.656450 3.823520 -3.361846 1.122703 42.864125 1.511891 0.310343
Car -1 -1 -10 422.000000 165.000000 493.000000 226.000000 1.837374 1.732327 4.224734 -4.730399 1.302429 24.372774 1.505270 0.092219
Car -1 -1 -10 459.000000 166.000000 512.000000 217.000000 1.673575 1.614378 3.812928 -4.753538 1.219669 30.843032 1.534228 0.075346
Cyclist -1 -1 -10 428.000000 171.000000 467.000000 248.000000 1.697921 0.540179 1.741159 -3.567234 1.571691 16.481458 1.773417 0.595851
Cyclist -1 -1 -10 1189.000000 143.000000 1236.000000 275.000000 1.738003 0.541121 1.771050 7.881219 1.300360 9.232094 -0.512530 0.070015
Cyclist -1 -1 -10 420.000000 165.000000 490.000000 230.000000 1.723204 0.521957 1.754106 -4.220438 1.368832 22.988295 -1.761712 0.049935
Cyclist -1 -1 -10 655.000000 170.000000 681.000000 242.000000 1.788110 0.587184 1.683616 1.492572 1.453204 17.020001 -2.023427 0.036567
Cyclist -1 -1 -10 402.000000 173.000000 434.000000 247.000000 1.708092 0.499020 1.776281 -4.415623 1.522834 16.926928 -2.208978 0.030245
