Pedestrian -1 -1 -10 936.000000 168.000000 1009.000000 317.000000 1.657763 0.676471 0.906750 4.180621 1.470792 8.115287 -1.525192 0.993334
Pedestrian -1 -1 -10 520.000000 182.000000 537.000000 237.000000 1.728521 0.615911 0.695319 -2.259955 1.722095 21.836207 -1.650635 0.875903
Pedestrian -1 -1 -10 418.000000 176.000000 450.000000 263.000000 1.703809 0.678090 0.766772 -3.255453 1.630707 13.574861 1.776288 0.624845
Pedestrian -1 -1 -10 575.000000 180.000000 596.000000 226.000000 1.746100 0.643627 0.929311 -0.585166 1.761076 28.760264 -2.679904 0.571616
Pedestrian -1 -1 -10 3.000000 184.000000 120.000000 364.000000 1.766256 0.793499 0.742893 -4.945802 1.897636 6.472530 0.975928 0.350711
Pedestrian -1 -1 -10 626.000000 177.000000 643.000000 222.000000 1.714196 0.665580 0.966781 1.359377 1.633648 29.914573 -1.464948 0.303389
Pedestrian -1 -1 -10 685.000000 182.000000 702.000000 225.000000 1.677266 0.595459 0.689957 3.297491 1.742165 25.856792 2.733306 0.268584
Pedestrian -1 -1 -10 657.000000 179.000000 671.000000 212.000000 1.771804 0.658624 0.824459 3.558799 1.712665 40.366711 -1.833236 0.108878
Pedestrian -1 -1 -10 169.000000 198.000000 184.000000 245.000000 1.712071 0.543297 0.598846 -6.299636 1.622155 11.394592 2.467988 0.063985
Pedestrian -1 -1 -10 -8.000000 183.000000 251.000000 372.000000 1.787448 0.878270 0.808024 -4.218119 1.942644 6.117065 -0.155905 0.047741
Pedestrian -1 -1 -10 671.000000 179.000000 680.000000 212.000000 1.751086 0.633266 0.701990 4.097512 1.666396 40.256112 1.252713 0.037051
Pedestrian -1 -1 -10 1.000000 195.000000 65.000000 345.000000 1.702220 0.607048 0.671960 -5.113390 1.593630 6.567515 -3.279901 0.034032
Car -1 -1 -10 -1.000000 181.000000 267.000000 376.000000 1.641252 1.611209 3.925839 -4.677368 1.768197 6.674456 0.447824 0.019495
Car -1 -1 -10 714.000000 199.000000 772.000000 251.000000 1.512887 1.575952 3.625593 3.362702 1.442740 14.197008 -1.827933 0.015967
Cyclist -1 -1 -10 0.000000 181.000000 224.000000 372.000000 1.707231 0.742454 1.786147 -4.776769 1.686074 6.531187 -0.037386 0.769966
Cyclist -1 -1 -10 574.000000 180.000000 596.000000 227.000000 1.764102 0.599028 1.767698 -0.730005 1.768919 28.870192 3.092401 0.186111
Cyclist -1 -1 -10 6.000000 187.000000 113.000000 359.000000 1.677811 0.720365 1.724665 -5.108699 1.668862 6.547537 -0.509189 0.042478
