Car -1 -1 -10 105.000000 186.000000 382.000000 279.000000 1.522691 1.632046 4.038594 -6.386253 1.769555 12.594978 -3.129989 0.995939
Car -1 -1 -10 655.000000 178.000000 692.000000 205.000000 1.442004 1.611033 3.816848 3.363370 1.670862 37.857332 -1.544274 0.993484
Car -1 -1 -10 322.000000 179.000000 505.000000 230.000000 1.552848 1.633050 4.203636 -5.749616 1.689261 21.987311 0.169775 0.972904
Car -1 -1 -10 806.000000 169.000000 1240.000000 373.000000 1.602039 1.604205 3.991305 2.670395 1.705353 4.262831 -1.575110 0.947405
Car -1 -1 -10 -5.000000 197.000000 239.000000 346.000000 1.545185 1.618730 4.023315 -6.488986 1.724663 7.683178 -3.250491 0.894472
Car -1 -1 -10 402.000000 177.000000 515.000000 219.000000 1.517744 1.607018 4.092957 -5.869471 1.658556 27.894002 0.098802 0.474043
Car -1 -1 -10 213.000000 184.000000 387.000000 249.000000 1.473572 1.542993 3.542502 -6.437532 1.710413 15.944035 -3.394426 0.397152
Car -1 -1 -10 438.000000 170.000000 535.000000 212.000000 1.487782 1.636257 4.002098 -5.469428 1.827828 32.290124 -3.198186 0.260562
Car -1 -1 -10 463.000000 173.000000 564.000000 205.000000 1.524240 1.504203 3.205061 -6.688398 1.040856 36.741742 1.449918 0.037553
Car -1 -1 -10 1.000000 196.000000 159.000000 296.000000 1.452276 1.608140 3.975276 -9.651631 1.627841 12.514083 -1.565401 0.034127
Car -1 -1 -10 224.000000 191.000000 305.000000 227.000000 1.393086 1.530059 3.351511 -9.351317 1.178555 19.779788 0.295401 0.020304
