Car -1 -1 -10 698.000000 192.000000 799.000000 264.000000 1.438612 1.573835 3.701308 2.968891 1.572692 15.959530 -1.594210 0.999620
Car -1 -1 -10 31.000000 196.000000 393.000000 375.000000 1.476168 1.601358 3.794471 -3.646411 1.561328 7.325121 -1.566153 0.999590
Car -1 -1 -10 405.000000 184.000000 504.000000 256.000000 1.583197 1.585886 3.618989 -3.656940 1.612831 17.663957 -1.562016 0.999326
Car -1 -1 -10 646.000000 184.000000 692.000000 218.000000 1.440201 1.645057 3.961409 2.822546 1.458506 33.918976 -1.607398 0.998953
Car -1 -1 -10 362.000000 186.000000 428.000000 225.000000 1.465697 1.616098 3.817509 -8.279486 1.544732 28.033281 -1.528815 0.986372
Car -1 -1 -10 229.000000 189.000000 348.000000 235.000000 1.580084 1.371303 2.613221 -9.580285 1.476987 21.891929 1.629891 0.985797
Car -1 -1 -10 468.000000 185.000000 528.000000 232.000000 1.575934 1.625763 3.962704 -3.961284 1.538116 26.083326 -1.590185 0.937676
Car -1 -1 -10 495.000000 186.000000 539.000000 217.000000 1.464229 1.566074 3.663379 -4.642553 1.647925 36.789590 -1.565409 0.291041
Car -1 -1 -10 448.000000 179.000000 483.000000 206.000000 1.551227 1.664023 3.839971 -9.113870 0.835071 45.592314 -1.691895 0.034221
Car -1 -1 -10 445.000000 181.000000 494.000000 224.000000 1.484651 1.581189 3.628840 -3.822583 1.088637 25.684204 1.381646 0.019642
Cyclist -1 -1 -10 232.000000 187.000000 345.000000 234.000000 1.667884 0.651602 1.641451 -8.072669 1.559288 18.338696 -1.951812 0.022195
