Car -1 -1 -10 369.000000 188.000000 490.000000 265.000000 1.483136 1.641640 4.019394 -3.921347 1.886777 16.126930 1.520412 0.999286
Car -1 -1 -10 455.000000 186.000000 520.000000 232.000000 1.447450 1.543855 3.750247 -4.192268 1.972605 25.044246 1.572311 0.998075
Car -1 -1 -10 633.000000 177.000000 677.000000 208.000000 1.515812 1.644882 3.736542 2.055604 1.719753 36.401761 -1.628765 0.997051
Car -1 -1 -10 194.000000 201.000000 350.000000 282.000000 1.517066 1.606048 3.909910 -6.848775 2.098981 14.882346 1.540885 0.995664
Car -1 -1 -10 735.000000 162.000000 861.000000 204.000000 1.604592 1.623062 3.821433 8.086960 1.342176 30.208690 -2.355552 0.978020
Car -1 -1 -10 814.000000 157.000000 869.000000 182.000000 1.544173 1.536761 3.234994 6.600915 1.306390 19.594895 1.862574 0.132847
Car -1 -1 -10 891.000000 152.000000 947.000000 177.000000 1.512659 1.629818 3.932437 21.228907 0.235651 47.380093 -0.461757 0.060366
Car -1 -1 -10 2.000000 221.000000 95.000000 369.000000 1.476815 1.570792 3.837175 -6.790247 2.499822 10.274597 0.297448 0.034078
Car -1 -1 -10 416.000000 189.000000 471.000000 224.000000 1.474637 1.574695 3.606159 -6.440654 1.918491 30.226249 0.791411 0.011216
Cyclist -1 -1 -10 2.000000 221.000000 95.000000 369.000000 1.676822 0.588568 1.706106 -7.033929 2.577912 9.344538 1.489172 0.022020
