Pedestrian -1 -1 -10 722.000000 142.000000 787.000000 327.000000 1.787914 0.636415 0.853532 1.402020 1.389390 7.279408 1.341072 0.999362
Pedestrian -1 -1 -10 1014.000000 143.000000 1090.000000 336.000000 1.759643 0.613060 0.808937 4.163864 1.429426 6.725286 1.213401 0.999098
Pedestrian -1 -1 -10 802.000000 144.000000 877.000000 325.000000 1.800269 0.668007 0.736687 2.300666 1.376252 7.141099 1.810065 0.998985
Pedestrian -1 -1 -10 922.000000 144.000000 1010.000000 339.000000 1.750059 0.644765 0.881806 3.396417 1.463610 6.696518 1.463124 0.998473
Pedestrian -1 -1 -10 504.000000 141.000000 559.000000 320.000000 1.772846 0.656117 0.928424 -0.902323 1.395042 7.657205 0.990361 0.995139
Pedestrian -1 -1 -10 583.000000 137.000000 637.000000 300.000000 1.809250 0.678210 0.893906 0.007306 1.334781 8.637505 0.989152 0.992538
Pedestrian -1 -1 -10 666.000000 139.000000 712.000000 281.000000 1.789047 0.667285 0.795925 1.064555 1.294629 9.283747 1.116224 0.989362
Pedestrian -1 -1 -10 639.000000 160.000000 690.000000 293.000000 1.699803 0.629633 0.797847 0.808293 1.341162 9.063395 0.632482 0.987872
Pedestrian -1 -1 -10 556.000000 150.000000 604.000000 304.000000 1.747236 0.697710 0.887306 -0.303620 1.337022 8.464074 0.695545 0.949570
Pedestrian -1 -1 -10 495.000000 141.000000 530.000000 237.000000 1.781517 0.695452 0.833593 -1.864939 1.001981 13.254569 1.026438 0.931237
Pedestrian -1 -1 -10 253.000000 135.000000 290.000000 256.000000 1.825734 0.711065 0.901872 -5.392967 1.144580 11.629172 0.168794 0.707468
Pedestrian -1 -1 -10 1127.000000 137.000000 1223.000000 367.000000 1.685358 0.559530 0.582130 2.238351 1.577110 2.633694 1.245130 0.693045
Pedestrian -1 -1 -10 660.000000 141.000000 692.000000 243.000000 1.689767 0.601976 0.720630 0.923301 1.161154 9.217376 0.235351 0.632901
Pedestrian -1 -1 -10 888.000000 163.000000 923.000000 238.000000 1.792643 0.598430 1.032794 7.514853 1.425702 17.739296 3.079411 0.623173
Pedestrian -1 -1 -10 613.000000 139.000000 639.000000 207.000000 1.693858 0.512795 0.582373 0.688683 1.622518 12.192857 3.020752 0.413681
Pedestrian -1 -1 -10 490.000000 140.000000 503.000000 180.000000 1.786218 0.619665 0.816121 -5.801991 -0.004326 37.006538 -1.596562 0.379676
Pedestrian -1 -1 -10 570.000000 147.000000 604.000000 240.000000 1.721329 0.557096 0.617156 -0.429989 0.896165 13.362231 0.570689 0.292937
Pedestrian -1 -1 -10 496.000000 141.000000 514.000000 203.000000 1.697840 0.589033 0.612283 -1.681293 1.100167 13.898127 -1.075544 0.268748
Pedestrian -1 -1 -10 551.000000 146.000000 567.000000 197.000000 1.800257 0.622398 0.742547 -1.912566 0.485265 28.783711 0.505458 0.122805
Cyclist -1 -1 -10 296.000000 144.000000 338.000000 218.000000 1.694143 0.501630 1.569941 -5.561819 1.557399 14.731137 -1.313384 0.750975
Cyclist -1 -1 -10 249.000000 136.000000 294.000000 256.000000 1.791104 0.589947 1.766907 -5.307053 1.102384 11.593032 0.572159 0.363139
Cyclist -1 -1 -10 493.000000 139.000000 530.000000 237.000000 1.798443 0.648207 1.736021 -1.874858 1.054796 13.319328 0.993204 0.303059
Cyclist -1 -1 -10 304.000000 152.000000 367.000000 210.000000 1.735147 0.624270 1.586306 -5.290685 0.910356 14.123763 -2.589189 0.270059
Cyclist -1 -1 -10 328.000000 153.000000 389.000000 202.000000 1.691964 0.493543 1.556927 -5.668046 1.330988 17.412993 -1.258484 0.212353
Cyclist -1 -1 -10 550.000000 146.000000 567.000000 198.000000 1.758609 0.453603 1.443758 -1.965889 0.587294 27.965044 -0.964432 0.156411
Cyclist -1 -1 -10 258.000000 144.000000 353.000000 228.000000 1.682002 0.599863 1.612570 -6.046554 1.363945 14.255078 0.072738 0.138232
Cyclist -1 -1 -10 570.000000 144.000000 600.000000 208.000000 1.719536 0.491277 1.623532 -1.122765 -0.080479 31.182285 -2.158182 0.099183
Cyclist -1 -1 -10 498.000000 145.000000 546.000000 277.000000 1.719592 0.675442 1.689215 -0.826628 1.229203 7.613301 0.831341 0.074232
Cyclist -1 -1 -10 348.000000 150.000000 381.000000 193.000000 1.719996 0.584081 1.653157 -11.988509 0.150101 35.286193 -1.861162 0.059284
Cyclist -1 -1 -10 569.000000 146.000000 605.000000 261.000000 1.694729 0.487197 1.543065 -0.085481 1.476458 14.264461 -0.945895 0.057976
Cyclist -1 -1 -10 512.000000 143.000000 544.000000 206.000000 1.691430 0.485424 1.458125 -1.593966 1.302923 16.751857 -2.307449 0.050588
Cyclist -1 -1 -10 604.000000 139.000000 637.000000 208.000000 1.733615 0.542852 1.645436 0.279773 0.695674 13.698334 -1.566588 0.020329
Cyclist -1 -1 -10 553.000000 148.000000 612.000000 301.000000 1.789095 0.518443 1.726653 -0.145532 1.321193 8.572909 -0.943592 0.019002
Cyclist -1 -1 -10 492.000000 139.000000 509.000000 188.000000 1.671623 0.520705 1.516857 -5.519158 0.526233 37.330052 0.899086 0.015487
Cyclist -1 -1 -10 662.000000 144.000000 705.000000 248.000000 1.734235 0.535842 1.405105 1.323742 1.129457 11.628390 -0.412780 0.014445
Cyclist -1 -1 -10 496.000000 141.000000 514.000000 203.000000 1.724392 0.596226 1.559344 -1.853091 0.927967 15.081830 -1.049737 0.013301
Cyclist -1 -1 -10 1135.000000 136.000000 1222.000000 372.000000 1.688278 0.648099 1.607242 2.279046 1.345339 2.668370 -0.837088 0.010880
