Car -1 -1 -10 357.000000 196.000000 466.000000 273.000000 1.428402 1.576734 3.936472 -4.271185 1.977347 15.674316 1.511668 0.998619
Car -1 -1 -10 743.000000 155.000000 1025.000000 330.000000 1.843928 1.702316 4.138889 3.147781 1.689420 9.610840 -1.665090 0.995233
Car -1 -1 -10 476.000000 181.000000 521.000000 222.000000 1.739834 1.693244 4.114885 -5.506928 2.322905 35.781179 1.513032 0.992042
Car -1 -1 -10 8.000000 191.000000 278.000000 374.000000 1.549857 1.630370 3.899857 -3.536007 1.715432 3.985115 1.569742 0.982589
Car -1 -1 -10 949.000000 194.000000 1234.000000 373.000000 1.449856 1.607488 3.801909 3.121050 1.665069 3.102274 -1.573256 0.975426
Car -1 -1 -10 159.000000 180.000000 404.000000 368.000000 1.721108 1.565607 3.672096 -3.562566 1.847288 8.636880 1.533894 0.921485
Car -1 -1 -10 509.000000 188.000000 534.000000 214.000000 1.551671 1.608408 3.874717 -5.498153 2.597698 42.931362 1.538287 0.186593
Car -1 -1 -10 492.000000 186.000000 527.000000 217.000000 1.594659 1.618154 3.811119 -5.181987 2.094456 35.833680 1.492612 0.042226
Car -1 -1 -10 3.000000 190.000000 222.000000 271.000000 1.515554 1.594350 3.813479 -7.801749 1.513993 11.414452 1.524214 0.014277
Cyclist -1 -1 -10 69.000000 186.000000 199.000000 278.000000 1.634019 0.693018 1.725396 -6.793873 1.478925 9.979666 1.981780 0.035345
