Pedestrian -1 -1 -10 721.000000 163.000000 739.000000 223.000000 1.723834 0.589883 0.728005 3.914504 1.562970 23.728304 -1.427584 0.737794
Pedestrian -1 -1 -10 49.000000 184.000000 187.000000 379.000000 1.650410 0.751145 0.619810 -3.607933 1.770211 5.436741 1.066783 0.100293
Pedestrian -1 -1 -10 467.000000 180.000000 490.000000 243.000000 1.672734 0.684553 0.633543 -3.528125 1.912155 19.477465 1.486200 0.046730
Pedestrian -1 -1 -10 712.000000 164.000000 732.000000 221.000000 1.683028 0.554839 0.596307 3.786737 1.614481 23.672477 2.716976 0.016980
Pedestrian -1 -1 -10 513.000000 177.000000 519.000000 202.000000 1.732676 0.537864 0.793026 -6.875127 1.984631 52.975214 0.906307 0.012807
Car -1 -1 -10 296.000000 197.000000 431.000000 274.000000 1.509164 1.610012 4.021042 -5.459923 2.050947 16.213983 1.562427 0.999271
Car -1 -1 -10 641.000000 181.000000 678.000000 210.000000 1.547138 1.569735 3.745313 2.785972 1.875263 36.528966 0.017197 0.991346
Car -1 -1 -10 484.000000 187.000000 526.000000 220.000000 1.499622 1.581771 3.903474 -5.295783 2.145180 35.104910 1.595707 0.243436
Cyclist -1 -1 -10 128.000000 179.000000 330.000000 373.000000 1.807565 0.688968 1.741317 -3.153711 1.640596 5.657813 1.094650 0.999716
Cyclist -1 -1 -10 19.000000 187.000000 213.000000 379.000000 1.560522 0.442082 1.587520 -3.427837 1.672351 5.289163 1.061107 0.999527
Cyclist -1 -1 -10 464.000000 177.000000 495.000000 250.000000 1.739526 0.559848 1.772604 -3.573843 1.975180 19.373697 1.542110 0.999282
Cyclist -1 -1 -10 721.000000 163.000000 741.000000 223.000000 1.802947 0.564181 1.747296 3.784519 1.489651 23.926788 -1.761694 0.671916
Cyclist -1 -1 -10 471.000000 185.000000 506.000000 237.000000 1.685531 0.527031 1.724036 -3.529128 1.887617 19.405857 1.434851 0.052022
