Pedestrian -1 -1 -10 373.000000 168.000000 387.000000 226.000000 1.709324 0.610151 0.625951 -8.573413 1.317988 27.316345 -1.409640 0.015204
Car -1 -1 -10 637.000000 179.000000 680.000000 215.000000 1.519366 1.651022 3.933814 2.088609 1.852819 32.044092 1.576241 0.999260
Car -1 -1 -10 547.000000 171.000000 579.000000 198.000000 1.766716 1.652446 4.170188 -3.019904 1.692773 50.711865 1.648747 0.999144
Car -1 -1 -10 406.000000 185.000000 521.000000 267.000000 1.479118 1.579001 3.784159 -2.919049 1.741702 14.983487 -1.575613 0.998334
Car -1 -1 -10 80.000000 171.000000 438.000000 374.000000 1.650832 1.652697 4.055688 -3.078426 1.664037 7.298849 1.547854 0.998326
Car -1 -1 -10 634.000000 172.000000 658.000000 199.000000 1.628809 1.646728 3.990814 2.515100 1.617248 50.306749 -1.537173 0.263230
Car -1 -1 -10 483.000000 175.000000 539.000000 200.000000 1.533787 1.658898 3.926731 -6.276051 1.797599 46.320623 2.999076 0.213981
Cyclist -1 -1 -10 351.000000 176.000000 374.000000 217.000000 1.694556 0.572334 1.629807 -9.493231 1.435501 26.958113 -1.861801 0.032058
Cyclist -1 -1 -10 364.000000 174.000000 390.000000 220.000000 1.664034 0.510321 1.608122 -8.923451 1.351691 27.397209 -2.457654 0.014178
Cyclist -1 -1 -10 346.000000 175.000000 407.000000 225.000000 1.674877 0.571931 1.533280 -8.738545 1.247478 27.415186 -1.943463 0.011089
