Pedestrian -1 -1 -10 941.000000 158.000000 1064.000000 376.000000 1.664820 0.678224 0.714837 2.542226 1.447644 4.437541 -1.564012 0.997182
Pedestrian -1 -1 -10 716.000000 176.000000 775.000000 313.000000 1.694983 0.636368 0.901155 1.775272 1.590352 8.782402 -1.804089 0.994485
Pedestrian -1 -1 -10 767.000000 166.000000 824.000000 339.000000 1.724645 0.606973 0.816384 1.931096 1.534158 7.227965 -1.788054 0.989155
Pedestrian -1 -1 -10 884.000000 167.000000 954.000000 366.000000 1.639517 0.554398 0.683365 2.530684 1.519357 5.881366 1.530557 0.979834
Pedestrian -1 -1 -10 813.000000 178.000000 867.000000 318.000000 1.703295 0.600320 0.808373 3.107320 1.604982 9.650404 -0.728299 0.936798
Pedestrian -1 -1 -10 862.000000 164.000000 901.000000 290.000000 1.702647 0.654451 0.748562 3.766477 1.396289 9.718264 1.480067 0.930436
Pedestrian -1 -1 -10 540.000000 161.000000 577.000000 261.000000 1.785063 0.668928 1.071734 -0.887821 1.419264 13.993519 -2.073056 0.929681
Pedestrian -1 -1 -10 665.000000 172.000000 684.000000 222.000000 1.722955 0.628127 0.783163 2.506039 1.404393 24.874352 -1.890822 0.863783
Pedestrian -1 -1 -10 879.000000 163.000000 916.000000 298.000000 1.732646 0.598805 0.666556 3.793961 1.390375 9.709903 -1.698095 0.435379
Pedestrian -1 -1 -10 765.000000 170.000000 798.000000 277.000000 1.675506 0.542045 0.647301 2.903608 1.257172 11.884313 0.788871 0.431752
Pedestrian -1 -1 -10 796.000000 173.000000 850.000000 297.000000 1.771688 0.630943 0.817648 2.942585 1.633005 9.878407 1.823057 0.308495
Pedestrian -1 -1 -10 679.000000 171.000000 698.000000 221.000000 1.688136 0.653691 0.802200 3.081683 1.317624 24.962994 -1.796661 0.261326
Car -1 -1 -10 536.000000 173.000000 591.000000 242.000000 1.559712 1.597811 3.863324 -1.303835 1.623386 23.518413 1.547965 0.403943
Cyclist -1 -1 -10 539.000000 166.000000 579.000000 255.000000 1.806747 0.545066 1.686317 -1.008876 1.442081 14.124422 -1.607405 0.924361
Cyclist -1 -1 -10 543.000000 174.000000 597.000000 229.000000 1.693432 0.618456 1.596911 -0.923369 2.009778 22.114694 -1.602388 0.101744
Cyclist -1 -1 -10 918.000000 176.000000 937.000000 239.000000 1.677953 0.514024 1.434747 8.506080 2.027110 18.448296 -1.190784 0.015203
Cyclist -1 -1 -10 764.000000 170.000000 798.000000 275.000000 1.725539 0.627896 1.676140 3.141338 1.195147 11.919370 1.184157 0.012871
Cyclist -1 -1 -10 889.000000 171.000000 930.000000 309.000000 1.749007 0.662618 1.661591 2.781494 1.303123 6.399946 -1.176029 0.010289
