Pedestrian -1 -1 -10 634.000000 135.000000 672.000000 244.000000 1.765573 0.705136 0.988013 0.783418 1.000012 12.346033 1.221205 0.998382
Pedestrian -1 -1 -10 591.000000 139.000000 631.000000 250.000000 1.766957 0.694817 0.878814 -0.032124 1.075472 12.138434 1.163810 0.998332
Pedestrian -1 -1 -10 1017.000000 131.000000 1125.000000 370.000000 1.657684 0.543370 0.615384 2.682661 1.260622 3.950435 1.054002 0.996442
Pedestrian -1 -1 -10 917.000000 142.000000 1039.000000 370.000000 1.740213 0.555373 0.749096 2.645140 1.398386 4.886133 2.999500 0.994026
Pedestrian -1 -1 -10 1067.000000 130.000000 1167.000000 369.000000 1.782515 0.636517 0.836544 3.641512 1.407976 5.074845 1.169352 0.989722
Pedestrian -1 -1 -10 540.000000 139.000000 575.000000 228.000000 1.769917 0.715775 1.013132 -1.079055 0.970965 14.609936 1.082259 0.984318
Pedestrian -1 -1 -10 499.000000 137.000000 527.000000 224.000000 1.822814 0.708567 0.868866 -2.044336 0.919976 15.340755 1.032958 0.975561
Pedestrian -1 -1 -10 569.000000 142.000000 601.000000 226.000000 1.728369 0.639568 0.701855 -0.518138 0.922243 14.842221 1.337928 0.943518
Pedestrian -1 -1 -10 693.000000 146.000000 711.000000 204.000000 1.787188 0.648079 0.739100 2.894725 0.763934 21.972723 -1.474143 0.877379
Pedestrian -1 -1 -10 478.000000 145.000000 501.000000 221.000000 1.786782 0.702717 0.845121 -2.626423 1.017867 16.430480 0.948251 0.743674
Pedestrian -1 -1 -10 442.000000 143.000000 471.000000 223.000000 1.709213 0.638398 0.715272 -3.028655 0.913935 14.052943 1.341519 0.717543
Pedestrian -1 -1 -10 535.000000 145.000000 556.000000 223.000000 1.766372 0.613069 0.710337 -1.554907 0.952070 16.093045 -0.623471 0.716598
Pedestrian -1 -1 -10 526.000000 138.000000 547.000000 204.000000 1.854781 0.665754 0.782199 -2.167963 0.630091 21.147440 1.904577 0.448983
Pedestrian -1 -1 -10 581.000000 141.000000 615.000000 225.000000 1.784675 0.618330 0.648989 -0.442192 0.922340 14.945551 1.175880 0.398675
Pedestrian -1 -1 -10 278.000000 137.000000 308.000000 235.000000 1.741868 0.543707 0.768565 -5.306115 1.019116 11.870498 0.145740 0.328816
Cyclist -1 -1 -10 435.000000 144.000000 474.000000 230.000000 1.821346 0.667523 1.815793 -3.013635 1.028087 14.122888 1.778926 0.542840
Cyclist -1 -1 -10 276.000000 139.000000 320.000000 227.000000 1.690111 0.574510 1.576938 -6.460331 1.237744 15.510349 0.151109 0.378025
Cyclist -1 -1 -10 318.000000 149.000000 399.000000 202.000000 1.652562 0.525065 1.466102 -5.792267 1.263582 17.165039 2.764813 0.176351
Cyclist -1 -1 -10 292.000000 152.000000 354.000000 206.000000 1.680400 0.520015 1.506955 -7.936130 1.207713 19.731070 -1.979893 0.158264
Cyclist -1 -1 -10 358.000000 147.000000 400.000000 198.000000 1.689094 0.616888 1.551314 -7.485863 0.855874 22.925415 -1.884105 0.133931
Cyclist -1 -1 -10 488.000000 139.000000 506.000000 201.000000 1.677954 0.514024 1.434748 -3.105392 0.767154 21.124533 -1.768997 0.057948
Cyclist -1 -1 -10 527.000000 139.000000 558.000000 214.000000 1.676576 0.539240 1.728166 -1.563580 0.874627 16.198057 -1.992575 0.037346
Cyclist -1 -1 -10 589.000000 140.000000 630.000000 239.000000 1.786987 0.505174 1.726219 -0.054613 1.098574 12.214310 1.084637 0.020538
Cyclist -1 -1 -10 476.000000 144.000000 503.000000 220.000000 1.795485 0.579190 1.730047 -2.723851 0.850061 16.587727 1.786822 0.018459
Cyclist -1 -1 -10 456.000000 144.000000 488.000000 224.000000 1.738855 0.689504 1.559591 -2.857787 0.949099 16.051663 0.470148 0.015904
