Car -1 -1 -10 136.000000 204.000000 277.000000 265.000000 1.421685 1.608833 3.839011 -9.913222 2.152792 17.479048 -2.483587 0.999613
Car -1 -1 -10 604.000000 181.000000 689.000000 232.000000 1.451752 1.668055 4.044142 0.892259 1.667463 21.171981 1.466774 0.997330
Car -1 -1 -10 530.000000 182.000000 594.000000 229.000000 1.442640 1.591209 3.757736 -1.519077 1.611595 22.068498 1.500257 0.931401
Car -1 -1 -10 291.000000 171.000000 538.000000 295.000000 1.980945 1.745666 4.242156 -3.773123 2.037253 12.829849 -2.480798 0.895002
Car -1 -1 -10 189.000000 184.000000 304.000000 222.000000 1.513231 1.619478 3.803619 -16.269057 2.058467 32.426284 -3.389141 0.398184
Car -1 -1 -10 138.000000 191.000000 224.000000 218.000000 1.516341 1.606671 3.882395 -21.546095 2.395800 36.066247 -0.162163 0.251206
Car -1 -1 -10 -1.000000 195.000000 57.000000 240.000000 1.523851 1.591937 3.799582 -22.100627 2.426502 26.714140 -2.413398 0.104264
Car -1 -1 -10 660.000000 173.000000 786.000000 219.000000 1.561141 1.625041 3.936419 5.103433 1.437494 28.381884 -2.508036 0.057502
Car -1 -1 -10 574.000000 179.000000 637.000000 220.000000 1.589044 1.639522 3.939974 0.348229 1.798085 32.330809 0.428385 0.032708
Car -1 -1 -10 170.000000 189.000000 279.000000 237.000000 1.565426 1.652449 4.046653 -17.064898 2.202919 31.819404 -2.648484 0.024095
Car -1 -1 -10 423.000000 180.000000 531.000000 244.000000 1.524240 1.504203 3.205061 -2.175694 2.316744 18.643909 1.400627 0.012863
