Pedestrian -1 -1 -10 462.000000 171.000000 492.000000 239.000000 1.681160 0.624336 0.792007 -3.037178 1.450864 17.803989 -0.729318 0.917761
Pedestrian -1 -1 -10 907.000000 239.000000 1044.000000 371.000000 1.735474 0.599554 0.672566 2.492056 1.940973 4.591719 3.035008 0.745818
Pedestrian -1 -1 -10 986.000000 241.000000 1236.000000 375.000000 1.730103 0.778846 0.871685 2.725117 2.024184 3.832452 -0.846717 0.724524
Pedestrian -1 -1 -10 1006.000000 224.000000 1105.000000 351.000000 1.677194 0.568873 0.589504 2.477142 1.670652 3.816715 3.124097 0.693095
Pedestrian -1 -1 -10 1117.000000 237.000000 1235.000000 370.000000 1.720606 0.638640 0.618783 6.405323 1.605201 7.885910 3.280615 0.661271
Pedestrian -1 -1 -10 1029.000000 241.000000 1146.000000 365.000000 1.666865 0.554411 0.572375 5.212360 1.853409 7.519231 3.133218 0.195704
Car -1 -1 -10 1137.000000 240.000000 1233.000000 371.000000 1.521782 1.533136 3.221514 4.670560 1.540888 5.188054 2.229950 0.011769
Car -1 -1 -10 185.000000 168.000000 354.000000 369.000000 1.567381 1.593627 3.611132 -2.829797 1.530793 4.262268 -1.582886 0.010214
Cyclist -1 -1 -10 183.000000 171.000000 353.000000 371.000000 1.643449 0.601731 1.708999 -2.269551 1.549896 3.955767 -1.445168 0.607151
Cyclist -1 -1 -10 996.000000 238.000000 1234.000000 372.000000 1.722109 0.676755 1.677572 2.704451 1.879701 3.876326 -1.888154 0.332442
Cyclist -1 -1 -10 1118.000000 234.000000 1213.000000 370.000000 1.753126 0.506235 1.556757 4.117223 1.642828 5.161610 1.210334 0.238336
Cyclist -1 -1 -10 891.000000 237.000000 1052.000000 370.000000 1.623256 0.432817 1.659030 2.407283 1.954295 4.634905 1.481349 0.034471
Cyclist -1 -1 -10 1184.000000 235.000000 1238.000000 365.000000 1.712111 0.562029 1.538673 3.770100 1.517405 4.423451 3.797994 0.020767
Cyclist -1 -1 -10 1007.000000 222.000000 1112.000000 364.000000 1.699451 0.609211 1.579717 2.626830 1.687869 3.844946 -0.973481 0.016162
Cyclist -1 -1 -10 367.000000 179.000000 481.000000 274.000000 1.799951 0.619083 1.723105 -3.065420 1.458800 11.484388 -1.870769 0.012399
Cyclist -1 -1 -10 456.000000 171.000000 493.000000 244.000000 1.735891 0.593174 1.751369 -3.246047 1.467960 17.816101 -1.983933 0.010904
