Pedestrian -1 -1 -10 712.000000 156.000000 790.000000 346.000000 1.721795 0.733785 0.911872 1.418804 1.517510 7.080663 -1.713458 0.997879
Pedestrian -1 -1 -10 658.000000 164.000000 729.000000 347.000000 1.722028 0.657624 0.860573 0.800297 1.500510 6.875557 -1.781175 0.995329
Pedestrian -1 -1 -10 199.000000 157.000000 273.000000 341.000000 1.762795 0.637893 0.885636 -3.683286 1.532914 7.157310 -2.029672 0.920103
Pedestrian -1 -1 -10 777.000000 159.000000 800.000000 236.000000 1.724693 0.656685 0.782958 4.627901 1.266699 17.618620 -1.797161 0.822399
Pedestrian -1 -1 -10 227.000000 157.000000 360.000000 368.000000 1.723110 0.787456 0.675735 -2.502538 1.517181 5.981054 1.660975 0.163247
Pedestrian -1 -1 -10 873.000000 162.000000 899.000000 243.000000 1.700122 0.591833 0.836838 6.029535 1.300255 15.355081 -0.168004 0.076835
Pedestrian -1 -1 -10 711.000000 168.000000 732.000000 250.000000 1.749115 0.667994 0.726637 3.062947 1.488789 18.170544 -1.308112 0.057066
Pedestrian -1 -1 -10 692.000000 172.000000 708.000000 221.000000 1.745587 0.680219 0.623713 4.437818 1.334745 31.550166 -1.062932 0.047811
Pedestrian -1 -1 -10 283.000000 173.000000 301.000000 223.000000 1.718166 0.613982 0.634695 -9.569206 1.974969 21.906505 0.209338 0.033977
Pedestrian -1 -1 -10 823.000000 161.000000 878.000000 277.000000 1.655045 0.609425 0.639695 4.445730 1.272154 12.940381 -1.644872 0.022305
Pedestrian -1 -1 -10 794.000000 154.000000 904.000000 342.000000 1.763786 0.648994 0.855800 2.508507 2.201673 7.050586 -1.460083 0.021915
Pedestrian -1 -1 -10 699.000000 165.000000 737.000000 284.000000 1.700337 0.640605 0.614184 1.411169 1.474323 7.655837 -0.808426 0.019023
Pedestrian -1 -1 -10 446.000000 172.000000 463.000000 216.000000 1.774497 0.671260 0.860912 -6.458523 1.428939 31.370857 0.338134 0.016518
Car -1 -1 -10 515.000000 168.000000 565.000000 209.000000 1.816930 1.719896 4.220353 -3.221268 1.334689 38.060531 -1.542774 0.036275
Cyclist -1 -1 -10 218.000000 148.000000 370.000000 373.000000 1.743843 0.637040 1.778001 -2.469387 1.493795 5.895769 1.543303 0.997158
Cyclist -1 -1 -10 397.000000 170.000000 453.000000 237.000000 1.689632 0.486066 1.776386 -4.737256 1.450599 19.429097 0.862454 0.995643
Cyclist -1 -1 -10 794.000000 153.000000 905.000000 347.000000 1.639206 0.576392 1.705732 2.234221 2.002170 7.084188 -0.694080 0.989376
Cyclist -1 -1 -10 190.000000 156.000000 287.000000 355.000000 1.774686 0.673958 1.750175 -3.810459 1.588845 7.247457 -1.416340 0.670014
Cyclist -1 -1 -10 893.000000 187.000000 1128.000000 369.000000 1.693809 0.557771 1.711023 2.767845 1.838885 5.117071 -0.477505 0.330963
Cyclist -1 -1 -10 767.000000 159.000000 798.000000 248.000000 1.712443 0.592838 1.706197 3.724248 1.489168 15.861887 -1.330584 0.124320
Cyclist -1 -1 -10 282.000000 172.000000 302.000000 231.000000 1.721693 0.655942 1.697784 -9.487246 1.542117 22.286150 1.100923 0.048616
Cyclist -1 -1 -10 822.000000 161.000000 879.000000 292.000000 1.695899 0.484691 1.545542 6.175139 1.413215 16.660046 -0.582698 0.043349
Cyclist -1 -1 -10 753.000000 167.000000 797.000000 285.000000 1.737379 0.505029 1.708423 2.351825 1.356307 10.150675 -1.478369 0.030651
Cyclist -1 -1 -10 225.000000 183.000000 320.000000 298.000000 1.660877 0.559271 1.732123 -5.230219 1.818554 11.541353 2.213872 0.027022
Cyclist -1 -1 -10 708.000000 156.000000 796.000000 343.000000 1.834555 0.684280 1.749185 1.378361 1.549171 7.116430 1.838407 0.017886
Cyclist -1 -1 -10 692.000000 172.000000 708.000000 221.000000 1.710105 0.496518 1.631089 4.466497 1.280330 32.404069 -0.926467 0.012797
