Pedestrian -1 -1 -10 863.000000 181.000000 905.000000 343.000000 1.733473 0.603222 0.644272 2.749271 1.774522 7.479819 1.459531 0.992102
Pedestrian -1 -1 -10 847.000000 182.000000 952.000000 331.000000 1.783248 0.607947 0.895440 2.789128 1.754480 7.505343 2.969955 0.080821
Pedestrian -1 -1 -10 759.000000 184.000000 892.000000 282.000000 1.734106 0.764907 0.809251 3.527709 1.868129 13.374515 2.998177 0.020162
Car -1 -1 -10 721.000000 183.000000 802.000000 242.000000 1.454539 1.600712 3.931240 3.973203 1.760223 19.831384 -1.514896 0.994607
Car -1 -1 -10 555.000000 174.000000 595.000000 205.000000 1.559282 1.645061 3.933345 -1.874510 1.637946 37.681113 1.572425 0.991342
Car -1 -1 -10 759.000000 183.000000 892.000000 278.000000 1.515321 1.628347 3.985961 4.003100 1.762485 13.710711 1.567603 0.988631
Car -1 -1 -10 -1.000000 199.000000 376.000000 375.000000 1.547208 1.596936 3.757264 -3.015020 1.811277 4.839625 1.573830 0.985763
Car -1 -1 -10 877.000000 176.000000 1195.000000 376.000000 1.633606 1.665436 3.838463 3.617206 1.672372 7.206333 -1.585944 0.980068
Car -1 -1 -10 713.000000 179.000000 767.000000 233.000000 1.492733 1.549141 3.560055 4.340143 1.743288 24.998036 -1.543156 0.970170
Car -1 -1 -10 439.000000 160.000000 557.000000 261.000000 1.907359 1.732747 4.395054 -2.496841 1.759024 16.366761 -1.536591 0.957584
Car -1 -1 -10 696.000000 177.000000 739.000000 216.000000 1.550410 1.572529 3.598733 4.609803 1.800538 31.821313 -1.568897 0.692842
Car -1 -1 -10 682.000000 177.000000 723.000000 210.000000 1.531848 1.604948 3.765999 4.446959 1.727846 36.351562 -1.558733 0.231054
Car -1 -1 -10 841.000000 184.000000 989.000000 338.000000 1.651278 1.625776 3.846240 3.737239 1.630413 6.699058 1.327961 0.101496
Car -1 -1 -10 573.000000 174.000000 602.000000 199.000000 1.535536 1.611259 4.051458 -1.886592 1.592385 37.872221 1.652386 0.084420
Car -1 -1 -10 674.000000 175.000000 709.000000 203.000000 1.529948 1.594872 3.796646 4.733296 1.970995 41.452240 -1.528931 0.024423
