Car -1 -1 -10 242.000000 176.000000 397.000000 270.000000 1.674485 1.622812 3.941630 -6.073962 1.861705 15.658223 1.554490 0.999454
Car -1 -1 -10 527.000000 179.000000 565.000000 204.000000 1.522818 1.623564 3.938404 -3.706202 1.883939 41.621640 1.582466 0.999100
Car -1 -1 -10 813.000000 175.000000 1250.000000 374.000000 1.498057 1.611157 3.932596 2.962461 1.595963 5.498636 -1.609262 0.995953
Car -1 -1 -10 351.000000 179.000000 446.000000 238.000000 1.651499 1.611679 3.909948 -6.326815 1.885193 22.428348 1.576059 0.995164
Car -1 -1 -10 1.000000 211.000000 217.000000 371.000000 1.446555 1.590921 3.883272 -6.056068 1.929423 7.497118 1.600411 0.964491
Car -1 -1 -10 442.000000 183.000000 493.000000 215.000000 1.446046 1.563915 3.951637 -6.556626 1.908950 33.074448 1.561582 0.938290
Car -1 -1 -10 693.000000 166.000000 770.000000 192.000000 1.571408 1.669395 4.191605 8.097819 1.421183 47.646086 3.199929 0.926997
Car -1 -1 -10 996.000000 153.000000 1200.000000 225.000000 1.533621 1.626155 3.940560 15.595138 1.049560 22.375842 0.478538 0.334371
Car -1 -1 -10 939.000000 159.000000 1233.000000 303.000000 1.395166 1.642672 4.309476 8.028270 1.364571 11.173869 1.512074 0.031891
Cyclist -1 -1 -10 993.000000 151.000000 1195.000000 227.000000 1.677954 0.514024 1.434748 10.144176 0.971508 15.543123 -1.026402 0.015276
Cyclist -1 -1 -10 1.000000 211.000000 217.000000 367.000000 1.725125 0.579671 1.838373 -5.480263 2.076373 7.638538 -1.530434 0.010860
