Pedestrian -1 -1 -10 749.000000 154.000000 765.000000 216.000000 1.674784 0.603387 0.602934 3.149150 1.588604 13.726161 0.749057 0.255266
Pedestrian -1 -1 -10 730.000000 153.000000 748.000000 219.000000 1.761207 0.691203 0.737486 5.099746 1.164566 28.658456 -1.339336 0.196709
Pedestrian -1 -1 -10 728.000000 159.000000 769.000000 214.000000 1.762192 0.652073 0.589736 3.443666 1.354700 19.147158 -0.865232 0.014862
Pedestrian -1 -1 -10 721.000000 166.000000 753.000000 210.000000 1.774919 0.656742 0.659891 5.214038 1.344833 28.412259 -1.178027 0.014677
Car -1 -1 -10 813.000000 180.000000 1250.000000 374.000000 1.475754 1.630321 4.029879 3.305444 1.595558 6.440984 -1.620159 0.999133
Car -1 -1 -10 366.000000 180.000000 456.000000 238.000000 1.559576 1.563843 3.675512 -5.770890 1.771804 21.118330 1.585501 0.998680
Car -1 -1 -10 708.000000 172.000000 825.000000 253.000000 1.486825 1.618918 3.796524 3.044469 1.472102 15.024399 -1.656411 0.998631
Car -1 -1 -10 416.000000 179.000000 484.000000 224.000000 1.482561 1.527997 3.613615 -5.571246 1.793305 26.106149 1.551186 0.986608
Car -1 -1 -10 1.000000 205.000000 208.000000 376.000000 1.464834 1.584486 3.849993 -5.579242 1.888079 6.421881 1.664246 0.940353
Car -1 -1 -10 685.000000 173.000000 757.000000 224.000000 1.470775 1.568747 3.585605 3.151634 1.461324 20.233684 -1.650771 0.919636
Car -1 -1 -10 95.000000 205.000000 158.000000 231.000000 1.515564 1.525375 3.688142 -13.908594 2.327946 20.898220 1.473337 0.044899
Cyclist -1 -1 -10 746.000000 160.000000 769.000000 212.000000 1.708973 0.539361 1.631407 3.443107 1.523519 15.600611 -0.735161 0.040559
Cyclist -1 -1 -10 732.000000 155.000000 760.000000 218.000000 1.667027 0.547353 1.646011 3.542449 1.279969 19.353187 1.772545 0.015256
Cyclist -1 -1 -10 754.000000 169.000000 780.000000 208.000000 1.717321 0.484172 1.279142 4.275830 1.279902 19.395313 1.184561 0.014098
Cyclist -1 -1 -10 98.000000 206.000000 156.000000 235.000000 1.701120 0.577485 1.753892 -13.246267 2.223035 20.108505 -1.617451 0.011942
