Pedestrian -1 -1 -10 65.000000 156.000000 247.000000 376.000000 1.678603 0.640017 0.825733 -3.070298 1.606824 4.971570 1.509229 0.020760
Car -1 -1 -10 737.000000 165.000000 1005.000000 334.000000 1.624570 1.617349 3.571486 2.791076 1.549269 8.625383 -1.715688 0.999179
Car -1 -1 -10 599.000000 165.000000 672.000000 216.000000 1.517917 1.588240 3.503057 0.803657 1.301672 23.217195 -1.773193 0.999178
Car -1 -1 -10 543.000000 159.000000 615.000000 190.000000 1.500768 1.547032 3.777957 -1.573726 0.920263 38.654295 -0.691963 0.985623
Car -1 -1 -10 659.000000 158.000000 750.000000 191.000000 1.566659 1.592982 3.914819 4.403465 0.790464 34.979351 -0.691680 0.971992
Car -1 -1 -10 719.000000 158.000000 801.000000 188.000000 1.534766 1.606920 3.976842 7.822621 0.703164 37.991350 -0.724758 0.907400
Car -1 -1 -10 784.000000 156.000000 856.000000 195.000000 1.631105 1.669857 4.227192 11.804427 0.719690 41.495748 -0.667957 0.264829
Car -1 -1 -10 643.000000 160.000000 708.000000 188.000000 1.547524 1.600930 3.726761 3.666813 0.897585 34.901775 -0.615820 0.042328
Car -1 -1 -10 894.000000 157.000000 953.000000 184.000000 1.515563 1.573094 3.685543 22.165580 1.032076 49.685415 -0.560670 0.026954
Car -1 -1 -10 882.000000 155.000000 930.000000 189.000000 1.487872 1.554844 3.522486 15.629275 0.392210 41.009441 -1.151237 0.021080
Car -1 -1 -10 805.000000 159.000000 933.000000 203.000000 1.533425 1.659624 4.318841 14.589795 0.736716 42.855366 3.470349 0.013849
Cyclist -1 -1 -10 49.000000 157.000000 271.000000 376.000000 1.648674 0.563970 1.703787 -3.018730 1.567103 4.993592 1.464234 0.999687
Cyclist -1 -1 -10 783.000000 156.000000 855.000000 197.000000 1.679451 0.593734 1.786801 11.388678 0.843758 40.129993 -0.649972 0.216106
Cyclist -1 -1 -10 840.000000 162.000000 950.000000 206.000000 1.792614 0.705034 1.758121 16.481731 0.917138 41.488584 -0.577873 0.063947
Cyclist -1 -1 -10 796.000000 159.000000 888.000000 208.000000 1.724225 0.723925 1.694620 12.853501 1.085057 41.533910 2.384662 0.040573
Cyclist -1 -1 -10 882.000000 155.000000 940.000000 195.000000 1.665845 0.522089 1.458789 13.786000 1.612159 32.983683 -1.225129 0.023684
Cyclist -1 -1 -10 895.000000 152.000000 917.000000 197.000000 1.697578 0.509328 1.373199 5.761012 0.740590 14.293929 1.397536 0.012426
