Pedestrian -1 -1 -10 766.000000 170.000000 842.000000 371.000000 1.673362 0.586383 0.742430 1.595599 1.532924 6.061283 -1.718334 0.998786
Pedestrian -1 -1 -10 853.000000 158.000000 949.000000 373.000000 1.729229 0.686337 1.031675 2.519733 1.518022 6.046056 -1.573704 0.997551
Pedestrian -1 -1 -10 640.000000 165.000000 666.000000 255.000000 1.780276 0.630680 0.842999 0.928290 1.488203 14.592864 -2.559169 0.994726
Pedestrian -1 -1 -10 193.000000 164.000000 271.000000 357.000000 1.743837 0.685634 0.928359 -3.570020 1.566256 6.805393 -2.013344 0.986898
Pedestrian -1 -1 -10 1105.000000 153.000000 1170.000000 263.000000 1.768947 0.626422 0.811331 8.597844 1.236794 11.410777 0.660648 0.960916
Pedestrian -1 -1 -10 725.000000 169.000000 754.000000 243.000000 1.676903 0.670066 1.007595 3.103482 1.321875 16.457629 -1.785719 0.930138
Pedestrian -1 -1 -10 906.000000 157.000000 941.000000 244.000000 1.656060 0.627484 0.677491 6.703470 1.216453 15.135785 2.503772 0.864403
Pedestrian -1 -1 -10 215.000000 178.000000 283.000000 300.000000 1.740080 0.618423 0.781756 -5.038694 1.632812 10.418836 2.267724 0.503334
Pedestrian -1 -1 -10 1126.000000 154.000000 1170.000000 227.000000 1.778762 0.704988 0.644790 10.843359 1.079491 13.845799 -0.514884 0.386212
Pedestrian -1 -1 -10 881.000000 163.000000 942.000000 271.000000 1.733446 0.642029 0.745611 6.390867 1.500961 14.739022 -1.211705 0.199520
Pedestrian -1 -1 -10 439.000000 177.000000 459.000000 227.000000 1.739772 0.688401 0.938645 -5.493946 1.642450 25.958640 -1.724155 0.157027
Pedestrian -1 -1 -10 1179.000000 148.000000 1214.000000 209.000000 1.696099 0.648915 0.701678 12.941195 0.940658 15.724376 0.712560 0.073081
Pedestrian -1 -1 -10 431.000000 174.000000 448.000000 225.000000 1.803773 0.625249 0.864287 -6.211710 1.642713 27.085671 2.337654 0.041329
Car -1 -1 -10 471.000000 169.000000 534.000000 221.000000 1.934562 1.757403 4.244966 -3.972804 1.407421 29.003377 1.556906 0.611751
Car -1 -1 -10 498.000000 171.000000 555.000000 218.000000 1.739594 1.617973 3.881514 -3.695818 1.317747 29.940688 -1.510952 0.064117
Car -1 -1 -10 525.000000 171.000000 560.000000 208.000000 1.768781 1.712820 4.044898 -3.864033 1.306458 40.588234 -2.264694 0.010127
Cyclist -1 -1 -10 178.000000 172.000000 302.000000 320.000000 1.737570 0.575307 1.785506 -5.092883 1.510569 10.048424 -2.592323 0.977878
Cyclist -1 -1 -10 217.000000 174.000000 273.000000 319.000000 1.677954 0.514024 1.434748 -4.954600 2.257357 9.818618 -2.077445 0.085317
Cyclist -1 -1 -10 898.000000 160.000000 947.000000 252.000000 1.669967 0.537210 1.694796 6.613343 1.188596 15.026680 2.512215 0.057025
Cyclist -1 -1 -10 862.000000 161.000000 941.000000 340.000000 1.769702 0.631305 1.709843 2.495187 1.434177 6.216923 -1.610121 0.019467
Cyclist -1 -1 -10 1111.000000 153.000000 1169.000000 239.000000 1.638394 0.564174 1.710203 9.253532 1.065991 12.218981 3.655723 0.015007
Cyclist -1 -1 -10 1131.000000 148.000000 1170.000000 214.000000 1.733281 0.616094 1.534241 12.305332 0.602521 15.963495 1.656822 0.013613
Cyclist -1 -1 -10 190.000000 191.000000 278.000000 267.000000 1.684530 0.601749 1.725186 -5.752623 1.798476 11.026673 -2.657770 0.010163
