Pedestrian -1 -1 -10 940.000000 153.000000 989.000000 285.000000 1.647747 0.635441 0.639849 4.498140 1.240307 9.018188 -1.564418 0.991345
Pedestrian -1 -1 -10 595.000000 158.000000 605.000000 193.000000 1.746465 0.641082 0.740736 -0.016858 0.579495 39.152237 1.938204 0.484746
Pedestrian -1 -1 -10 65.000000 162.000000 326.000000 383.000000 1.742374 0.803975 0.722266 -1.964937 1.716597 3.723978 1.145287 0.394930
Pedestrian -1 -1 -10 580.000000 158.000000 593.000000 194.000000 1.718881 0.636734 0.732116 -0.808994 0.589660 38.876496 -1.496802 0.291855
Pedestrian -1 -1 -10 658.000000 158.000000 668.000000 185.000000 1.749282 0.633069 0.769582 4.030915 0.354937 47.426142 -1.845980 0.218511
Pedestrian -1 -1 -10 1085.000000 152.000000 1147.000000 281.000000 1.709176 0.529804 0.601154 7.889922 1.612403 10.296875 3.600904 0.097897
Pedestrian -1 -1 -10 643.000000 157.000000 651.000000 184.000000 1.761982 0.718530 0.810540 3.673257 0.034811 57.513480 -3.019649 0.089063
Pedestrian -1 -1 -10 779.000000 152.000000 806.000000 234.000000 1.757797 0.675558 0.762059 4.588824 1.086885 17.142148 -1.182963 0.085378
Pedestrian -1 -1 -10 587.000000 158.000000 602.000000 192.000000 1.742282 0.679798 0.733725 -0.344986 0.599685 39.587504 -2.045745 0.060012
Pedestrian -1 -1 -10 662.000000 157.000000 672.000000 185.000000 1.747577 0.593246 0.994677 4.433169 0.324109 47.290733 -2.001284 0.036863
Pedestrian -1 -1 -10 1064.000000 141.000000 1123.000000 276.000000 1.699095 0.574750 0.786341 6.105468 1.034205 8.848520 3.702553 0.033147
Pedestrian -1 -1 -10 670.000000 158.000000 677.000000 186.000000 1.776842 0.635871 0.842684 4.864900 0.330575 48.347141 1.298961 0.022762
Pedestrian -1 -1 -10 1110.000000 142.000000 1219.000000 280.000000 1.773865 0.648227 0.720380 5.985654 1.202450 7.634650 1.710308 0.014209
Car -1 -1 -10 612.000000 165.000000 651.000000 197.000000 1.545250 1.609326 3.828668 1.320680 0.860895 34.612707 -1.522994 0.998640
Cyclist -1 -1 -10 40.000000 171.000000 356.000000 372.000000 1.629059 0.606621 1.735571 -2.050617 1.524840 3.595253 1.662220 0.998652
