Car -1 -1 -10 666.000000 180.000000 734.000000 231.000000 1.502132 1.615199 3.828159 2.729680 1.751100 22.688463 -1.564240 0.999171
Car -1 -1 -10 875.000000 164.000000 1118.000000 237.000000 1.519481 1.701704 4.268088 8.126052 1.367879 15.550826 3.162519 0.997268
Car -1 -1 -10 12.000000 206.000000 354.000000 374.000000 1.430980 1.601202 3.825747 -3.797803 1.878616 6.915938 1.594019 0.988626
Car -1 -1 -10 265.000000 196.000000 387.000000 270.000000 1.511720 1.587321 3.763293 -6.330525 1.979770 16.125371 1.529943 0.986757
Car -1 -1 -10 470.000000 184.000000 512.000000 213.000000 1.545840 1.596515 3.917015 -6.270887 2.097794 38.354234 1.603147 0.985461
Car -1 -1 -10 385.000000 184.000000 475.000000 236.000000 1.666118 1.663281 4.101286 -6.441746 2.057845 26.487372 1.725030 0.972549
Car -1 -1 -10 776.000000 163.000000 913.000000 211.000000 1.624395 1.642166 3.971220 7.863903 1.346981 24.946564 3.138571 0.623418
Car -1 -1 -10 1010.000000 151.000000 1112.000000 198.000000 1.612996 1.654598 3.907232 22.098642 0.766620 34.540266 0.029444 0.503404
Car -1 -1 -10 842.000000 160.000000 1011.000000 229.000000 1.669708 1.657233 3.913883 8.044846 1.292526 18.663901 3.140500 0.480221
Car -1 -1 -10 491.000000 184.000000 521.000000 209.000000 1.499263 1.549379 3.694011 -6.482749 2.006294 43.210785 1.573769 0.092051
Car -1 -1 -10 1169.000000 134.000000 1239.000000 187.000000 1.665467 1.651041 3.866975 21.525548 0.419132 24.876924 -0.196693 0.030760
Car -1 -1 -10 1040.000000 149.000000 1152.000000 189.000000 1.549393 1.645857 3.952075 22.250390 0.683896 31.476162 -0.050420 0.023119
