Pedestrian -1 -1 -10 633.000000 178.000000 654.000000 214.000000 1.771792 0.581715 0.687237 1.797520 1.946437 34.576015 -2.088114 0.058156
Pedestrian -1 -1 -10 475.000000 187.000000 482.000000 217.000000 1.728198 0.611893 0.732501 -6.496526 2.248669 35.416450 -0.016939 0.018701
Car -1 -1 -10 498.000000 185.000000 550.000000 229.000000 1.562153 1.606064 3.940105 -3.379835 2.044291 28.399418 -1.616433 0.999066
Car -1 -1 -10 579.000000 183.000000 606.000000 209.000000 1.509043 1.651671 3.927534 -1.009108 2.256385 46.554101 -1.634634 0.997546
Car -1 -1 -10 337.000000 193.000000 405.000000 231.000000 1.571467 1.654439 4.144057 -10.413354 2.394872 31.976575 1.566184 0.989570
Car -1 -1 -10 402.000000 189.000000 438.000000 214.000000 1.614013 1.621415 3.893691 -13.821863 2.909882 51.697949 1.371171 0.087163
Cyclist -1 -1 -10 637.000000 177.000000 669.000000 214.000000 1.700354 0.646898 1.747661 1.885509 1.863822 34.659792 -2.477394 0.962308
Cyclist -1 -1 -10 631.000000 179.000000 654.000000 213.000000 1.703402 0.585646 1.704391 1.872163 1.887216 35.606128 1.125887 0.710571
Cyclist -1 -1 -10 629.000000 181.000000 644.000000 210.000000 1.708583 0.591728 1.782794 1.350059 1.929311 36.096620 -1.573470 0.021357
Cyclist -1 -1 -10 644.000000 177.000000 659.000000 213.000000 1.716436 0.564022 1.719521 2.010466 1.894696 34.586234 1.244096 0.015844
