Car -1 -1 -10 656.000000 179.000000 712.000000 222.000000 1.412063 1.646637 3.904950 2.602671 1.661561 26.147587 -1.573729 0.998908
Car -1 -1 -10 -10.000000 177.000000 365.000000 296.000000 1.624831 1.678415 4.117291 -6.360361 1.701796 10.342992 -0.028939 0.995280
Car -1 -1 -10 279.000000 179.000000 462.000000 243.000000 1.602197 1.640683 4.108749 -5.959175 1.740875 18.400664 0.050954 0.972842
Car -1 -1 -10 393.000000 176.000000 517.000000 217.000000 1.670877 1.635564 4.265513 -6.049899 1.504322 29.958510 -0.058529 0.687500
Car -1 -1 -10 -4.000000 168.000000 192.000000 335.000000 1.540520 1.600764 3.785520 -7.008894 1.629321 7.683001 -3.169764 0.640957
Car -1 -1 -10 150.000000 184.000000 395.000000 259.000000 1.502226 1.564259 3.945673 -6.089672 1.597214 13.884221 -3.177397 0.535974
Car -1 -1 -10 467.000000 173.000000 544.000000 202.000000 1.506572 1.633152 3.870297 -5.809437 1.706749 40.569994 -3.252012 0.410205
Car -1 -1 -10 720.000000 176.000000 820.000000 238.000000 1.524240 1.504203 3.205061 4.314707 2.147555 24.888708 1.801160 0.175443
Car -1 -1 -10 452.000000 178.000000 518.000000 206.000000 1.409579 1.510985 3.119730 -4.012485 1.561056 24.238302 0.646265 0.099596
Car -1 -1 -10 354.000000 174.000000 470.000000 224.000000 1.600369 1.596421 4.023037 -7.201250 1.514521 25.730859 -3.302813 0.066755
Car -1 -1 -10 712.000000 175.000000 779.000000 222.000000 1.572590 1.616040 3.779282 5.429619 1.708522 32.036128 -1.491634 0.054231
Car -1 -1 -10 703.000000 176.000000 756.000000 210.000000 1.546524 1.600572 3.776084 6.304425 1.637949 35.393305 -0.774616 0.028874
