Car -1 -1 -10 578.000000 172.000000 652.000000 240.000000 1.562704 1.644984 3.583949 0.130334 1.302833 18.624018 -1.595525 0.999471
Car -1 -1 -10 378.000000 179.000000 484.000000 249.000000 1.582395 1.609890 3.674854 -4.331360 1.457145 17.962169 -1.584025 0.999423
Car -1 -1 -10 -10.000000 172.000000 372.000000 376.000000 1.551615 1.628899 3.923937 -3.637277 1.461084 6.771567 -1.572202 0.995126
Car -1 -1 -10 461.000000 181.000000 516.000000 218.000000 1.492299 1.552768 3.640258 -4.864008 1.299929 29.837166 -1.584945 0.994791
Car -1 -1 -10 497.000000 178.000000 538.000000 209.000000 1.613631 1.629613 3.930405 -4.634379 1.260185 37.699015 -1.618360 0.941133
Car -1 -1 -10 253.000000 188.000000 333.000000 234.000000 1.535139 1.589035 3.766415 -8.591881 1.553368 18.628526 -1.501564 0.181528
Car -1 -1 -10 192.000000 182.000000 346.000000 245.000000 1.500924 1.602082 3.907625 -11.729021 1.118168 25.386114 1.624333 0.056555
Car -1 -1 -10 286.000000 184.000000 352.000000 215.000000 1.581975 1.606634 3.773869 -13.106896 1.441735 33.335036 1.553043 0.055965
Car -1 -1 -10 135.000000 180.000000 362.000000 275.000000 1.478637 1.530092 3.369264 -10.359895 1.119700 20.445252 1.564964 0.039175
Car -1 -1 -10 418.000000 173.000000 455.000000 198.000000 1.524240 1.504203 3.205061 -12.345070 0.702276 51.944191 1.349205 0.033143
