Car -1 -1 -10 751.000000 175.000000 1227.000000 375.000000 1.587953 1.647464 4.102539 2.670511 1.700293 6.087886 -1.591856 0.990212
Car -1 -1 -10 172.000000 185.000000 396.000000 270.000000 1.493715 1.626639 3.955540 -6.549629 1.799849 14.226566 -3.146249 0.987154
Car -1 -1 -10 351.000000 181.000000 508.000000 227.000000 1.496409 1.594823 4.052378 -5.659948 1.788134 24.440671 0.098155 0.982691
Car -1 -1 -10 -10.000000 193.000000 298.000000 328.000000 1.463668 1.585958 3.891402 -6.109555 1.776690 9.437897 -0.045925 0.978353
Car -1 -1 -10 647.000000 179.000000 683.000000 206.000000 1.463088 1.633322 3.888973 3.054906 1.746322 39.742047 -1.584620 0.975330
Car -1 -1 -10 434.000000 176.000000 532.000000 213.000000 1.524099 1.618904 3.707529 -4.835101 1.776892 34.994749 -3.167632 0.346256
Car -1 -1 -10 248.000000 184.000000 409.000000 239.000000 1.487129 1.564465 3.615422 -6.605020 1.663981 17.597167 -3.335471 0.283443
Car -1 -1 -10 101.000000 191.000000 320.000000 279.000000 1.528923 1.611245 3.908844 -7.078974 1.767156 13.541623 -2.695668 0.125907
Car -1 -1 -10 80.000000 223.000000 342.000000 375.000000 1.494119 1.572003 3.677071 -2.592096 1.792554 2.882540 1.629735 0.047547
Car -1 -1 -10 268.000000 187.000000 357.000000 228.000000 1.524240 1.504203 3.205061 -10.127388 1.414943 23.799176 1.192115 0.023070
