Pedestrian -1 -1 -10 700.000000 169.000000 719.000000 225.000000 1.683280 0.612588 0.624024 4.619784 1.346461 30.940491 2.659215 0.025659
Car -1 -1 -10 442.000000 195.000000 531.000000 262.000000 1.479753 1.551749 3.572037 -2.812518 1.991660 17.235941 1.573142 0.999448
Car -1 -1 -10 535.000000 186.000000 571.000000 215.000000 1.560437 1.624591 3.965827 -3.299858 2.414997 41.568918 1.548438 0.999404
Car -1 -1 -10 672.000000 184.000000 764.000000 255.000000 1.576328 1.634337 3.689608 2.421145 1.821874 17.701026 -1.571876 0.998671
Car -1 -1 -10 655.000000 180.000000 717.000000 238.000000 1.522087 1.589418 3.601280 2.349186 1.958661 22.428169 -1.576274 0.968853
Car -1 -1 -10 898.000000 190.000000 1232.000000 373.000000 1.568599 1.630616 3.881526 2.671583 1.642197 3.364093 1.607959 0.961926
Car -1 -1 -10 14.000000 211.000000 306.000000 374.000000 1.442554 1.613947 3.874349 -2.978819 1.471416 2.708174 1.563617 0.922175
Car -1 -1 -10 638.000000 178.000000 673.000000 215.000000 1.813928 1.725132 3.919876 2.694959 2.214387 41.463152 -1.637085 0.688954
Car -1 -1 -10 645.000000 179.000000 691.000000 227.000000 1.642678 1.622872 3.980080 2.296221 1.938088 27.590087 -1.645004 0.592029
Car -1 -1 -10 629.000000 180.000000 657.000000 210.000000 1.598888 1.608870 3.715590 2.483907 2.122759 43.630072 -1.556041 0.042364
Cyclist -1 -1 -10 794.000000 191.000000 830.000000 259.000000 1.644630 0.500105 1.727709 4.188427 1.903435 15.119436 -1.627903 0.997685
