Pedestrian -1 -1 -10 0.000000 216.000000 56.000000 363.000000 1.676101 0.600736 0.542558 -8.735879 1.761958 11.043775 1.899669 0.032610
Car -1 -1 -10 746.000000 185.000000 1014.000000 353.000000 1.470408 1.634211 4.112341 2.848696 1.633275 8.628098 -1.582800 0.999474
Car -1 -1 -10 652.000000 173.000000 694.000000 206.000000 1.496895 1.562295 3.594998 2.695507 1.497769 31.370378 -1.588530 0.999108
Car -1 -1 -10 679.000000 166.000000 770.000000 243.000000 1.580064 1.623302 3.727898 2.692545 1.483285 17.619938 -1.619959 0.984956
Car -1 -1 -10 382.000000 169.000000 513.000000 213.000000 1.522756 1.618573 4.174589 -5.890877 1.485272 28.758117 0.119944 0.982668
Car -1 -1 -10 191.000000 174.000000 440.000000 255.000000 1.545069 1.652238 4.243313 -6.053992 1.727449 15.915770 0.020400 0.955601
Car -1 -1 -10 910.000000 171.000000 1260.000000 378.000000 1.526900 1.665177 3.927529 2.709470 1.522600 2.629724 -1.558354 0.936823
Car -1 -1 -10 439.000000 168.000000 520.000000 204.000000 1.476880 1.562279 3.959019 -6.017926 1.398521 32.460014 0.707425 0.381682
Car -1 -1 -10 1.000000 220.000000 59.000000 364.000000 1.505760 1.608191 3.936323 -6.141310 1.558789 5.010678 -2.928025 0.305990
Car -1 -1 -10 285.000000 165.000000 454.000000 230.000000 1.654434 1.560093 3.987715 -6.499401 1.507615 19.968762 0.012828 0.093930
