Pedestrian -1 -1 -10 252.000000 162.000000 303.000000 308.000000 1.667899 0.648883 0.843572 -4.169194 1.579303 9.229218 -2.362311 0.998637
Pedestrian -1 -1 -10 494.000000 158.000000 567.000000 371.000000 1.748289 0.576712 1.014051 -0.687902 1.529200 5.985463 -2.742337 0.996894
Pedestrian -1 -1 -10 348.000000 165.000000 410.000000 329.000000 1.763305 0.665024 0.911372 -2.436972 1.574483 7.758145 0.869439 0.993916
Pedestrian -1 -1 -10 443.000000 166.000000 488.000000 297.000000 1.713122 0.612075 0.911860 -1.861616 1.557993 9.874724 -2.248702 0.988955
Pedestrian -1 -1 -10 426.000000 163.000000 458.000000 270.000000 1.775962 0.629895 0.860216 -2.954524 1.470238 12.699902 -2.769248 0.916087
Pedestrian -1 -1 -10 351.000000 175.000000 471.000000 270.000000 1.747303 0.608068 0.726152 -3.005479 1.504070 12.769773 2.850789 0.567670
Pedestrian -1 -1 -10 347.000000 167.000000 376.000000 265.000000 1.775089 0.673839 0.835299 -4.551933 1.615284 13.023762 0.147196 0.385588
Pedestrian -1 -1 -10 321.000000 172.000000 347.000000 233.000000 1.706204 0.743312 0.780089 -7.536477 1.230926 20.007451 -2.095930 0.321646
Pedestrian -1 -1 -10 369.000000 178.000000 420.000000 291.000000 1.711791 0.588699 0.764924 -2.545618 1.518605 9.033115 -2.393988 0.196934
Pedestrian -1 -1 -10 264.000000 170.000000 299.000000 239.000000 1.732464 0.676437 0.690965 -6.180472 1.195966 13.616754 -1.985496 0.190404
Pedestrian -1 -1 -10 282.000000 173.000000 301.000000 220.000000 1.753220 0.629779 0.601645 -11.692232 1.489410 27.070059 -1.523888 0.176515
Pedestrian -1 -1 -10 350.000000 165.000000 369.000000 230.000000 1.773206 0.625099 0.642499 -6.007517 1.394652 18.000974 -1.840442 0.097725
Pedestrian -1 -1 -10 555.000000 168.000000 570.000000 214.000000 1.743145 0.660286 0.865852 -1.542643 1.132879 28.415491 -1.657990 0.074866
Pedestrian -1 -1 -10 353.000000 168.000000 392.000000 231.000000 1.732072 0.602076 0.658063 -5.992753 1.262057 18.055023 -2.000712 0.059605
Pedestrian -1 -1 -10 539.000000 168.000000 556.000000 223.000000 1.713372 0.624767 0.703743 -2.106294 1.224120 28.296264 -2.146950 0.044007
Car -1 -1 -10 367.000000 177.000000 476.000000 250.000000 1.519834 1.600322 3.903752 -4.156232 1.402379 16.473143 1.334760 0.308192
Car -1 -1 -10 415.000000 173.000000 460.000000 257.000000 1.522218 1.615836 3.985307 -4.168052 1.449210 16.434206 1.298903 0.032477
Car -1 -1 -10 343.000000 172.000000 431.000000 297.000000 1.531309 1.404348 2.931153 -3.158446 1.444811 10.043025 -1.742345 0.011904
Cyclist -1 -1 -10 342.000000 170.000000 436.000000 309.000000 1.714333 0.575990 1.663525 -2.737260 1.610529 8.739072 -1.417455 0.208089
Cyclist -1 -1 -10 369.000000 178.000000 420.000000 291.000000 1.745747 0.619239 1.653783 -2.777722 1.567173 9.298598 -1.776563 0.171527
Cyclist -1 -1 -10 363.000000 175.000000 464.000000 257.000000 1.765009 0.769781 1.844825 -3.833256 1.742869 14.809642 0.755788 0.077825
Cyclist -1 -1 -10 423.000000 167.000000 467.000000 267.000000 1.806481 0.661645 1.739858 -3.083470 1.468647 12.964596 0.917370 0.050637
Cyclist -1 -1 -10 495.000000 164.000000 515.000000 214.000000 1.682871 0.586767 1.749424 -3.898894 1.088035 27.933401 1.335580 0.047656
Cyclist -1 -1 -10 503.000000 170.000000 536.000000 217.000000 1.802366 0.574298 1.711846 -3.744690 1.141577 27.882325 1.487445 0.042415
Cyclist -1 -1 -10 322.000000 172.000000 348.000000 234.000000 1.653233 0.578603 1.765868 -7.581649 1.016955 20.064854 -1.294933 0.039083
Cyclist -1 -1 -10 345.000000 167.000000 378.000000 245.000000 1.651097 0.568900 1.617058 -4.317624 1.345528 12.666484 -1.795157 0.034493
Cyclist -1 -1 -10 353.000000 173.000000 399.000000 239.000000 1.712437 0.604438 1.618390 -6.123300 1.123467 17.868631 1.828081 0.022642
Cyclist -1 -1 -10 437.000000 168.000000 461.000000 251.000000 1.673349 0.531980 1.464088 -3.730502 0.837037 17.307081 -1.811461 0.020885
Cyclist -1 -1 -10 268.000000 171.000000 301.000000 234.000000 1.723373 0.538819 1.534113 -4.735045 1.526294 11.144413 -1.329694 0.020330
Cyclist -1 -1 -10 494.000000 160.000000 560.000000 375.000000 1.773774 0.506289 1.744055 -0.829211 1.573762 6.099885 -2.177803 0.019485
Cyclist -1 -1 -10 377.000000 176.000000 405.000000 244.000000 1.702782 0.577664 1.596875 -7.515527 1.202261 25.086058 0.748786 0.015379
Cyclist -1 -1 -10 342.000000 172.000000 363.000000 250.000000 1.704780 0.531835 1.547103 -4.514830 1.043527 12.573423 -1.314711 0.011817
Cyclist -1 -1 -10 365.000000 169.000000 388.000000 231.000000 1.724246 0.619940 1.713654 -6.679597 0.875527 21.177600 -2.462904 0.010847
Cyclist -1 -1 -10 507.000000 174.000000 549.000000 232.000000 1.691367 0.484805 1.448122 -1.434969 1.208187 15.744763 -2.302010 0.010289
