Car -1 -1 -10 458.000000 180.000000 512.000000 229.000000 1.543542 1.652529 3.677917 -4.414138 1.405985 25.322588 -1.757799 0.999752
Car -1 -1 -10 556.000000 178.000000 645.000000 248.000000 1.524328 1.635432 3.825827 -0.397636 1.418745 18.780493 -1.720042 0.999252
Car -1 -1 -10 170.000000 186.000000 330.000000 274.000000 1.441252 1.591467 3.840202 -6.934028 1.562339 14.410536 -1.719874 0.997337
Car -1 -1 -10 287.000000 182.000000 377.000000 234.000000 1.440817 1.594579 3.925348 -8.625651 1.434430 22.785087 -1.768864 0.996389
Car -1 -1 -10 370.000000 183.000000 415.000000 215.000000 1.444908 1.628089 3.992215 -10.426124 1.347710 34.665118 -1.749196 0.995628
Car -1 -1 -10 -3.000000 162.000000 144.000000 268.000000 1.546343 1.666878 4.194846 -11.448554 1.129856 14.445173 -1.703937 0.784759
Car -1 -1 -10 2.000000 201.000000 192.000000 362.000000 1.471466 1.628399 3.807307 -6.233821 1.635465 8.131350 -1.725858 0.758328
Car -1 -1 -10 176.000000 184.000000 273.000000 252.000000 1.655946 1.629726 3.759629 -11.971190 1.858924 22.993268 -2.007450 0.330537
Car -1 -1 -10 395.000000 182.000000 428.000000 209.000000 1.597336 1.651865 3.905407 -11.708772 1.307424 43.151497 1.328242 0.147709
Car -1 -1 -10 254.000000 170.000000 320.000000 210.000000 1.609422 1.671686 4.022857 -14.714749 0.945505 32.439271 -1.795104 0.016283
