Pedestrian -1 -1 -10 906.000000 146.000000 1017.000000 375.000000 1.742324 0.633762 0.875690 2.709046 1.522477 5.455474 -1.602216 0.997651
Pedestrian -1 -1 -10 563.000000 160.000000 600.000000 257.000000 1.759303 0.705802 0.793600 -0.419307 1.402670 13.106559 1.584931 0.994169
Pedestrian -1 -1 -10 600.000000 164.000000 630.000000 240.000000 1.771881 0.649803 0.758226 0.182949 1.302036 16.566416 3.038955 0.946234
Pedestrian -1 -1 -10 1040.000000 192.000000 1101.000000 305.000000 1.712230 0.586126 0.634660 6.117511 1.568191 9.196594 3.156307 0.845536
Pedestrian -1 -1 -10 879.000000 182.000000 910.000000 262.000000 1.701317 0.616575 0.626105 6.421719 1.395419 15.404611 3.002664 0.483104
Pedestrian -1 -1 -10 762.000000 161.000000 775.000000 207.000000 1.750609 0.617238 0.834480 6.570659 0.934972 28.323033 -1.682983 0.229584
Pedestrian -1 -1 -10 1033.000000 192.000000 1080.000000 273.000000 1.768287 0.672499 0.671031 6.794238 1.737737 10.880274 -1.482467 0.022964
Pedestrian -1 -1 -10 910.000000 157.000000 982.000000 310.000000 1.695822 0.652228 0.671118 2.727055 1.338299 5.579919 -1.562586 0.022925
Pedestrian -1 -1 -10 413.000000 143.000000 430.000000 190.000000 1.734189 0.600586 0.526388 -4.643492 0.369737 18.516490 -1.299405 0.022342
Pedestrian -1 -1 -10 520.000000 160.000000 593.000000 228.000000 1.719813 0.651175 0.641905 -0.961025 1.321530 18.147384 0.057157 0.018823
Pedestrian -1 -1 -10 924.000000 157.000000 961.000000 253.000000 1.664086 0.550024 0.596960 6.414488 1.211596 13.101837 2.977882 0.012321
Pedestrian -1 -1 -10 1005.000000 188.000000 1111.000000 334.000000 1.708322 0.749704 0.675008 4.621747 1.804070 7.607268 3.341196 0.010562
Car -1 -1 -10 380.000000 146.000000 559.000000 272.000000 1.999091 1.755878 4.256390 -2.261722 1.326650 13.069342 1.700207 0.954218
Car -1 -1 -10 520.000000 160.000000 593.000000 228.000000 1.700766 1.628338 3.967949 -1.105628 1.040439 19.576576 1.651819 0.059302
Car -1 -1 -10 557.000000 159.000000 599.000000 248.000000 1.631679 1.577280 3.535016 0.773506 1.242753 13.809289 0.052673 0.033795
Cyclist -1 -1 -10 1028.000000 192.000000 1108.000000 299.000000 1.697495 0.609500 1.549427 6.004177 1.428606 9.257076 3.659805 0.011231
