Pedestrian -1 -1 -10 847.000000 190.000000 878.000000 269.000000 1.674939 0.620091 0.602921 4.359338 1.827166 12.408984 2.961805 0.099854
Car -1 -1 -10 700.000000 178.000000 849.000000 291.000000 1.559234 1.656092 3.851095 2.476392 1.658375 12.400529 -1.573135 0.999538
Car -1 -1 -10 525.000000 177.000000 568.000000 210.000000 1.531375 1.648736 3.773378 -3.274775 1.872240 36.185225 1.556038 0.999374
Car -1 -1 -10 361.000000 187.000000 505.000000 291.000000 1.488158 1.538629 3.499041 -2.749619 1.718042 11.895999 1.548563 0.999337
Car -1 -1 -10 677.000000 180.000000 747.000000 253.000000 1.492250 1.581474 3.640483 2.469286 1.721421 16.943485 -1.567964 0.981083
Car -1 -1 -10 656.000000 173.000000 730.000000 236.000000 1.645845 1.642066 4.039802 2.401032 1.666289 22.063707 -1.629456 0.965325
Car -1 -1 -10 644.000000 168.000000 690.000000 212.000000 1.731498 1.672328 3.806068 2.620080 1.694394 35.889000 -1.627236 0.890111
Car -1 -1 -10 633.000000 174.000000 666.000000 206.000000 1.536557 1.569835 3.655186 2.818347 1.945395 42.910422 -0.812886 0.063700
Car -1 -1 -10 689.000000 178.000000 797.000000 259.000000 1.505172 1.584402 3.769944 2.890115 1.770229 16.768824 -1.507204 0.016520
Cyclist -1 -1 -10 844.000000 188.000000 887.000000 276.000000 1.664312 0.465056 1.692338 4.288247 1.847971 12.348868 -1.651387 0.965233
