Pedestrian -1 -1 -10 675.000000 170.000000 682.000000 201.000000 1.609811 0.586187 0.635975 1.798141 1.282003 16.943573 0.160540 0.352393
Pedestrian -1 -1 -10 719.000000 168.000000 729.000000 198.000000 1.827449 0.631449 0.769580 6.870960 1.440440 43.437538 -1.082399 0.162039
Pedestrian -1 -1 -10 726.000000 167.000000 735.000000 199.000000 1.792163 0.592734 0.890379 7.058347 1.454289 43.027289 -2.884793 0.079247
Car -1 -1 -10 248.000000 184.000000 403.000000 271.000000 1.503633 1.536757 3.517620 -5.251287 1.729580 13.710144 1.575442 0.999338
Car -1 -1 -10 768.000000 184.000000 1044.000000 328.000000 1.482344 1.642631 4.143826 3.429088 1.679036 9.344488 -1.620670 0.998453
Car -1 -1 -10 350.000000 179.000000 457.000000 245.000000 1.532284 1.588997 3.894040 -5.196662 1.681327 18.522967 1.594704 0.997722
Car -1 -1 -10 731.000000 178.000000 862.000000 261.000000 1.477580 1.592874 3.631112 3.534466 1.592616 14.627981 -1.562820 0.994880
Car -1 -1 -10 960.000000 192.000000 1236.000000 375.000000 1.527910 1.613328 3.834779 3.440073 1.697745 3.329897 -1.585763 0.942499
Car -1 -1 -10 781.000000 181.000000 932.000000 277.000000 1.510559 1.603546 3.729081 4.414250 1.594080 12.968063 -0.614336 0.163891
Car -1 -1 -10 810.000000 185.000000 872.000000 214.000000 1.528150 1.559056 3.751104 10.477763 1.920101 34.118897 -1.232446 0.018351
Car -1 -1 -10 795.000000 183.000000 882.000000 233.000000 1.551332 1.567539 3.937444 9.746126 2.053315 33.246508 1.318875 0.013634
Car -1 -1 -10 890.000000 185.000000 1146.000000 343.000000 1.472400 1.601819 3.875020 3.488670 1.631502 9.076589 -1.554450 0.011556
