Car -1 -1 -10 735.000000 175.000000 896.000000 278.000000 1.489584 1.637069 3.960835 3.305515 1.600398 12.566560 -1.633377 0.999701
Car -1 -1 -10 60.000000 201.000000 320.000000 324.000000 1.466005 1.639781 4.044825 -5.934499 1.948974 10.834612 1.567946 0.999179
Car -1 -1 -10 309.000000 191.000000 436.000000 259.000000 1.466267 1.635715 4.111895 -5.786810 2.002030 18.324079 1.617818 0.998753
Car -1 -1 -10 699.000000 175.000000 798.000000 244.000000 1.505774 1.631170 3.879058 3.207691 1.577946 17.995329 -1.563983 0.996231
Car -1 -1 -10 396.000000 188.000000 475.000000 236.000000 1.512933 1.559249 3.746607 -5.742420 2.023774 24.219067 1.575232 0.991556
Car -1 -1 -10 673.000000 178.000000 725.000000 219.000000 1.503215 1.557478 3.722775 3.370426 1.738653 27.862643 1.518243 0.990291
Car -1 -1 -10 1035.000000 142.000000 1245.000000 244.000000 1.525195 1.558177 3.807195 8.986452 1.121588 11.408835 3.177598 0.930545
Car -1 -1 -10 460.000000 184.000000 517.000000 218.000000 1.580764 1.591869 3.942468 -5.644934 2.101044 33.389344 1.677263 0.900132
Car -1 -1 -10 658.000000 179.000000 704.000000 211.000000 1.560383 1.590392 3.768934 3.283211 1.808609 33.482518 -1.597738 0.875592
Car -1 -1 -10 909.000000 153.000000 1176.000000 241.000000 1.605440 1.739994 4.174754 8.629461 1.207590 13.102441 3.167318 0.524953
Car -1 -1 -10 648.000000 177.000000 681.000000 202.000000 1.470448 1.597831 3.753474 3.080259 1.716770 42.240941 -1.581237 0.473527
Car -1 -1 -10 0.000000 240.000000 51.000000 369.000000 1.497088 1.589220 3.823194 -6.093789 1.882940 4.928745 1.536729 0.181073
