Pedestrian -1 -1 -10 426.000000 184.000000 481.000000 306.000000 1.643604 0.625695 0.610908 -1.996573 1.649161 9.558556 1.809350 0.996146
Pedestrian -1 -1 -10 366.000000 178.000000 400.000000 289.000000 1.775204 0.618742 0.674279 -3.394746 1.653773 10.997065 0.210502 0.994519
Pedestrian -1 -1 -10 871.000000 165.000000 904.000000 257.000000 1.685521 0.660088 0.674068 4.973292 1.375519 12.578264 -1.241978 0.985630
Pedestrian -1 -1 -10 588.000000 173.000000 609.000000 233.000000 1.692007 0.608145 0.923779 -0.130215 1.387605 20.385092 1.475114 0.957877
Pedestrian -1 -1 -10 493.000000 175.000000 521.000000 261.000000 1.726252 0.641433 0.747824 -2.058285 1.595851 14.521122 1.925971 0.922804
Pedestrian -1 -1 -10 560.000000 172.000000 580.000000 226.000000 1.734815 0.652055 0.846104 -1.133144 1.456667 24.352728 1.511611 0.167242
Pedestrian -1 -1 -10 605.000000 171.000000 619.000000 214.000000 1.734032 0.580582 0.758531 0.450925 1.250525 31.326035 -1.584160 0.053145
Pedestrian -1 -1 -10 613.000000 172.000000 627.000000 213.000000 1.739381 0.624368 0.779503 0.853193 1.464454 32.617487 0.583872 0.050746
Pedestrian -1 -1 -10 599.000000 171.000000 615.000000 222.000000 1.760887 0.628255 0.693671 0.367300 1.431802 31.305270 -1.407950 0.024456
Pedestrian -1 -1 -10 629.000000 173.000000 643.000000 213.000000 1.734295 0.590177 0.794265 1.498967 1.370442 31.401558 -1.536179 0.022792
Car -1 -1 -10 947.000000 68.000000 1231.000000 366.000000 1.580650 1.620933 3.789021 2.218578 1.181570 1.494583 1.558761 0.143580
Car -1 -1 -10 1069.000000 183.000000 1238.000000 342.000000 1.509707 1.548887 3.431549 6.506027 1.021471 8.695600 2.726662 0.026825
Cyclist -1 -1 -10 682.000000 164.000000 726.000000 237.000000 1.756985 0.580164 1.816541 2.673206 1.420988 19.299507 1.310721 0.975313
Cyclist -1 -1 -10 669.000000 168.000000 687.000000 211.000000 1.731978 0.528675 1.701566 3.851448 1.197207 34.485895 1.756733 0.065243
Cyclist -1 -1 -10 361.000000 179.000000 403.000000 284.000000 1.781767 0.585907 1.699185 -3.392829 1.653917 11.067323 -1.013936 0.059660
