Pedestrian -1 -1 -10 745.000000 175.000000 768.000000 253.000000 1.727812 0.608376 0.741969 3.155464 1.702039 16.108754 0.790760 0.045440
Pedestrian -1 -1 -10 750.000000 172.000000 787.000000 264.000000 1.646197 0.607485 0.783283 2.838122 1.568158 12.932066 -1.269575 0.014913
Pedestrian -1 -1 -10 742.000000 178.000000 771.000000 215.000000 1.683280 0.612588 0.624024 3.118330 1.634470 16.598822 2.722547 0.014363
Pedestrian -1 -1 -10 755.000000 174.000000 784.000000 202.000000 1.697150 0.636251 0.651337 11.133923 2.234166 48.881546 2.760542 0.010912
Car -1 -1 -10 430.000000 188.000000 543.000000 265.000000 1.460127 1.558331 3.748902 -2.686581 1.870693 16.263962 1.693150 0.999535
Car -1 -1 -10 618.000000 180.000000 662.000000 209.000000 1.508628 1.588053 3.826527 1.681441 1.899230 39.751338 1.820008 0.997647
Car -1 -1 -10 637.000000 178.000000 679.000000 207.000000 1.563870 1.641673 4.132762 3.114036 1.883488 43.712458 1.836610 0.409422
Car -1 -1 -10 756.000000 175.000000 791.000000 201.000000 1.515571 1.596120 3.785365 12.319298 1.820793 50.245928 -1.344914 0.012100
Cyclist -1 -1 -10 750.000000 170.000000 789.000000 267.000000 1.763148 0.632631 1.827668 2.783307 1.683130 13.019291 -1.440377 0.998200
Cyclist -1 -1 -10 742.000000 177.000000 771.000000 243.000000 1.664962 0.485108 1.681495 3.163270 1.647145 16.260799 -1.516640 0.474282
Cyclist -1 -1 -10 750.000000 177.000000 781.000000 229.000000 1.705851 0.556182 1.522203 3.085564 1.703592 13.876354 -1.351280 0.028744
Cyclist -1 -1 -10 755.000000 174.000000 790.000000 211.000000 1.672735 0.523584 1.462885 11.182330 2.103321 49.002051 -1.409626 0.017053
Cyclist -1 -1 -10 746.000000 177.000000 772.000000 212.000000 1.708868 0.537598 1.628379 3.489702 1.523692 15.644244 -0.732182 0.010683
