Car -1 -1 -10 688.000000 183.000000 797.000000 258.000000 1.467422 1.625243 3.872986 2.735665 1.679508 15.846805 -1.599698 0.999096
Car -1 -1 -10 113.000000 174.000000 401.000000 261.000000 1.590571 1.637169 4.089727 -6.385224 1.623235 14.292273 0.031116 0.986241
Car -1 -1 -10 -8.000000 171.000000 234.000000 319.000000 1.556409 1.640136 3.968387 -5.986467 1.524887 7.061367 -2.762219 0.977486
Car -1 -1 -10 656.000000 172.000000 714.000000 221.000000 1.587115 1.638861 3.912500 2.620628 1.666428 26.636602 -1.576804 0.954347
Car -1 -1 -10 365.000000 174.000000 496.000000 222.000000 1.621031 1.619157 3.929564 -5.798848 1.572657 27.481122 -3.286157 0.948522
Car -1 -1 -10 898.000000 190.000000 1230.000000 376.000000 1.525200 1.570474 3.737448 2.923588 1.684659 3.426391 -1.599755 0.941316
Car -1 -1 -10 248.000000 166.000000 455.000000 237.000000 1.763454 1.705391 4.118217 -6.361580 1.678750 19.040938 -3.138137 0.667456
Car -1 -1 -10 428.000000 174.000000 530.000000 208.000000 1.796225 1.718452 4.251274 -6.052369 1.681809 36.283472 -2.948128 0.103719
Car -1 -1 -10 646.000000 176.000000 693.000000 213.000000 1.549824 1.622976 3.829161 2.813109 1.771596 32.456280 -1.535692 0.035238
Car -1 -1 -10 637.000000 172.000000 677.000000 203.000000 1.535606 1.603029 3.768330 2.679711 1.634205 41.908461 -1.570539 0.020008
