Pedestrian -1 -1 -10 900.000000 169.000000 968.000000 301.000000 1.645699 0.716831 0.981792 4.141342 1.484439 8.957005 -1.290479 0.980866
Pedestrian -1 -1 -10 448.000000 176.000000 473.000000 257.000000 1.744139 0.621287 0.738742 -3.028093 1.579783 15.294601 1.477620 0.867352
Pedestrian -1 -1 -10 147.000000 178.000000 204.000000 335.000000 1.717159 0.663533 0.669470 -4.998819 1.769365 8.368362 2.015355 0.854707
Pedestrian -1 -1 -10 524.000000 179.000000 539.000000 233.000000 1.723828 0.619135 0.725552 -2.211337 1.677312 22.531679 1.884649 0.681704
Pedestrian -1 -1 -10 131.000000 181.000000 170.000000 314.000000 1.714883 0.523565 0.654641 -5.167522 1.567005 8.531209 -3.169976 0.314611
Pedestrian -1 -1 -10 167.000000 189.000000 208.000000 280.000000 1.710312 0.645554 0.640296 -4.748867 1.567403 8.587402 2.069542 0.217458
Pedestrian -1 -1 -10 626.000000 176.000000 643.000000 219.000000 1.810089 0.646126 0.953922 1.404310 1.597686 30.706332 1.648651 0.161786
Pedestrian -1 -1 -10 187.000000 192.000000 210.000000 264.000000 1.699604 0.600478 0.584342 -4.395056 1.729245 7.912836 2.120950 0.088055
Pedestrian -1 -1 -10 445.000000 172.000000 461.000000 230.000000 1.666812 0.626790 0.684904 -4.362517 1.248119 20.434393 -2.346120 0.065536
Pedestrian -1 -1 -10 582.000000 178.000000 598.000000 220.000000 1.730228 0.614077 0.722115 -0.476427 1.648211 30.299952 2.611675 0.058526
Pedestrian -1 -1 -10 114.000000 173.000000 254.000000 361.000000 1.834076 0.699488 0.900073 -4.854801 1.829903 8.346171 2.075221 0.020328
Pedestrian -1 -1 -10 399.000000 166.000000 419.000000 236.000000 1.742500 0.625446 0.792177 -4.482058 2.054303 16.666181 -1.706546 0.010155
Cyclist -1 -1 -10 137.000000 178.000000 219.000000 348.000000 1.695307 0.653437 1.768095 -4.933862 1.651117 8.248084 2.014433 0.085016
Cyclist -1 -1 -10 97.000000 180.000000 263.000000 366.000000 1.759193 0.560028 1.771083 -4.791584 1.794925 8.278550 1.599276 0.039557
Cyclist -1 -1 -10 -1.000000 208.000000 215.000000 375.000000 1.622664 0.682990 1.673639 -3.244064 1.993416 4.545387 0.428069 0.019187
