Car -1 -1 -10 559.000000 178.000000 616.000000 231.000000 1.508196 1.632567 3.421004 -0.649965 1.385389 23.790357 -1.617967 0.999681
Car -1 -1 -10 464.000000 178.000000 536.000000 233.000000 1.600385 1.649083 4.015650 -3.319084 1.383029 23.003142 -1.590232 0.999167
Car -1 -1 -10 205.000000 170.000000 452.000000 344.000000 1.581010 1.606353 3.880723 -3.200572 1.505543 8.959137 -1.565101 0.998638
Car -1 -1 -10 0.000000 183.000000 194.000000 319.000000 1.521460 1.623944 3.928896 -7.609311 1.534410 9.628002 -1.587499 0.803198
Car -1 -1 -10 85.000000 184.000000 195.000000 242.000000 1.463722 1.600812 3.697875 -12.264643 1.605541 18.460320 -1.607332 0.545636
Car -1 -1 -10 399.000000 184.000000 453.000000 214.000000 1.514534 1.611118 3.737030 -8.345563 1.364369 34.393960 -1.631375 0.293944
Car -1 -1 -10 511.000000 182.000000 544.000000 213.000000 1.517500 1.572468 3.569653 -4.247072 1.366774 36.110388 -1.617670 0.276835
Car -1 -1 -10 364.000000 183.000000 442.000000 217.000000 1.500757 1.566469 3.844133 -12.540436 1.068693 43.242670 1.564786 0.036295
Car -1 -1 -10 362.000000 180.000000 397.000000 207.000000 1.527346 1.589223 3.992944 -12.674775 1.295036 43.306384 -1.401412 0.019402
Car -1 -1 -10 419.000000 184.000000 467.000000 211.000000 1.478371 1.564435 3.784620 -8.338001 1.291075 34.428430 -1.644155 0.017535
