Car -1 -1 -10 387.000000 194.000000 462.000000 243.000000 1.511945 1.565628 3.706537 -6.206642 2.251602 24.598989 1.611585 0.998657
Car -1 -1 -10 433.000000 192.000000 490.000000 229.000000 1.488302 1.567691 3.873526 -6.196963 2.266736 30.067067 1.569396 0.989113
Car -1 -1 -10 660.000000 177.000000 716.000000 219.000000 1.500498 1.608335 3.778429 2.852582 1.723080 28.040948 -1.613877 0.987889
Car -1 -1 -10 79.000000 205.000000 174.000000 243.000000 1.487312 1.618012 3.885841 -20.856428 2.964977 31.427073 -1.493587 0.941419
Car -1 -1 -10 1028.000000 136.000000 1137.000000 182.000000 2.004604 1.719770 4.371666 24.436760 0.313252 37.509038 1.486510 0.913304
Car -1 -1 -10 27.000000 210.000000 119.000000 247.000000 1.469270 1.595517 3.824217 -23.554973 3.130902 31.807399 -1.543635 0.603619
Car -1 -1 -10 0.000000 211.000000 67.000000 250.000000 1.509110 1.585924 3.677349 -25.899061 3.227747 32.277626 -1.637817 0.320951
Car -1 -1 -10 142.000000 206.000000 233.000000 241.000000 1.515754 1.624326 4.038140 -17.833977 2.637632 31.362748 -1.403250 0.169954
Car -1 -1 -10 473.000000 183.000000 515.000000 216.000000 1.600295 1.632629 4.002409 -6.155351 2.206631 38.459964 1.564911 0.165537
Car -1 -1 -10 492.000000 185.000000 526.000000 211.000000 1.502179 1.526551 3.282986 -6.279168 2.511453 39.859440 -2.369745 0.072467
