Pedestrian -1 -1 -10 680.000000 168.000000 740.000000 322.000000 1.714575 0.674940 0.897947 1.204376 1.587410 8.006345 -1.872352 0.998666
Pedestrian -1 -1 -10 756.000000 163.000000 795.000000 283.000000 1.756884 0.628156 0.897982 2.579715 1.501646 10.906526 -1.848580 0.996181
Pedestrian -1 -1 -10 1024.000000 146.000000 1185.000000 374.000000 1.665544 0.647329 0.776973 2.517027 1.477974 3.569096 -1.491290 0.995713
Pedestrian -1 -1 -10 797.000000 163.000000 868.000000 365.000000 1.719678 0.613725 0.818306 1.965366 1.524804 6.318050 -1.743912 0.991471
Pedestrian -1 -1 -10 879.000000 162.000000 931.000000 306.000000 1.755764 0.621580 0.882705 3.614310 1.423376 8.686587 -2.205647 0.989301
Pedestrian -1 -1 -10 493.000000 157.000000 534.000000 267.000000 1.792340 0.673119 1.048711 -1.616992 1.407423 13.006119 1.038477 0.988948
Pedestrian -1 -1 -10 969.000000 163.000000 1055.000000 371.000000 1.680069 0.607731 0.662706 2.802204 1.486043 5.057756 -1.593428 0.987555
Pedestrian -1 -1 -10 840.000000 170.000000 897.000000 338.000000 1.714788 0.592267 0.695346 2.725299 1.560195 7.454885 -1.805861 0.959098
Pedestrian -1 -1 -10 674.000000 170.000000 704.000000 262.000000 1.763268 0.664527 0.768616 1.404470 1.528302 13.793619 0.545055 0.843392
Pedestrian -1 -1 -10 617.000000 164.000000 627.000000 193.000000 1.727392 0.673176 0.788504 1.503609 0.572420 52.720621 2.010324 0.588075
Pedestrian -1 -1 -10 862.000000 165.000000 909.000000 312.000000 1.796517 0.627263 0.843472 3.582215 1.453351 8.816578 0.891173 0.507667
Pedestrian -1 -1 -10 668.000000 167.000000 686.000000 216.000000 1.665230 0.602910 0.668926 2.451276 1.131119 24.387184 1.248222 0.224295
Car -1 -1 -10 526.000000 174.000000 601.000000 230.000000 1.556156 1.617801 3.876403 -1.028724 1.314889 21.610223 1.657696 0.999135
Car -1 -1 -10 490.000000 161.000000 544.000000 268.000000 1.649599 1.534297 3.086230 -1.874598 1.287748 13.235537 -1.659929 0.018471
Cyclist -1 -1 -10 491.000000 159.000000 537.000000 267.000000 1.825564 0.529941 1.728370 -1.683675 1.458669 13.027068 -2.089864 0.796217
Cyclist -1 -1 -10 526.000000 172.000000 600.000000 233.000000 1.655668 0.720860 1.778851 -0.787239 1.462736 20.490891 2.622466 0.072003
Cyclist -1 -1 -10 679.000000 167.000000 715.000000 257.000000 1.705247 0.553682 1.705877 1.609962 1.380939 13.608843 1.218558 0.037535
Cyclist -1 -1 -10 617.000000 163.000000 627.000000 193.000000 1.694258 0.592392 1.764892 1.491018 0.529408 52.844011 1.530051 0.027603
Cyclist -1 -1 -10 690.000000 168.000000 714.000000 222.000000 1.710031 0.494992 1.589103 3.163860 0.986070 24.339218 1.153873 0.025766
Cyclist -1 -1 -10 676.000000 168.000000 738.000000 318.000000 1.751988 0.510699 1.696378 1.041426 1.570474 8.100972 -1.919296 0.021653
Cyclist -1 -1 -10 798.000000 162.000000 864.000000 358.000000 1.769453 0.505016 1.684797 1.972415 1.613818 6.438325 -1.687718 0.011521
