Pedestrian -1 -1 -10 1099.000000 141.000000 1175.000000 314.000000 1.760901 0.647951 0.973985 5.430231 1.452007 7.421923 -1.374625 0.996199
Pedestrian -1 -1 -10 686.000000 168.000000 703.000000 203.000000 1.772721 0.590450 0.935407 4.436141 1.516277 37.858495 -1.502490 0.037213
Pedestrian -1 -1 -10 717.000000 159.000000 743.000000 220.000000 1.737147 0.746927 0.903438 3.849150 1.382585 23.195702 -1.278906 0.026736
Pedestrian -1 -1 -10 1060.000000 170.000000 1201.000000 291.000000 1.702251 0.637913 0.839861 5.249628 1.460611 7.371081 -0.462397 0.026124
Pedestrian -1 -1 -10 710.000000 169.000000 720.000000 199.000000 1.675970 0.609645 0.856467 6.916716 1.613742 46.797820 -1.820823 0.015398
Car -1 -1 -10 1025.000000 210.000000 1144.000000 272.000000 1.387816 1.560987 3.327282 12.909826 2.315848 18.824891 1.301140 0.022780
Car -1 -1 -10 1151.000000 209.000000 1234.000000 242.000000 1.553274 1.528410 3.216873 8.873253 1.655857 10.693106 2.278274 0.011751
Cyclist -1 -1 -10 716.000000 159.000000 747.000000 221.000000 1.793870 0.571578 1.725033 3.781162 1.408107 23.353802 -1.774987 0.997781
Cyclist -1 -1 -10 687.000000 168.000000 702.000000 203.000000 1.773084 0.522585 1.727062 4.358125 1.481675 38.054893 -1.480083 0.866654
Cyclist -1 -1 -10 683.000000 169.000000 696.000000 197.000000 1.706077 0.475406 1.706541 4.264813 1.343842 37.989918 -1.525681 0.061685
