Pedestrian -1 -1 -10 386.000000 166.000000 416.000000 242.000000 1.689705 0.666780 0.646727 -4.671228 1.262861 16.103690 -1.432317 0.684595
Pedestrian -1 -1 -10 357.000000 162.000000 384.000000 252.000000 1.704883 0.679348 0.664692 -4.440364 1.448217 13.438247 -1.574822 0.676159
Pedestrian -1 -1 -10 345.000000 166.000000 407.000000 254.000000 1.748200 0.659982 0.723869 -5.245347 1.252074 15.847041 -2.452378 0.208815
Pedestrian -1 -1 -10 383.000000 163.000000 403.000000 254.000000 1.710230 0.607437 0.617303 -4.757301 1.186077 16.140479 2.295909 0.191599
Pedestrian -1 -1 -10 371.000000 170.000000 434.000000 245.000000 1.734250 0.703155 0.728596 -4.727919 1.521027 16.142077 2.316438 0.134769
Pedestrian -1 -1 -10 936.000000 110.000000 996.000000 279.000000 1.683280 0.612588 0.624024 3.883405 1.462134 7.391048 2.980967 0.088379
Pedestrian -1 -1 -10 370.000000 164.000000 389.000000 252.000000 1.724798 0.599004 0.606031 -4.389099 1.327225 13.432897 -1.377409 0.046698
Pedestrian -1 -1 -10 333.000000 179.000000 496.000000 277.000000 1.727770 0.625764 0.803722 -1.989264 1.868533 11.029051 -2.328573 0.012762
Car -1 -1 -10 661.000000 174.000000 721.000000 221.000000 1.433994 1.636199 3.853338 2.557818 1.463594 23.919907 -1.608242 0.999299
Car -1 -1 -10 739.000000 179.000000 997.000000 349.000000 1.487734 1.635537 3.796756 2.520846 1.597195 8.160344 -1.585259 0.998277
Car -1 -1 -10 312.000000 182.000000 511.000000 308.000000 1.492655 1.611998 3.950811 -2.700394 1.595567 10.323075 -1.525035 0.991705
Car -1 -1 -10 540.000000 173.000000 575.000000 205.000000 1.525582 1.571656 3.367658 -2.853280 1.611955 37.302960 -1.701251 0.988333
Car -1 -1 -10 -13.000000 180.000000 424.000000 374.000000 1.519551 1.622783 3.973132 -2.730572 1.632658 5.245147 -1.633208 0.978602
Car -1 -1 -10 855.000000 150.000000 1246.000000 375.000000 1.526732 1.607163 3.809864 2.344189 1.507913 2.884759 -1.558768 0.898847
Car -1 -1 -10 641.000000 173.000000 686.000000 205.000000 1.506626 1.611724 3.902115 2.717416 1.540165 36.435460 -1.609040 0.867427
Car -1 -1 -10 402.000000 181.000000 506.000000 229.000000 1.558414 1.591588 3.719416 -3.259882 1.543708 16.033276 1.790032 0.284297
Car -1 -1 -10 634.000000 172.000000 666.000000 200.000000 1.523704 1.554976 3.605016 2.442532 1.492710 41.827871 2.085259 0.170836
Car -1 -1 -10 178.000000 184.000000 419.000000 341.000000 1.529334 1.626739 3.805964 -2.603427 1.634007 4.408980 -1.559362 0.043929
Car -1 -1 -10 363.000000 170.000000 484.000000 252.000000 1.612336 1.583583 3.847053 -3.773540 1.505387 14.891977 0.749256 0.024957
Car -1 -1 -10 225.000000 187.000000 382.000000 291.000000 1.533306 1.530444 3.226157 -2.578633 1.344670 6.853734 1.127936 0.019404
Car -1 -1 -10 9.000000 188.000000 203.000000 345.000000 1.464720 1.517661 3.504340 -5.356954 1.277279 6.395669 1.530023 0.013798
Cyclist -1 -1 -10 333.000000 180.000000 492.000000 263.000000 1.659450 0.737112 1.768254 -3.293048 1.524423 13.936163 2.834236 0.049422
Cyclist -1 -1 -10 385.000000 178.000000 489.000000 236.000000 1.730345 0.572811 1.534380 -2.366968 1.499988 10.170889 -1.154919 0.026962
Cyclist -1 -1 -10 383.000000 167.000000 426.000000 242.000000 1.642475 0.534306 1.652475 -4.809186 1.130829 16.375708 -1.903867 0.013291
