Car -1 -1 -10 540.000000 188.000000 681.000000 270.000000 1.423816 1.601316 3.843784 -0.205925 1.767516 14.120825 -1.920706 0.999718
Car -1 -1 -10 442.000000 181.000000 496.000000 221.000000 1.437498 1.627171 3.760700 -5.791345 1.771171 28.444010 -1.900494 0.999345
Car -1 -1 -10 255.000000 183.000000 300.000000 214.000000 1.598056 1.583472 3.715662 -18.722395 2.180795 40.171436 1.293542 0.997832
Car -1 -1 -10 7.000000 203.000000 182.000000 312.000000 1.496064 1.557521 3.736175 -8.484894 2.034470 12.139930 1.165054 0.993058
Car -1 -1 -10 426.000000 180.000000 474.000000 212.000000 1.574391 1.612865 3.924504 -7.802070 1.832609 33.943638 -1.883387 0.985795
Car -1 -1 -10 610.000000 165.000000 716.000000 206.000000 1.566545 1.600916 4.053531 2.361150 1.278694 30.121699 -2.883650 0.933046
Car -1 -1 -10 685.000000 129.000000 1242.000000 374.000000 1.962877 1.721713 4.163709 2.632883 1.676511 6.814776 -1.859258 0.478774
Car -1 -1 -10 271.000000 183.000000 309.000000 208.000000 1.545308 1.413039 2.982415 -19.775133 1.969969 42.964158 1.253886 0.389492
Car -1 -1 -10 1.000000 205.000000 116.000000 368.000000 1.449463 1.586517 3.870626 -6.544854 1.886206 7.450911 1.156004 0.379359
Car -1 -1 -10 566.000000 172.000000 652.000000 204.000000 1.521813 1.621299 3.945966 0.093314 1.454794 35.816627 -3.134796 0.298977
Car -1 -1 -10 26.000000 190.000000 116.000000 218.000000 1.551866 1.635101 3.742482 -30.198911 2.510211 40.161927 0.429896 0.294670
Car -1 -1 -10 1185.000000 148.000000 1239.000000 247.000000 1.506470 1.571072 3.771420 10.126215 1.314786 12.392412 2.396335 0.073284
Car -1 -1 -10 1102.000000 144.000000 1237.000000 241.000000 1.464177 1.596804 3.995608 10.173818 1.193060 13.381292 1.679688 0.057452
