Pedestrian -1 -1 -10 756.000000 166.000000 764.000000 204.000000 1.722181 0.597090 0.578554 8.732074 1.110088 42.400242 1.771681 0.063934
Car -1 -1 -10 284.000000 190.000000 432.000000 262.000000 1.522163 1.617621 3.902222 -5.628821 1.912786 16.617357 1.686183 0.999493
Car -1 -1 -10 750.000000 180.000000 932.000000 293.000000 1.463906 1.576609 3.862116 3.439136 1.655815 11.188776 1.499710 0.999383
Car -1 -1 -10 701.000000 178.000000 808.000000 249.000000 1.469085 1.638377 4.015046 3.292685 1.626753 16.994713 -1.607307 0.996692
Car -1 -1 -10 0.000000 205.000000 235.000000 372.000000 1.470243 1.583853 3.745093 -5.724771 1.912281 7.553123 1.601916 0.984811
Car -1 -1 -10 671.000000 177.000000 734.000000 221.000000 1.473374 1.591047 3.748342 3.024359 1.605331 25.611881 -1.610629 0.971634
Car -1 -1 -10 452.000000 177.000000 504.000000 215.000000 1.570520 1.528267 3.511579 -5.702013 1.847529 31.429629 1.568631 0.823438
Car -1 -1 -10 8.000000 192.000000 169.000000 258.000000 1.461198 1.581756 3.741416 -14.691309 1.858679 21.017260 -0.024448 0.326063
Car -1 -1 -10 662.000000 176.000000 711.000000 212.000000 1.517231 1.544926 3.488882 3.196809 1.734434 30.825353 -1.659322 0.083906
Car -1 -1 -10 473.000000 179.000000 516.000000 212.000000 1.569954 1.613053 3.782553 -5.026550 1.998906 36.823825 1.379216 0.078231
Car -1 -1 -10 1083.000000 221.000000 1242.000000 369.000000 1.495231 1.588094 3.793745 3.219392 1.696521 1.544131 -1.586145 0.043410
