Pedestrian -1 -1 -10 689.000000 165.000000 702.000000 205.000000 1.735099 0.652765 0.893573 4.309159 1.520741 36.592899 -1.829143 0.369279
Pedestrian -1 -1 -10 541.000000 172.000000 552.000000 209.000000 1.720004 0.681757 0.708187 -2.853304 1.857690 31.498470 1.942443 0.180173
Pedestrian -1 -1 -10 545.000000 171.000000 555.000000 204.000000 1.683279 0.612588 0.624022 -3.801618 1.510378 45.674023 2.439187 0.163533
Pedestrian -1 -1 -10 521.000000 175.000000 537.000000 218.000000 1.755627 0.703899 0.821490 -3.528938 1.968980 31.086725 1.874164 0.058824
Car -1 -1 -10 694.000000 171.000000 826.000000 276.000000 1.574187 1.615215 3.589755 2.450776 1.600895 12.926141 -1.582992 0.999664
Car -1 -1 -10 322.000000 182.000000 443.000000 263.000000 1.621437 1.621044 3.885210 -5.055325 1.857448 16.547096 1.559442 0.999021
Car -1 -1 -10 463.000000 183.000000 512.000000 219.000000 1.493357 1.607791 3.824810 -5.396849 1.945015 32.096417 1.512240 0.998541
Car -1 -1 -10 1.000000 215.000000 64.000000 372.000000 1.516681 1.603767 3.828398 -4.745177 1.769434 3.472474 1.457202 0.018494
Car -1 -1 -10 479.000000 174.000000 514.000000 210.000000 1.457516 1.534955 3.655047 -5.183525 1.933733 32.265355 1.599053 0.014703
Cyclist -1 -1 -10 520.000000 174.000000 538.000000 219.000000 1.776375 0.606473 1.798592 -3.567235 1.945692 31.103165 1.596194 0.995622
Cyclist -1 -1 -10 538.000000 172.000000 552.000000 216.000000 1.757173 0.599491 1.789641 -2.900810 1.874252 31.515754 1.483312 0.722808
Cyclist -1 -1 -10 543.000000 171.000000 556.000000 205.000000 1.684589 0.569018 1.582330 -2.880628 1.898194 31.885408 -1.666869 0.053468
Cyclist -1 -1 -10 -1.000000 214.000000 46.000000 372.000000 1.708863 0.589037 1.680508 -3.953570 2.117589 4.088568 -1.716176 0.018581
Cyclist -1 -1 -10 709.000000 175.000000 750.000000 205.000000 1.691165 0.484793 1.338852 2.934698 1.025282 17.714365 1.137991 0.017703
