Car -1 -1 -10 407.000000 185.000000 488.000000 236.000000 1.447541 1.569173 3.804558 -4.703662 1.420042 21.342857 -1.587510 0.999414
Car -1 -1 -10 575.000000 172.000000 656.000000 249.000000 1.564853 1.648048 3.648161 0.119293 1.357757 17.006749 -1.581051 0.999363
Car -1 -1 -10 468.000000 180.000000 525.000000 219.000000 1.510680 1.605495 4.161160 -4.487667 1.270708 29.421702 -1.629520 0.998198
Car -1 -1 -10 98.000000 182.000000 386.000000 349.000000 1.576437 1.601541 3.720627 -4.164504 1.594738 8.914665 -1.575667 0.997914
Car -1 -1 -10 323.000000 181.000000 408.000000 226.000000 1.455463 1.600257 3.853610 -8.338381 1.313886 24.919819 -1.564701 0.984636
Car -1 -1 -10 0.000000 191.000000 196.000000 302.000000 1.553429 1.627596 3.894725 -8.467285 1.633885 10.856380 -1.585498 0.958740
Car -1 -1 -10 57.000000 197.000000 307.000000 306.000000 1.541552 1.645479 3.874281 -8.418394 1.705401 11.276538 1.502074 0.167872
Car -1 -1 -10 606.000000 170.000000 643.000000 208.000000 1.524240 1.504203 3.205062 0.541581 1.307755 30.873423 1.606240 0.114566
Car -1 -1 -10 27.000000 189.000000 154.000000 249.000000 1.517126 1.543949 3.536090 -12.854608 1.325721 18.142093 1.540876 0.060169
Car -1 -1 -10 66.000000 190.000000 170.000000 231.000000 1.489772 1.555947 3.618968 -15.288338 1.637875 22.026304 0.377031 0.028616
Car -1 -1 -10 285.000000 185.000000 383.000000 229.000000 1.524527 1.612272 3.882304 -8.875724 1.380375 24.507691 -1.435545 0.014036
