Pedestrian -1 -1 -10 859.000000 160.000000 868.000000 188.000000 1.757303 0.666416 0.662943 15.747902 0.667222 45.213010 -1.713442 0.020378
Pedestrian -1 -1 -10 658.000000 180.000000 669.000000 207.000000 1.729550 0.630077 0.639401 2.496856 1.502194 36.421815 -1.553198 0.012541
Car -1 -1 -10 635.000000 182.000000 749.000000 263.000000 1.498123 1.592853 3.501354 1.630735 1.685566 15.083684 -1.774304 0.998663
Car -1 -1 -10 782.000000 167.000000 883.000000 208.000000 1.533900 1.635633 3.990841 9.233764 1.389571 29.521419 -0.694307 0.997781
Car -1 -1 -10 559.000000 174.000000 653.000000 213.000000 1.500184 1.573085 3.913513 -0.130325 1.638042 30.601172 2.519746 0.997745
Car -1 -1 -10 859.000000 170.000000 934.000000 205.000000 1.524825 1.577157 3.571353 12.806781 1.395591 32.294501 -0.634702 0.988315
Car -1 -1 -10 705.000000 171.000000 818.000000 213.000000 1.552891 1.591692 3.872674 5.742270 1.449459 26.695133 -0.659803 0.961916
Car -1 -1 -10 907.000000 162.000000 989.000000 200.000000 1.621400 1.605206 3.877259 16.424476 1.296478 34.960570 -0.627899 0.950345
Car -1 -1 -10 682.000000 172.000000 750.000000 209.000000 1.515193 1.569126 3.803451 4.332909 1.209782 34.757459 2.236327 0.116180
Car -1 -1 -10 696.000000 172.000000 727.000000 211.000000 1.526287 1.544033 3.694664 4.688645 1.277267 34.826898 2.228231 0.043001
Cyclist -1 -1 -10 685.000000 172.000000 740.000000 207.000000 1.654591 0.543479 1.669670 4.746755 1.343256 34.189634 2.246007 0.096771
Cyclist -1 -1 -10 658.000000 180.000000 669.000000 207.000000 1.709830 0.581152 1.633877 2.638598 1.515769 36.636871 -0.931260 0.073329
Cyclist -1 -1 -10 657.000000 178.000000 684.000000 210.000000 1.699156 0.493493 1.333640 1.564797 1.082317 18.432968 1.058159 0.054432
Cyclist -1 -1 -10 671.000000 176.000000 711.000000 213.000000 1.705418 0.614761 1.566376 3.681608 2.019368 33.755385 -1.452319 0.051489
Cyclist -1 -1 -10 681.000000 172.000000 701.000000 219.000000 1.698802 0.596098 1.562286 3.617127 2.014030 33.775192 -1.454744 0.039413
Cyclist -1 -1 -10 692.000000 170.000000 718.000000 214.000000 1.673688 0.561256 1.650235 4.441658 1.456845 34.115724 2.690820 0.031953
Cyclist -1 -1 -10 673.000000 173.000000 692.000000 219.000000 1.667881 0.528066 1.552152 3.500537 1.853985 33.871156 -2.037576 0.021583
