Car -1 -1 -10 198.000000 183.000000 440.000000 321.000000 1.537403 1.645232 4.076599 -3.803390 1.511129 10.024030 -1.569816 0.999672
Car -1 -1 -10 679.000000 184.000000 760.000000 244.000000 1.438688 1.576975 3.653110 2.866361 1.402971 18.885016 -1.592483 0.999524
Car -1 -1 -10 428.000000 179.000000 501.000000 233.000000 1.484445 1.605950 3.760249 -4.418766 1.331876 22.459027 -1.595076 0.998919
Car -1 -1 -10 583.000000 177.000000 615.000000 205.000000 1.545761 1.623800 4.052938 -0.601770 1.091278 42.531208 -1.618335 0.998068
Car -1 -1 -10 45.000000 185.000000 271.000000 276.000000 1.491918 1.611443 3.804817 -8.032385 1.526115 13.362088 -1.566526 0.997980
Car -1 -1 -10 492.000000 181.000000 532.000000 210.000000 1.476345 1.563082 3.630051 -4.658243 1.148696 35.048869 -1.628226 0.994025
Car -1 -1 -10 380.000000 170.000000 436.000000 221.000000 1.758472 1.642622 4.005416 -8.805495 1.261222 32.353452 -1.545448 0.355739
Car -1 -1 -10 4.000000 208.000000 126.000000 375.000000 1.527486 1.604105 3.697581 -3.462086 1.618335 2.057149 -1.526406 0.292357
Car -1 -1 -10 429.000000 173.000000 472.000000 215.000000 1.578675 1.506783 3.112712 -5.983213 1.214147 27.282414 1.854827 0.038298
Car -1 -1 -10 231.000000 186.000000 343.000000 222.000000 1.492403 1.562308 3.764360 -12.520155 1.315161 26.539981 1.600250 0.018179
Car -1 -1 -10 300.000000 187.000000 354.000000 215.000000 1.500139 1.583171 3.707680 -12.456825 1.182069 29.831791 1.751837 0.014073
