Car -1 -1 -10 916.000000 188.000000 1237.000000 316.000000 1.475795 1.631051 4.087351 6.360379 1.781018 9.700714 3.218625 0.997675
Car -1 -1 -10 372.000000 174.000000 482.000000 218.000000 1.574839 1.646536 3.814296 -6.047356 1.632725 25.992464 -3.170654 0.993048
Car -1 -1 -10 412.000000 171.000000 516.000000 212.000000 1.662654 1.710568 4.025847 -5.998162 1.563415 31.290768 -3.311731 0.977930
Car -1 -1 -10 863.000000 178.000000 1126.000000 291.000000 1.579998 1.664515 4.138495 6.608871 1.748534 12.222113 0.133519 0.952709
Car -1 -1 -10 2.000000 172.000000 203.000000 359.000000 1.596448 1.649841 3.959885 -6.498235 1.604399 6.922038 -3.243255 0.951119
Car -1 -1 -10 218.000000 171.000000 413.000000 244.000000 1.525943 1.602587 4.047409 -6.602245 1.493868 16.319092 -0.025466 0.650855
Car -1 -1 -10 995.000000 246.000000 1241.000000 372.000000 1.496304 1.629297 3.803029 2.902696 1.727621 1.919548 -1.599555 0.575097
Car -1 -1 -10 756.000000 170.000000 946.000000 238.000000 1.780846 1.722814 4.162740 6.238418 1.724480 20.135411 3.130073 0.562645
Car -1 -1 -10 489.000000 171.000000 542.000000 196.000000 1.565140 1.626195 3.949248 -6.069806 1.484941 49.579411 1.830434 0.082911
Car -1 -1 -10 632.000000 172.000000 665.000000 197.000000 1.569536 1.637994 3.562296 3.074815 1.422045 45.197158 0.124164 0.048969
Car -1 -1 -10 644.000000 173.000000 686.000000 207.000000 1.623361 1.528581 3.345583 2.439470 1.617189 32.976620 -1.596195 0.017669
Car -1 -1 -10 649.000000 163.000000 708.000000 210.000000 1.858277 1.778722 4.097828 2.661073 1.454479 28.845845 -1.615615 0.010405
