Pedestrian -1 -1 -10 1.000000 121.000000 44.000000 332.000000 1.853078 0.681852 0.832872 -7.657833 1.423068 9.003064 0.403498 0.149442
Car -1 -1 -10 641.000000 179.000000 701.000000 220.000000 1.501201 1.589776 3.521849 2.148871 1.722287 26.697615 -1.683483 0.996263
Car -1 -1 -10 687.000000 177.000000 779.000000 244.000000 1.478548 1.598776 3.870823 2.889979 1.649129 17.800021 1.503591 0.959666
Car -1 -1 -10 35.000000 195.000000 140.000000 259.000000 1.480355 1.568758 3.640873 -14.841562 2.217791 20.740023 -1.992958 0.955344
Car -1 -1 -10 713.000000 164.000000 885.000000 279.000000 1.726046 1.693493 4.042715 3.121188 1.543715 12.323619 -1.643158 0.942249
Car -1 -1 -10 441.000000 182.000000 488.000000 223.000000 1.508949 1.606697 3.766243 -5.619930 1.995678 29.074180 -1.820986 0.799991
Car -1 -1 -10 572.000000 179.000000 606.000000 206.000000 1.487926 1.592887 3.722489 -1.382020 2.023664 45.658023 -1.781622 0.732731
Car -1 -1 -10 609.000000 179.000000 661.000000 212.000000 1.510802 1.580055 3.483260 1.242832 1.679768 33.402308 -1.876196 0.154786
Cyclist -1 -1 -10 489.000000 176.000000 505.000000 215.000000 1.740651 0.579712 1.791097 -5.402790 1.982473 34.402051 1.300999 0.115319
Cyclist -1 -1 -10 0.000000 92.000000 48.000000 328.000000 2.006486 0.775528 1.698610 -7.836230 1.485228 9.269136 0.413291 0.024817
