Pedestrian -1 -1 -10 429.000000 179.000000 456.000000 238.000000 1.686038 0.723433 0.616899 -4.827613 1.842804 20.848870 1.403045 0.018207
Car -1 -1 -10 654.000000 181.000000 756.000000 252.000000 1.509274 1.584086 3.483316 2.132523 1.696612 16.636324 -1.741585 0.999363
Car -1 -1 -10 344.000000 191.000000 421.000000 249.000000 1.470653 1.576086 3.740660 -5.972600 1.967993 19.292182 -1.777506 0.996318
Car -1 -1 -10 759.000000 181.000000 1050.000000 369.000000 1.584014 1.645311 3.904074 2.932712 1.708892 7.772647 1.483475 0.989256
Car -1 -1 -10 559.000000 180.000000 602.000000 215.000000 1.471045 1.582382 3.534035 -1.637093 1.945148 35.655781 -1.772043 0.952193
Car -1 -1 -10 915.000000 171.000000 1240.000000 376.000000 1.489489 1.578125 3.691730 2.794817 1.624696 3.265851 -1.485840 0.464669
Car -1 -1 -10 372.000000 186.000000 429.000000 239.000000 1.510533 1.587551 3.973330 -7.033964 2.052236 24.436298 1.408312 0.321291
Car -1 -1 -10 609.000000 184.000000 689.000000 229.000000 1.515987 1.633526 3.820872 1.127381 1.727853 23.787307 -1.736253 0.102985
Car -1 -1 -10 907.000000 190.000000 1076.000000 373.000000 1.504342 1.652294 3.935986 2.839962 1.544751 2.580703 -1.631422 0.053517
Car -1 -1 -10 423.000000 181.000000 458.000000 207.000000 1.512839 1.605845 3.803351 -10.178148 2.351256 39.861925 1.349100 0.014732
Car -1 -1 -10 425.000000 180.000000 460.000000 234.000000 1.568283 1.601952 3.733312 -4.200417 1.773983 21.767283 -1.836185 0.010315
Cyclist -1 -1 -10 457.000000 177.000000 486.000000 234.000000 1.725637 0.541374 1.776408 -4.478025 1.905310 22.863258 1.463945 0.997936
Cyclist -1 -1 -10 427.000000 177.000000 459.000000 241.000000 1.665392 0.545285 1.712874 -4.807950 1.856432 20.800322 1.338575 0.997171
Cyclist -1 -1 -10 424.000000 181.000000 451.000000 218.000000 1.701869 0.555600 1.608679 -9.676391 2.615262 38.876835 -1.785964 0.024971
