Pedestrian -1 -1 -10 919.000000 159.000000 977.000000 282.000000 1.735170 0.746912 0.924309 4.836764 1.586402 10.348553 1.434315 0.995367
Pedestrian -1 -1 -10 917.000000 170.000000 958.000000 252.000000 1.736288 0.576803 0.716425 5.780260 1.478998 12.154200 2.546015 0.022724
Pedestrian -1 -1 -10 919.000000 165.000000 965.000000 213.000000 1.707444 0.525185 0.599943 5.949448 1.607901 12.006941 3.425468 0.011694
Car -1 -1 -10 177.000000 192.000000 385.000000 327.000000 1.460051 1.622839 3.948794 -4.285046 1.712929 9.943826 1.376026 0.999435
Car -1 -1 -10 474.000000 176.000000 575.000000 213.000000 1.578970 1.686036 4.223329 -3.946122 1.688564 31.257098 2.614253 0.991141
Car -1 -1 -10 626.000000 173.000000 728.000000 205.000000 1.562062 1.661444 4.181114 3.132250 1.613913 34.702480 2.756687 0.989448
Car -1 -1 -10 261.000000 177.000000 403.000000 229.000000 1.741445 1.707659 4.162807 -9.200428 1.870110 24.720300 0.007431 0.981451
Car -1 -1 -10 382.000000 182.000000 402.000000 212.000000 1.524237 1.504202 3.205063 -11.670904 1.612668 38.602628 1.289623 0.017144
Car -1 -1 -10 233.000000 190.000000 381.000000 274.000000 1.596260 1.598560 3.664896 -5.035442 1.831227 11.995705 0.612871 0.012370
Cyclist -1 -1 -10 917.000000 158.000000 974.000000 278.000000 1.789507 0.653443 1.780387 4.801616 1.555606 10.488261 1.408267 0.029559
Cyclist -1 -1 -10 383.000000 181.000000 402.000000 211.000000 1.658669 0.525590 1.640048 -11.578986 2.039931 37.615275 -1.412615 0.026871
