Car -1 -1 -10 282.000000 200.000000 407.000000 264.000000 1.413655 1.626073 3.968403 -6.621301 2.079004 17.465916 -2.285137 0.999503
Car -1 -1 -10 746.000000 180.000000 843.000000 236.000000 1.456516 1.668504 4.003361 4.714122 1.579591 19.030773 1.652565 0.998557
Car -1 -1 -10 153.000000 193.000000 220.000000 232.000000 1.432857 1.654082 3.861906 -16.976534 2.225904 28.715694 -2.235040 0.998398
Car -1 -1 -10 666.000000 179.000000 734.000000 231.000000 1.442680 1.573916 3.779638 2.650658 1.655931 20.309931 1.762285 0.979015
Car -1 -1 -10 131.000000 190.000000 191.000000 226.000000 1.518268 1.602109 3.813694 -20.476377 2.359727 32.623929 -2.257504 0.953469
Car -1 -1 -10 344.000000 180.000000 441.000000 216.000000 1.554721 1.614814 3.824216 -10.063822 1.950424 33.352144 -3.216315 0.889573
Car -1 -1 -10 417.000000 167.000000 676.000000 307.000000 1.960267 1.736054 4.212646 -1.353675 1.947522 11.687389 -2.294376 0.862513
Car -1 -1 -10 815.000000 173.000000 969.000000 229.000000 1.513048 1.603903 4.041682 8.627792 1.550367 21.808241 -2.709889 0.408536
Car -1 -1 -10 711.000000 178.000000 777.000000 221.000000 1.584559 1.675140 3.996364 5.979847 1.660906 30.797891 0.679897 0.031573
Car -1 -1 -10 531.000000 177.000000 673.000000 258.000000 1.523332 1.693808 3.842107 0.083452 2.186431 17.338558 2.192099 0.021319
Car -1 -1 -10 332.000000 185.000000 399.000000 212.000000 1.489556 1.581728 3.899441 -11.315256 2.131998 35.854513 -0.411657 0.012106
