Pedestrian -1 -1 -10 447.000000 176.000000 475.000000 258.000000 1.727529 0.595430 0.689942 -2.831009 1.627509 14.333937 0.363888 0.994828
Pedestrian -1 -1 -10 190.000000 158.000000 245.000000 301.000000 1.775118 0.626040 0.882079 -5.132374 1.441935 9.406255 -2.542849 0.994340
Pedestrian -1 -1 -10 546.000000 180.000000 582.000000 258.000000 1.678158 0.633858 0.696168 -0.755367 1.658941 14.106665 1.963291 0.984940
Pedestrian -1 -1 -10 526.000000 172.000000 555.000000 237.000000 1.678785 0.713336 0.605845 -1.576336 1.417514 18.115741 1.667333 0.744824
Pedestrian -1 -1 -10 607.000000 169.000000 625.000000 223.000000 1.713644 0.614441 0.911941 0.424828 1.261284 22.832094 -1.565605 0.636315
Pedestrian -1 -1 -10 593.000000 170.000000 610.000000 216.000000 1.726243 0.619992 0.725311 0.012235 1.276062 28.941885 1.635714 0.046704
Pedestrian -1 -1 -10 542.000000 179.000000 568.000000 243.000000 1.748892 0.617849 0.679653 -1.155084 1.593981 17.596385 -1.100807 0.029284
Pedestrian -1 -1 -10 203.000000 173.000000 240.000000 255.000000 1.711307 0.549414 0.605579 -5.312462 1.634341 10.824441 0.076926 0.018993
Pedestrian -1 -1 -10 631.000000 170.000000 645.000000 209.000000 1.787549 0.626412 0.867159 1.785639 1.353241 34.992202 0.671766 0.017283
Pedestrian -1 -1 -10 617.000000 170.000000 634.000000 216.000000 1.671851 0.582145 0.576537 0.591543 1.192444 16.574780 2.206048 0.011604
Cyclist -1 -1 -10 691.000000 165.000000 725.000000 221.000000 1.720399 0.533561 1.854465 3.281251 1.272047 22.664524 1.388406 0.045493
Cyclist -1 -1 -10 542.000000 176.000000 583.000000 256.000000 1.687995 0.585546 1.684697 -0.823513 1.601655 14.256100 2.215809 0.027859
Cyclist -1 -1 -10 522.000000 172.000000 556.000000 236.000000 1.649193 0.511630 1.711375 -1.622989 1.408122 18.000986 1.579743 0.023937
Cyclist -1 -1 -10 443.000000 177.000000 478.000000 256.000000 1.753243 0.595150 1.693421 -2.936156 1.622419 14.402382 0.359041 0.021372
