Car -1 -1 -10 558.000000 215.000000 805.000000 356.000000 1.492447 1.649955 4.006782 0.600082 2.112837 9.808516 -1.924206 0.999084
Car -1 -1 -10 108.000000 218.000000 238.000000 308.000000 1.496974 1.530205 3.693113 -8.569566 2.396049 14.153922 1.231281 0.995913
Car -1 -1 -10 500.000000 208.000000 638.000000 298.000000 1.490495 1.635899 3.978671 -0.949672 2.189805 13.938565 -1.966662 0.995669
Car -1 -1 -10 450.000000 197.000000 538.000000 270.000000 1.566432 1.612588 3.680558 -3.388443 2.274014 18.940437 -1.895246 0.995200
Car -1 -1 -10 670.000000 216.000000 1224.000000 375.000000 1.478794 1.582645 3.764202 2.086741 1.842241 5.219456 -1.830023 0.987026
Car -1 -1 -10 404.000000 203.000000 454.000000 243.000000 1.465843 1.595611 3.817126 -7.851175 2.809806 30.504373 -1.979297 0.969787
Car -1 -1 -10 206.000000 198.000000 289.000000 258.000000 1.734263 1.707508 4.094002 -12.531680 2.676551 24.958621 -1.981334 0.944710
Car -1 -1 -10 424.000000 201.000000 487.000000 255.000000 1.544833 1.596201 3.678726 -5.836502 2.475846 25.129607 1.864324 0.860127
Car -1 -1 -10 -3.000000 222.000000 184.000000 380.000000 1.425692 1.599464 3.970993 -6.126530 2.036663 7.950981 1.152500 0.793489
Car -1 -1 -10 273.000000 204.000000 311.000000 229.000000 1.537255 1.600779 3.881182 -19.715703 3.446874 44.982122 1.314119 0.695039
Car -1 -1 -10 396.000000 203.000000 430.000000 234.000000 1.491661 1.545214 3.729646 -7.714375 2.798534 30.851113 1.180530 0.200293
