Pedestrian -1 -1 -10 688.000000 171.000000 713.000000 229.000000 1.622840 0.593826 0.844562 2.320082 1.531401 18.723314 -1.546510 0.055824
Pedestrian -1 -1 -10 685.000000 171.000000 706.000000 201.000000 1.717473 0.611219 0.542989 2.770028 1.456944 21.365918 0.260713 0.012182
Car -1 -1 -10 526.000000 181.000000 584.000000 221.000000 1.500749 1.566389 3.734276 -2.223068 1.849286 29.145017 1.684869 0.999119
Car -1 -1 -10 262.000000 189.000000 452.000000 290.000000 1.496529 1.647037 4.082328 -4.241410 1.821851 12.893637 1.653061 0.999103
Car -1 -1 -10 1.000000 167.000000 238.000000 373.000000 1.729182 1.655542 4.090796 -4.721265 1.733039 5.462076 1.570727 0.930915
Car -1 -1 -10 682.000000 173.000000 709.000000 199.000000 1.524240 1.504203 3.205061 7.429165 2.032130 64.561403 1.700807 0.016821
Car -1 -1 -10 2.000000 167.000000 125.000000 337.000000 1.502274 1.575595 3.679723 -4.835772 1.376122 5.416639 1.479910 0.011234
Cyclist -1 -1 -10 686.000000 168.000000 715.000000 243.000000 1.766750 0.630769 1.797816 2.281414 1.693200 18.772459 -1.495799 0.998667
Cyclist -1 -1 -10 688.000000 173.000000 710.000000 215.000000 1.717212 0.661813 1.798738 2.287436 1.570804 18.914435 -1.449880 0.048484
Cyclist -1 -1 -10 684.000000 172.000000 704.000000 199.000000 1.703648 0.412841 1.174226 2.683842 1.160343 21.485917 1.103937 0.021530
