Car -1 -1 -10 574.000000 177.000000 617.000000 217.000000 1.543939 1.647607 3.935829 -0.544024 1.268351 31.302965 -1.583206 0.999666
Car -1 -1 -10 395.000000 183.000000 500.000000 253.000000 1.458704 1.603346 3.833587 -3.730322 1.401668 17.320049 -1.570135 0.999265
Car -1 -1 -10 494.000000 182.000000 546.000000 218.000000 1.416283 1.612299 3.896588 -3.553433 1.285463 29.517322 -1.597158 0.999261
Car -1 -1 -10 248.000000 174.000000 367.000000 244.000000 1.619539 1.625808 3.950014 -7.960398 1.415568 19.441248 -1.572932 0.997907
Car -1 -1 -10 6.000000 181.000000 295.000000 373.000000 1.538377 1.605885 3.809101 -3.276637 1.419148 4.002466 -1.586234 0.981765
Car -1 -1 -10 23.000000 183.000000 244.000000 276.000000 1.459886 1.584351 3.813571 -8.543705 1.508564 13.270190 -1.592517 0.619193
Car -1 -1 -10 354.000000 180.000000 428.000000 223.000000 1.501078 1.577161 3.667173 -8.088651 1.404321 26.037706 -1.811400 0.439563
Car -1 -1 -10 451.000000 179.000000 497.000000 209.000000 1.513606 1.619629 3.791666 -8.156527 1.140978 44.263176 -1.621900 0.131571
Car -1 -1 -10 111.000000 187.000000 242.000000 237.000000 1.591612 1.585455 3.820735 -12.370835 1.498134 21.517987 1.498049 0.025065
Car -1 -1 -10 413.000000 182.000000 489.000000 223.000000 1.525228 1.497925 3.231362 -3.692994 1.702425 18.452358 1.297562 0.015556
