Pedestrian -1 -1 -10 397.000000 174.000000 407.000000 209.000000 1.670406 0.638913 0.892241 -11.023051 1.750553 38.369875 -2.289431 0.267096
Pedestrian -1 -1 -10 407.000000 171.000000 418.000000 205.000000 1.719147 0.600899 0.649952 -10.613091 1.567730 38.419396 0.822732 0.139112
Pedestrian -1 -1 -10 137.000000 167.000000 266.000000 368.000000 1.765164 0.784948 0.810090 -3.575833 1.763322 6.492121 1.533050 0.097076
Pedestrian -1 -1 -10 344.000000 177.000000 366.000000 225.000000 1.696899 0.553491 0.607734 -10.746013 1.516994 28.876543 0.254023 0.016142
Pedestrian -1 -1 -10 319.000000 181.000000 369.000000 228.000000 1.684528 0.620488 0.593683 -3.135963 1.580929 9.154461 -1.305734 0.010257
Car -1 -1 -10 591.000000 174.000000 651.000000 222.000000 1.518663 1.592938 3.636293 0.195946 1.579779 25.243593 -1.731889 0.998285
Car -1 -1 -10 405.000000 182.000000 449.000000 217.000000 1.445643 1.569104 3.706581 -7.663482 1.817302 30.357146 -1.726465 0.997832
Car -1 -1 -10 777.000000 180.000000 1204.000000 375.000000 1.486150 1.606898 3.664956 2.855338 1.564268 6.181441 -1.625709 0.997190
Car -1 -1 -10 234.000000 183.000000 390.000000 286.000000 1.528044 1.640080 4.038697 -5.742650 1.827536 14.405418 1.516094 0.893239
Car -1 -1 -10 49.000000 189.000000 318.000000 350.000000 1.543047 1.589781 3.620490 -5.016234 1.793172 8.899889 1.556080 0.845404
Car -1 -1 -10 565.000000 174.000000 603.000000 206.000000 1.513771 1.578349 3.651499 -1.416458 1.611987 35.422668 -1.702653 0.772700
Car -1 -1 -10 419.000000 178.000000 455.000000 211.000000 1.581615 1.640570 3.771854 -8.310622 1.673093 38.843791 -1.351514 0.169230
Car -1 -1 -10 668.000000 180.000000 813.000000 266.000000 1.502534 1.633850 3.781667 2.212370 1.493366 13.175058 -1.763422 0.021615
Cyclist -1 -1 -10 293.000000 170.000000 389.000000 330.000000 1.699014 0.552874 1.773921 -3.186133 1.702289 8.660168 1.541582 0.999430
Cyclist -1 -1 -10 125.000000 176.000000 272.000000 371.000000 1.723596 0.545484 1.793334 -3.521831 1.759037 6.519424 1.453221 0.992156
Cyclist -1 -1 -10 229.000000 183.000000 385.000000 289.000000 1.739728 0.666425 1.810671 -5.512666 1.961629 13.137344 0.091180 0.579489
Cyclist -1 -1 -10 60.000000 200.000000 306.000000 325.000000 1.668212 0.803239 1.764105 -4.567409 1.905324 8.059358 2.443315 0.060608
Cyclist -1 -1 -10 319.000000 181.000000 370.000000 232.000000 1.713146 0.489010 1.298996 -6.952924 1.358483 19.172360 0.621755 0.027165
Cyclist -1 -1 -10 344.000000 177.000000 366.000000 225.000000 1.665812 0.623985 1.663827 -10.861005 1.442747 29.496717 -1.466263 0.024480
Cyclist -1 -1 -10 286.000000 185.000000 379.000000 264.000000 1.677683 0.604756 1.737281 -5.714687 1.778942 13.886151 1.675925 0.018518
