Car -1 -1 -10 680.000000 176.000000 781.000000 261.000000 1.622571 1.674838 4.035292 2.629825 1.766834 16.723773 -1.550472 0.998862
Car -1 -1 -10 794.000000 205.000000 1238.000000 374.000000 1.462394 1.637611 3.853321 2.792605 1.772427 5.702329 -1.587230 0.995223
Car -1 -1 -10 198.000000 186.000000 422.000000 265.000000 1.591330 1.592181 3.807688 -6.224026 1.849048 14.382169 0.037112 0.988188
Car -1 -1 -10 661.000000 181.000000 724.000000 236.000000 1.492020 1.635060 3.973324 2.542878 1.870480 22.637070 -1.614171 0.964617
Car -1 -1 -10 647.000000 176.000000 691.000000 217.000000 1.563434 1.565690 3.601374 2.515888 1.789173 31.617576 -1.633597 0.836993
Car -1 -1 -10 -5.000000 161.000000 306.000000 324.000000 1.793918 1.705458 4.020432 -6.382078 1.714752 9.028846 -3.159932 0.783605
Car -1 -1 -10 120.000000 188.000000 363.000000 289.000000 1.553045 1.635790 3.953683 -6.440981 1.794712 12.432514 -0.048698 0.542462
Car -1 -1 -10 276.000000 182.000000 440.000000 246.000000 1.487822 1.567519 3.755531 -5.648306 1.606789 17.931195 -3.265828 0.452601
Car -1 -1 -10 460.000000 181.000000 540.000000 209.000000 1.522097 1.602648 3.951721 -6.098713 1.947183 41.358948 0.387041 0.296431
Car -1 -1 -10 404.000000 182.000000 512.000000 222.000000 1.516028 1.663902 4.167707 -6.311343 1.922764 30.239564 -0.080505 0.288759
