Car -1 -1 -10 393.000000 189.000000 468.000000 235.000000 1.460766 1.560820 3.885929 -6.041943 2.035356 24.376855 1.541892 0.997660
Car -1 -1 -10 668.000000 175.000000 731.000000 216.000000 1.528171 1.631058 3.997041 3.075883 1.575442 26.329940 -1.620890 0.996651
Car -1 -1 -10 452.000000 186.000000 502.000000 221.000000 1.472759 1.589754 3.947509 -5.938675 2.160984 31.993558 1.588426 0.995280
Car -1 -1 -10 842.000000 149.000000 1010.000000 207.000000 1.523579 1.630748 3.990430 9.194194 1.029871 20.480282 3.171162 0.994840
Car -1 -1 -10 313.000000 193.000000 426.000000 260.000000 1.485469 1.554477 3.711242 -6.027389 2.040886 18.350277 1.550096 0.993427
Car -1 -1 -10 206.000000 198.000000 364.000000 294.000000 1.483879 1.588486 3.863962 -5.969862 2.020350 13.643246 1.550362 0.992097
Car -1 -1 -10 2.000000 205.000000 255.000000 371.000000 1.501244 1.609116 3.805388 -5.914905 2.027157 8.126382 1.571091 0.990230
Car -1 -1 -10 765.000000 158.000000 918.000000 201.000000 1.557378 1.636474 4.055145 8.268531 1.139888 26.028359 3.077876 0.467716
Car -1 -1 -10 647.000000 176.000000 683.000000 203.000000 1.574960 1.470216 3.163255 3.348531 2.075130 39.784606 -0.784190 0.420571
Car -1 -1 -10 655.000000 175.000000 706.000000 209.000000 1.532159 1.636051 3.892109 3.060184 1.611507 31.870450 -1.590000 0.378504
Car -1 -1 -10 1146.000000 133.000000 1238.000000 178.000000 1.508206 1.604155 3.800424 23.193700 0.189320 27.862805 0.021131 0.369224
Car -1 -1 -10 476.000000 184.000000 517.000000 214.000000 1.523943 1.566954 3.780909 -6.237503 2.324131 37.703769 1.574696 0.099115
