Car -1 -1 -10 643.000000 175.000000 723.000000 233.000000 1.449687 1.624944 3.939614 1.929436 1.544330 20.353321 -1.620091 0.999446
Car -1 -1 -10 623.000000 169.000000 660.000000 203.000000 1.534356 1.585937 3.779411 1.521314 1.504827 35.580257 -1.629137 0.986189
Car -1 -1 -10 199.000000 182.000000 417.000000 249.000000 1.430745 1.601611 4.031166 -6.639433 1.611083 17.225433 -3.114704 0.955275
Car -1 -1 -10 405.000000 175.000000 494.000000 210.000000 1.561664 1.685456 4.146378 -7.343176 1.514211 32.057415 -0.111524 0.921812
Car -1 -1 -10 952.000000 146.000000 1239.000000 367.000000 1.739967 1.629868 3.924753 4.781953 1.522501 6.564216 1.630445 0.824601
Car -1 -1 -10 452.000000 174.000000 519.000000 199.000000 1.551445 1.626410 3.792840 -7.888094 1.439347 44.508569 2.961915 0.314969
Car -1 -1 -10 364.000000 177.000000 458.000000 218.000000 1.628189 1.638819 3.848983 -7.669172 1.585701 29.252028 -1.779835 0.171039
Car -1 -1 -10 289.000000 183.000000 433.000000 231.000000 1.552333 1.668116 4.017907 -7.485475 1.761516 22.112367 -0.237989 0.077427
Car -1 -1 -10 235.000000 185.000000 375.000000 301.000000 1.564612 1.631899 4.115770 -6.292135 1.820762 14.045745 1.556807 0.069225
Cyclist -1 -1 -10 255.000000 176.000000 375.000000 352.000000 1.706318 0.619722 1.748139 -3.168766 1.790241 7.741126 1.529293 0.999801
Cyclist -1 -1 -10 150.000000 180.000000 386.000000 268.000000 1.630065 0.872110 1.903236 -6.573169 1.760275 14.152798 0.052354 0.102273
Cyclist -1 -1 -10 255.000000 182.000000 405.000000 253.000000 1.650393 0.733830 1.822037 -5.721578 1.664794 14.733945 2.714811 0.093418
