Pedestrian -1 -1 -10 665.000000 166.000000 700.000000 275.000000 1.701593 0.608862 0.764900 1.273764 1.460585 11.859597 -1.890706 0.998270
Pedestrian -1 -1 -10 713.000000 166.000000 755.000000 272.000000 1.754873 0.707424 0.980849 2.187432 1.487658 12.039229 -1.479448 0.993132
Pedestrian -1 -1 -10 376.000000 165.000000 423.000000 278.000000 1.751935 0.677043 0.977525 -3.277826 1.507198 11.583332 -1.778029 0.984031
Pedestrian -1 -1 -10 499.000000 171.000000 514.000000 212.000000 1.682099 0.623545 0.789335 -3.531435 1.246850 27.150509 -1.521603 0.236700
Pedestrian -1 -1 -10 11.000000 186.000000 49.000000 266.000000 1.703839 0.552344 0.584424 -10.265790 2.016698 13.010376 -1.729271 0.067612
Pedestrian -1 -1 -10 2.000000 189.000000 23.000000 254.000000 1.692446 0.528579 0.575697 -9.005904 1.523557 11.470815 2.310462 0.017659
Pedestrian -1 -1 -10 111.000000 193.000000 138.000000 259.000000 1.660303 0.563739 0.605278 -10.975635 1.669958 16.287921 1.932804 0.016712
Pedestrian -1 -1 -10 589.000000 173.000000 599.000000 207.000000 1.652783 0.572271 0.587452 -0.019223 1.523444 20.128235 2.477219 0.016116
Pedestrian -1 -1 -10 739.000000 164.000000 755.000000 215.000000 1.745487 0.659506 0.757166 5.065589 1.216389 24.900179 1.661411 0.015720
Pedestrian -1 -1 -10 425.000000 178.000000 438.000000 219.000000 1.721605 0.520157 0.529390 -7.901640 1.601644 33.880061 -1.240228 0.015364
Pedestrian -1 -1 -10 545.000000 170.000000 566.000000 213.000000 1.675614 0.637155 0.674950 -1.599772 1.156989 25.857737 -1.692703 0.011797
Pedestrian -1 -1 -10 587.000000 171.000000 611.000000 223.000000 1.700886 0.786451 0.663728 -0.088895 1.428839 23.732901 1.972986 0.011292
Car -1 -1 -10 546.000000 171.000000 581.000000 200.000000 1.851487 1.690190 4.301621 -2.551309 1.268107 48.322375 1.587148 0.016856
Cyclist -1 -1 -10 587.000000 171.000000 613.000000 225.000000 1.722060 0.546994 1.739499 -0.090633 1.468059 23.824033 1.755956 0.997847
Cyclist -1 -1 -10 524.000000 167.000000 567.000000 246.000000 1.763417 0.615435 1.724710 -1.395133 1.470675 17.313946 1.728911 0.997846
Cyclist -1 -1 -10 1041.000000 199.000000 1181.000000 368.000000 1.691548 0.537998 1.686093 2.312658 1.488403 3.090807 -0.439567 0.330277
Cyclist -1 -1 -10 375.000000 169.000000 424.000000 275.000000 1.836858 0.666518 1.791687 -3.382478 1.564838 11.607852 -1.916116 0.094176
Cyclist -1 -1 -10 497.000000 171.000000 516.000000 214.000000 1.733604 0.595097 1.745739 -3.666804 1.287121 27.299832 -2.155685 0.072053
Cyclist -1 -1 -10 545.000000 170.000000 570.000000 208.000000 1.673983 0.597487 1.649241 -1.602058 1.333731 26.004127 1.087469 0.062489
Cyclist -1 -1 -10 64.000000 189.000000 166.000000 287.000000 1.662410 0.615750 1.775404 -9.523252 1.740566 14.280772 2.045215 0.023661
Cyclist -1 -1 -10 592.000000 174.000000 612.000000 205.000000 1.730227 0.458218 1.176543 0.127287 1.373894 20.748013 0.981557 0.022641
Cyclist -1 -1 -10 665.000000 166.000000 700.000000 278.000000 1.799562 0.567873 1.765680 1.265490 1.549636 11.978151 -1.490783 0.015998
Cyclist -1 -1 -10 589.000000 173.000000 600.000000 213.000000 1.702378 0.486874 1.665801 -0.270579 1.231233 23.682470 1.590287 0.015417
Cyclist -1 -1 -10 5.000000 186.000000 47.000000 264.000000 1.635343 0.591321 1.686529 -10.282578 1.930208 13.059945 -1.741415 0.013834
