Pedestrian -1 -1 -10 404.000000 166.000000 448.000000 271.000000 1.704040 0.641921 1.022826 -3.082445 1.419919 12.324444 -1.428309 0.997450
Pedestrian -1 -1 -10 674.000000 168.000000 709.000000 268.000000 1.671264 0.619709 0.795441 1.505009 1.454036 12.589229 -1.867293 0.996579
Pedestrian -1 -1 -10 716.000000 165.000000 758.000000 267.000000 1.723360 0.705215 0.970863 2.368870 1.416842 12.736664 -1.467629 0.993498
Pedestrian -1 -1 -10 507.000000 170.000000 535.000000 216.000000 1.778444 0.642837 0.819815 -3.069019 1.331336 28.072578 -1.293254 0.051382
Pedestrian -1 -1 -10 608.000000 170.000000 628.000000 217.000000 1.708429 0.635104 0.749389 0.524272 1.297803 26.139525 2.008156 0.033650
Pedestrian -1 -1 -10 608.000000 170.000000 617.000000 205.000000 1.614794 0.588355 0.638163 0.427879 1.171774 16.848037 0.080520 0.018796
Pedestrian -1 -1 -10 750.000000 163.000000 769.000000 214.000000 1.856071 0.688516 0.834385 5.591633 1.297742 25.982418 2.286615 0.018360
Pedestrian -1 -1 -10 742.000000 165.000000 761.000000 215.000000 1.796378 0.657842 0.802019 5.385328 1.237147 26.093675 1.812747 0.011763
Pedestrian -1 -1 -10 684.000000 171.000000 707.000000 233.000000 1.708440 0.525814 0.598816 2.299568 1.506460 14.681810 3.118239 0.010890
Car -1 -1 -10 567.000000 169.000000 596.000000 199.000000 1.511886 1.575118 3.804379 -0.959682 1.325290 48.935889 -1.619079 0.094553
Cyclist -1 -1 -10 556.000000 166.000000 586.000000 234.000000 1.767377 0.606041 1.738968 -0.836256 1.405236 19.548575 1.748047 0.997309
Cyclist -1 -1 -10 608.000000 169.000000 629.000000 217.000000 1.720964 0.611658 1.748670 0.495411 1.311402 26.222979 2.029624 0.986959
Cyclist -1 -1 -10 505.000000 170.000000 536.000000 216.000000 1.735971 0.615125 1.732454 -3.284842 1.367107 28.304530 0.984320 0.929136
Cyclist -1 -1 -10 714.000000 162.000000 763.000000 259.000000 1.841782 0.686062 1.768084 2.253100 1.515191 12.714363 1.777244 0.763790
Cyclist -1 -1 -10 922.000000 203.000000 1106.000000 370.000000 1.589689 0.521973 1.657532 2.379357 1.723230 3.898582 1.548242 0.634323
Cyclist -1 -1 -10 725.000000 171.000000 781.000000 237.000000 1.744160 0.563582 1.628369 3.740440 1.530682 16.592293 -1.291390 0.112033
Cyclist -1 -1 -10 565.000000 169.000000 596.000000 200.000000 1.692207 0.563266 1.607401 -1.347515 1.590422 47.714784 -1.573247 0.086064
Cyclist -1 -1 -10 739.000000 166.000000 761.000000 222.000000 1.739103 0.678716 1.790549 5.486532 1.229811 26.252915 1.250596 0.017167
Cyclist -1 -1 -10 678.000000 169.000000 712.000000 259.000000 1.774194 0.631466 1.785667 1.519335 1.489354 12.647113 1.626680 0.016813
Cyclist -1 -1 -10 993.000000 199.000000 1218.000000 372.000000 1.577397 0.543595 1.759249 2.580398 1.542589 3.774112 3.159875 0.014164
