Pedestrian -1 -1 -10 695.000000 160.000000 708.000000 200.000000 1.749903 0.620407 0.692108 4.404122 1.223391 34.439344 -1.548067 0.390428
Pedestrian -1 -1 -10 528.000000 168.000000 544.000000 218.000000 1.712288 0.557186 0.884781 -2.805847 1.640260 27.109350 1.541385 0.166038
Pedestrian -1 -1 -10 542.000000 170.000000 552.000000 200.000000 1.767532 0.691762 0.897503 -3.652632 1.551207 41.021541 1.849795 0.097840
Pedestrian -1 -1 -10 507.000000 172.000000 525.000000 217.000000 1.675564 0.681609 0.665067 -3.475996 1.698196 26.603416 1.570336 0.039676
Pedestrian -1 -1 -10 537.000000 171.000000 547.000000 203.000000 1.739291 0.576685 0.796264 -3.803835 1.716139 41.091035 0.550551 0.030474
Pedestrian -1 -1 -10 452.000000 180.000000 505.000000 219.000000 1.696223 0.748923 0.791756 -5.089352 2.157958 27.974638 -0.041521 0.013509
Car -1 -1 -10 718.000000 166.000000 903.000000 307.000000 1.565230 1.627399 3.641975 2.568610 1.556495 10.107407 -1.613047 0.999606
Car -1 -1 -10 255.000000 182.000000 416.000000 281.000000 1.607278 1.617831 3.913885 -4.994005 1.788102 13.700110 1.562423 0.999419
Car -1 -1 -10 450.000000 180.000000 506.000000 219.000000 1.570941 1.632044 3.930139 -5.320455 1.782292 29.558241 1.575145 0.997789
Car -1 -1 -10 442.000000 180.000000 483.000000 207.000000 1.532870 1.553632 3.553245 -8.793938 1.428876 39.389549 1.856116 0.050830
Car -1 -1 -10 470.000000 174.000000 510.000000 210.000000 1.550712 1.613025 3.703766 -5.793088 1.734439 31.305563 -2.750715 0.024292
Cyclist -1 -1 -10 526.000000 167.000000 546.000000 221.000000 1.753227 0.573891 1.766942 -2.846525 1.670596 26.959940 1.616153 0.991561
Cyclist -1 -1 -10 505.000000 170.000000 528.000000 222.000000 1.755588 0.574619 1.775451 -3.481202 1.756291 26.487498 1.630989 0.989041
Cyclist -1 -1 -10 511.000000 172.000000 540.000000 210.000000 1.717198 0.586996 1.740349 -3.165162 1.443781 26.669338 -1.132609 0.516770
Cyclist -1 -1 -10 542.000000 170.000000 552.000000 200.000000 1.825346 0.592428 1.824635 -3.745644 1.595589 41.087303 1.588807 0.108227
Cyclist -1 -1 -10 490.000000 174.000000 522.000000 217.000000 1.718316 0.601597 1.826986 -3.614389 1.701531 26.545534 1.403192 0.049808
Cyclist -1 -1 -10 451.000000 179.000000 506.000000 219.000000 1.654311 0.607394 1.677271 -5.094478 1.903176 28.484379 2.484982 0.042277
Cyclist -1 -1 -10 507.000000 173.000000 520.000000 211.000000 1.710794 0.520376 1.696207 -3.571930 1.641883 26.600737 -1.252062 0.036154
