Pedestrian -1 -1 -10 597.000000 160.000000 608.000000 196.000000 1.704418 0.602974 0.780999 0.069228 0.589643 37.165695 -1.542561 0.668109
Pedestrian -1 -1 -10 663.000000 161.000000 671.000000 188.000000 1.760587 0.629039 0.833435 4.316055 0.355340 46.498330 -1.493239 0.450502
Pedestrian -1 -1 -10 587.000000 161.000000 600.000000 196.000000 1.769115 0.549597 0.910762 -0.462990 0.600894 37.998680 2.443214 0.235116
Pedestrian -1 -1 -10 676.000000 159.000000 685.000000 188.000000 1.817101 0.638307 0.692814 5.410624 0.396294 48.775467 1.696893 0.232424
Pedestrian -1 -1 -10 668.000000 159.000000 677.000000 187.000000 1.745339 0.675804 0.698200 4.708068 0.483707 47.288259 -1.954911 0.174309
Pedestrian -1 -1 -10 989.000000 143.000000 1038.000000 283.000000 1.717158 0.627219 0.631493 4.604445 1.342554 8.179036 -0.930648 0.133192
Pedestrian -1 -1 -10 1151.000000 150.000000 1214.000000 286.000000 1.708707 0.581684 0.655728 6.330665 1.252044 7.909988 1.800373 0.031069
Pedestrian -1 -1 -10 636.000000 160.000000 652.000000 186.000000 1.739534 0.659495 0.673784 1.509632 0.598075 30.839024 -1.496497 0.025485
Pedestrian -1 -1 -10 604.000000 165.000000 627.000000 196.000000 1.701377 0.634779 0.625140 0.325869 0.556807 36.926010 -1.024774 0.025170
Pedestrian -1 -1 -10 933.000000 148.000000 964.000000 222.000000 1.726679 0.635761 0.678614 7.463094 0.771400 15.153410 -1.763322 0.011511
Car -1 -1 -10 611.000000 168.000000 656.000000 203.000000 1.494341 1.602271 3.927747 1.342571 0.863248 30.955799 1.696482 0.998654
