Pedestrian -1 -1 -10 953.000000 227.000000 1231.000000 367.000000 1.746734 0.712288 0.719982 2.053004 1.973367 2.862769 -1.570760 0.011988
Car -1 -1 -10 793.000000 188.000000 959.000000 250.000000 1.482653 1.584908 3.868036 6.726255 2.031939 18.685476 -0.074724 0.999608
Car -1 -1 -10 126.000000 186.000000 436.000000 267.000000 1.534529 1.645963 4.042565 -6.296468 1.772551 13.489708 -3.188935 0.996125
Car -1 -1 -10 307.000000 183.000000 486.000000 243.000000 1.549022 1.606314 4.085478 -5.583417 1.902451 20.608073 0.123081 0.994440
Car -1 -1 -10 833.000000 194.000000 1241.000000 307.000000 1.520668 1.673442 4.234198 6.254308 1.805437 10.967052 3.169320 0.993827
Car -1 -1 -10 705.000000 185.000000 794.000000 221.000000 1.539781 1.643448 3.912450 6.119933 2.090049 30.488089 -0.098773 0.981224
Car -1 -1 -10 951.000000 227.000000 1249.000000 366.000000 1.493142 1.616498 3.794576 2.626913 1.665005 1.892859 -1.625336 0.851880
Car -1 -1 -10 372.000000 179.000000 501.000000 229.000000 1.552154 1.615531 4.129002 -6.364416 1.684371 25.153074 -3.140840 0.814423
Car -1 -1 -10 457.000000 179.000000 540.000000 212.000000 1.632563 1.593925 3.751426 -5.625904 2.092865 39.533763 -3.155409 0.808497
Car -1 -1 -10 771.000000 183.000000 894.000000 242.000000 1.547668 1.585760 3.763465 6.543871 1.997499 20.731442 -0.028592 0.677977
Car -1 -1 -10 4.000000 162.000000 249.000000 344.000000 1.579952 1.647829 4.088316 -5.710376 1.457655 5.761422 -0.013003 0.264538
Car -1 -1 -10 425.000000 181.000000 517.000000 219.000000 1.478044 1.619896 3.997423 -6.036809 1.831763 30.805826 -3.110752 0.171328
