Pedestrian -1 -1 -10 137.000000 182.000000 157.000000 224.000000 1.622250 0.578356 0.592034 -9.350863 1.293478 14.899823 -0.507636 0.880801
Pedestrian -1 -1 -10 104.000000 180.000000 126.000000 232.000000 1.747467 0.621900 0.585791 -19.921847 2.079245 29.094158 -2.025575 0.664902
Pedestrian -1 -1 -10 122.000000 182.000000 161.000000 229.000000 1.626158 0.582195 0.591781 -9.258357 1.206878 14.521336 -0.512353 0.069463
Pedestrian -1 -1 -10 79.000000 195.000000 174.000000 240.000000 1.666822 0.773273 0.803652 -15.660459 2.675117 23.081326 -0.529484 0.014845
Car -1 -1 -10 598.000000 173.000000 631.000000 203.000000 1.540984 1.663413 4.271234 0.264158 1.667509 44.361948 -1.589380 0.999088
Car -1 -1 -10 69.000000 196.000000 185.000000 246.000000 1.565934 1.576949 3.695710 -16.082981 2.401927 24.487528 1.586624 0.997944
Cyclist -1 -1 -10 115.000000 185.000000 161.000000 230.000000 1.665038 0.523062 1.639279 -16.126176 2.141887 24.314180 -2.753560 0.025791
Cyclist -1 -1 -10 72.000000 195.000000 186.000000 245.000000 1.694237 0.736321 1.787727 -15.894423 2.514886 23.834236 1.527474 0.025102
Cyclist -1 -1 -10 135.000000 183.000000 157.000000 227.000000 1.671270 0.586293 1.585710 -18.800276 1.865099 29.342846 -2.163504 0.015634
Cyclist -1 -1 -10 100.000000 183.000000 126.000000 228.000000 1.717141 0.626253 1.662112 -19.983820 1.933693 29.279262 1.541383 0.013029
