Car -1 -1 -10 698.000000 176.000000 805.000000 255.000000 1.500451 1.626979 3.907964 2.917414 1.604768 15.725447 -1.581734 0.999059
Car -1 -1 -10 -5.000000 206.000000 259.000000 357.000000 1.490011 1.593408 3.717620 -6.129831 1.939811 9.212515 1.594731 0.998600
Car -1 -1 -10 444.000000 181.000000 499.000000 217.000000 1.547169 1.586572 3.766476 -5.955978 1.965975 31.346382 1.584164 0.996196
Car -1 -1 -10 843.000000 152.000000 1069.000000 222.000000 1.553926 1.700104 4.295769 8.181730 1.082694 17.860624 3.127210 0.947357
Car -1 -1 -10 718.000000 161.000000 798.000000 207.000000 1.505638 1.583514 3.529031 5.528247 1.280994 24.145505 -1.384400 0.923773
Car -1 -1 -10 963.000000 130.000000 1241.000000 260.000000 1.805971 1.679101 4.000021 8.176315 1.218194 11.627601 3.159461 0.697638
Car -1 -1 -10 330.000000 182.000000 441.000000 250.000000 1.732526 1.709378 4.202659 -6.335876 1.966338 20.051550 -1.580351 0.566809
Car -1 -1 -10 470.000000 181.000000 513.000000 211.000000 1.577721 1.625650 3.958694 -6.006586 1.904232 37.092106 1.583543 0.457509
Car -1 -1 -10 285.000000 195.000000 397.000000 260.000000 1.493990 1.625690 4.168877 -6.335933 1.976137 17.329503 1.508524 0.040087
Car -1 -1 -10 486.000000 181.000000 526.000000 206.000000 1.496819 1.560331 3.885866 -5.961047 1.927047 41.721501 1.625205 0.033554
