Pedestrian -1 -1 -10 730.000000 167.000000 754.000000 227.000000 1.741951 0.686453 0.871995 3.804107 1.599097 20.697518 1.357084 0.471600
Car -1 -1 -10 367.000000 185.000000 460.000000 253.000000 1.459245 1.569614 3.666123 -4.461261 1.710512 16.724499 1.470682 0.999406
Car -1 -1 -10 500.000000 175.000000 578.000000 203.000000 1.592475 1.621884 3.981755 -4.013861 1.725136 40.592287 2.565819 0.976842
Car -1 -1 -10 345.000000 184.000000 418.000000 221.000000 1.487871 1.634980 3.928828 -8.460013 1.865191 27.177204 0.804368 0.809613
Car -1 -1 -10 621.000000 173.000000 701.000000 198.000000 1.528245 1.642068 4.174372 3.080975 1.566530 44.092503 2.751529 0.729322
Car -1 -1 -10 91.000000 175.000000 202.000000 222.000000 1.491907 1.578787 3.656196 -19.768199 2.216008 32.655263 0.562788 0.028744
Car -1 -1 -10 124.000000 186.000000 206.000000 217.000000 1.521673 1.605578 3.945626 -20.007484 1.981590 33.160967 1.110155 0.012671
Cyclist -1 -1 -10 729.000000 168.000000 755.000000 227.000000 1.789151 0.652382 1.740111 3.694339 1.591898 20.758772 1.212032 0.951845
Cyclist -1 -1 -10 727.000000 170.000000 744.000000 216.000000 1.727173 0.603729 1.706094 3.565059 1.478031 20.789893 2.830129 0.017422
Cyclist -1 -1 -10 778.000000 178.000000 819.000000 204.000000 1.736946 0.384139 1.173486 5.815798 1.312009 21.436480 -1.295963 0.011716
