Pedestrian -1 -1 -10 1057.000000 157.000000 1093.000000 248.000000 1.725654 0.604630 0.880060 8.514521 1.391310 13.267598 -1.496536 0.712363
Pedestrian -1 -1 -10 1009.000000 158.000000 1054.000000 246.000000 1.691643 0.601996 0.799936 7.912362 1.339655 13.424596 -1.592888 0.083332
Car -1 -1 -10 933.000000 181.000000 990.000000 206.000000 1.539734 1.618664 4.224623 24.366840 2.277474 50.497644 1.596922 0.738168
Car -1 -1 -10 945.000000 173.000000 1024.000000 211.000000 1.523159 1.599278 3.732411 24.628863 2.916718 49.287983 -1.104954 0.010152
Cyclist -1 -1 -10 958.000000 154.000000 1049.000000 273.000000 1.753704 0.512303 1.749991 5.908543 1.403066 11.038638 -1.517018 0.999661
Cyclist -1 -1 -10 1000.000000 159.000000 1058.000000 257.000000 1.733711 0.579957 1.753275 7.845043 1.372562 13.576350 -0.618853 0.940993
Cyclist -1 -1 -10 1055.000000 160.000000 1097.000000 248.000000 1.740055 0.544737 1.711462 8.533067 1.448172 13.345794 -1.484291 0.830070
Cyclist -1 -1 -10 789.000000 169.000000 808.000000 210.000000 1.712044 0.520718 1.678034 7.163063 1.452030 27.973948 -1.370606 0.705843
Cyclist -1 -1 -10 984.000000 160.000000 1108.000000 248.000000 1.743561 0.527230 1.693987 8.283210 1.305508 13.529460 -0.390176 0.424437
Cyclist -1 -1 -10 996.000000 164.000000 1043.000000 218.000000 1.708667 0.574211 1.504962 8.436853 1.077032 14.513949 -0.437439 0.095882
Cyclist -1 -1 -10 1024.000000 162.000000 1071.000000 237.000000 1.718031 0.468048 1.683986 8.225698 1.293957 13.598841 -0.561545 0.085517
Cyclist -1 -1 -10 945.000000 173.000000 1024.000000 211.000000 1.747526 0.636025 1.731476 20.536999 2.147574 41.991021 3.560375 0.084077
Cyclist -1 -1 -10 970.000000 173.000000 1006.000000 206.000000 1.689743 0.497998 1.535623 8.674358 1.403818 15.826670 -0.432628 0.022746
Cyclist -1 -1 -10 1015.000000 158.000000 1040.000000 242.000000 1.725552 0.605085 1.640028 7.770747 1.460272 13.635212 -0.996094 0.016625
Cyclist -1 -1 -10 935.000000 178.000000 991.000000 208.000000 1.734421 0.667552 1.533603 21.909733 2.395540 44.402498 1.511627 0.011474
Cyclist -1 -1 -10 1023.000000 167.000000 1059.000000 208.000000 1.736527 0.602245 1.559094 8.761800 1.074645 14.590847 -1.668694 0.010870
