Pedestrian -1 -1 -10 627.000000 164.000000 658.000000 257.000000 1.797465 0.677650 0.909512 0.736827 1.454818 14.004602 -1.593373 0.991203
Pedestrian -1 -1 -10 440.000000 170.000000 464.000000 234.000000 1.730677 0.663872 0.716077 -4.189500 1.497321 20.219059 -1.321768 0.990870
Pedestrian -1 -1 -10 17.000000 150.000000 176.000000 371.000000 1.729769 0.598067 0.693011 -2.174855 1.238085 2.964883 -2.185873 0.989862
Pedestrian -1 -1 -10 421.000000 172.000000 441.000000 232.000000 1.713457 0.604091 0.793402 -4.986656 1.442315 20.953160 1.475956 0.987907
Pedestrian -1 -1 -10 672.000000 169.000000 702.000000 254.000000 1.749636 0.614818 0.842536 1.585472 1.364990 13.884520 -1.478867 0.906550
Pedestrian -1 -1 -10 609.000000 165.000000 632.000000 229.000000 1.802403 0.682377 0.908384 0.522834 1.310029 22.310007 -1.631613 0.896084
Pedestrian -1 -1 -10 694.000000 177.000000 718.000000 242.000000 1.725515 0.630731 0.835083 2.497154 1.461866 16.993618 -1.857470 0.809746
Pedestrian -1 -1 -10 652.000000 171.000000 678.000000 244.000000 1.720315 0.613427 0.661061 1.487689 1.501429 16.885348 1.626338 0.744018
Pedestrian -1 -1 -10 185.000000 214.000000 285.000000 358.000000 1.694517 0.658799 0.584286 -2.727311 1.884068 5.305508 -1.614826 0.662936
Pedestrian -1 -1 -10 706.000000 165.000000 731.000000 232.000000 1.739907 0.629103 0.902065 2.989975 1.220735 18.074622 -1.478288 0.580711
Pedestrian -1 -1 -10 0.000000 188.000000 91.000000 370.000000 1.728108 0.593438 0.651822 -5.165239 2.008655 6.547700 -1.715603 0.495354
Pedestrian -1 -1 -10 746.000000 161.000000 765.000000 221.000000 1.778718 0.581946 0.842380 4.483618 1.192900 21.111396 -1.777167 0.425596
Pedestrian -1 -1 -10 88.000000 205.000000 199.000000 367.000000 1.671923 0.610232 0.523638 -1.679329 1.483563 2.612583 2.041048 0.388921
Pedestrian -1 -1 -10 178.000000 218.000000 222.000000 355.000000 1.744944 0.629843 0.450417 -4.619190 1.955070 8.386637 0.518038 0.380549
Pedestrian -1 -1 -10 210.000000 172.000000 248.000000 267.000000 1.709025 0.654843 0.728802 -6.923140 1.464943 13.281108 -2.517085 0.262097
Pedestrian -1 -1 -10 641.000000 168.000000 668.000000 249.000000 1.790053 0.636541 0.716301 1.327251 1.405626 16.613010 -1.001001 0.236713
Pedestrian -1 -1 -10 725.000000 165.000000 745.000000 224.000000 1.724100 0.565210 0.770557 3.985812 1.209838 21.048901 1.385721 0.192579
Pedestrian -1 -1 -10 1.000000 203.000000 53.000000 342.000000 1.725340 0.629426 0.681391 -5.273564 2.040665 6.581116 -2.721773 0.186326
Pedestrian -1 -1 -10 133.000000 217.000000 180.000000 364.000000 1.731513 0.621113 0.675423 -5.315042 1.899343 8.514306 1.526692 0.167544
Car -1 -1 -10 538.000000 177.000000 575.000000 206.000000 1.465340 1.606693 3.865503 -2.560606 1.236837 39.729777 1.563654 0.998498
Cyclist -1 -1 -10 946.000000 188.000000 1231.000000 366.000000 1.662852 0.623789 1.627458 2.428585 1.873986 3.583114 2.722760 0.233852
Cyclist -1 -1 -10 179.000000 216.000000 280.000000 365.000000 1.726373 0.537613 1.585211 -3.201319 1.539885 6.274609 -1.465342 0.214960
Cyclist -1 -1 -10 831.000000 160.000000 1041.000000 366.000000 1.681851 0.617251 1.703264 2.249737 1.977589 5.233257 -0.517947 0.159847
Cyclist -1 -1 -10 203.000000 173.000000 255.000000 274.000000 1.696252 0.652391 1.664934 -7.074113 1.322774 13.297536 0.031402 0.092479
Cyclist -1 -1 -10 101.000000 205.000000 190.000000 368.000000 1.720356 0.512026 1.494372 -6.264259 1.658775 10.026315 -1.487046 0.052126
Cyclist -1 -1 -10 239.000000 203.000000 289.000000 264.000000 1.687673 0.632640 1.659819 -7.451465 1.839453 15.694974 -2.055772 0.047287
Cyclist -1 -1 -10 11.000000 173.000000 209.000000 370.000000 1.653984 0.713690 1.722814 -2.093058 1.520223 2.960153 1.508801 0.026901
Cyclist -1 -1 -10 211.000000 206.000000 286.000000 311.000000 1.622177 0.674367 1.753457 -4.477893 1.728124 9.049082 0.574266 0.021834
Cyclist -1 -1 -10 -1.000000 202.000000 48.000000 364.000000 1.736809 0.558678 1.502164 -2.635540 1.303794 3.271896 -1.609288 0.019260
Cyclist -1 -1 -10 145.000000 219.000000 190.000000 361.000000 1.700699 0.601093 1.657018 -5.142534 1.672502 8.361312 0.519473 0.013010
Cyclist -1 -1 -10 163.000000 217.000000 230.000000 354.000000 1.677954 0.514024 1.434748 -3.867598 1.345914 6.955206 -2.130085 0.011253
