Pedestrian -1 -1 -10 1001.000000 147.000000 1023.000000 214.000000 1.788556 0.625153 0.862519 10.258216 0.920435 18.089273 0.584712 0.169993
Pedestrian -1 -1 -10 881.000000 153.000000 902.000000 195.000000 1.751322 0.567436 0.898789 13.304391 0.487738 33.318881 0.943139 0.022583
Pedestrian -1 -1 -10 519.000000 172.000000 529.000000 198.000000 1.720527 0.592225 0.725181 -4.560719 1.196957 38.956916 0.997690 0.016250
Pedestrian -1 -1 -10 143.000000 175.000000 168.000000 234.000000 1.707085 0.585946 0.581221 -10.835244 1.887452 17.655964 -2.106265 0.014239
Car -1 -1 -10 527.000000 171.000000 618.000000 210.000000 1.505906 1.597038 3.830802 -1.400873 1.106009 28.151569 0.690804 0.995632
Car -1 -1 -10 0.000000 196.000000 293.000000 368.000000 1.544951 1.619512 3.801217 -3.191267 1.704932 3.679146 -1.557995 0.982789
Car -1 -1 -10 113.000000 195.000000 200.000000 238.000000 1.518577 1.592325 3.841745 -21.051484 1.908102 30.711250 -1.153459 0.411690
Car -1 -1 -10 0.000000 185.000000 55.000000 267.000000 1.650108 1.675908 4.027737 -12.335307 1.840826 12.928506 1.488729 0.075690
Car -1 -1 -10 0.000000 187.000000 106.000000 319.000000 1.630969 1.627057 3.737277 -21.101986 1.790480 27.397426 1.551102 0.012838
Cyclist -1 -1 -10 114.000000 196.000000 199.000000 240.000000 1.700204 0.787880 1.820474 -9.740528 1.717573 15.440180 2.493482 0.222975
Cyclist -1 -1 -10 12.000000 198.000000 291.000000 367.000000 1.652405 0.637816 1.762755 -2.672628 1.666478 3.746105 -1.600945 0.123145
Cyclist -1 -1 -10 67.000000 206.000000 252.000000 284.000000 1.676295 0.643014 1.820868 -9.440756 1.829369 14.836940 -1.475146 0.054205
Cyclist -1 -1 -10 107.000000 192.000000 205.000000 276.000000 1.672452 0.634016 1.821120 -9.500728 1.831787 14.882554 -1.479531 0.028687
