Pedestrian -1 -1 -10 512.000000 174.000000 529.000000 217.000000 1.690046 0.653141 0.643488 -3.593828 1.891468 28.787147 1.531696 0.246484
Pedestrian -1 -1 -10 706.000000 162.000000 722.000000 213.000000 1.794766 0.682395 0.968742 4.057246 1.494057 28.312180 1.313394 0.238665
Pedestrian -1 -1 -10 466.000000 169.000000 478.000000 214.000000 1.725840 0.588807 0.759145 -8.582311 1.218246 43.964833 -1.335695 0.152878
Pedestrian -1 -1 -10 416.000000 177.000000 442.000000 258.000000 1.685201 0.641117 0.663501 -3.667019 1.778655 14.481363 1.462496 0.104855
Pedestrian -1 -1 -10 522.000000 174.000000 532.000000 209.000000 1.582961 0.619159 0.687246 -1.478013 0.716119 13.586976 -0.046759 0.037978
Pedestrian -1 -1 -10 458.000000 172.000000 481.000000 231.000000 1.677667 0.593704 0.596317 -2.679247 1.405759 15.594283 0.361116 0.027542
Pedestrian -1 -1 -10 634.000000 172.000000 641.000000 197.000000 1.755695 0.653747 0.910918 1.987708 1.736299 53.083385 -1.469221 0.019635
Car -1 -1 -10 0.000000 199.000000 227.000000 374.000000 1.537236 1.618586 3.844177 -4.964312 1.779615 6.188682 1.549359 0.954379
Car -1 -1 -10 914.000000 169.000000 1232.000000 375.000000 1.516469 1.616571 3.791586 2.419865 1.690882 2.119777 1.573338 0.923182
Car -1 -1 -10 387.000000 184.000000 472.000000 246.000000 1.460819 1.606697 3.982258 -5.218832 1.948743 21.787466 1.450433 0.882903
Car -1 -1 -10 501.000000 176.000000 535.000000 210.000000 1.526275 1.653010 3.898384 -5.092144 2.175854 40.565666 1.934655 0.089044
Car -1 -1 -10 1065.000000 176.000000 1241.000000 351.000000 1.543325 1.484956 3.587131 5.353005 1.527739 6.573763 1.653306 0.051126
Car -1 -1 -10 46.000000 207.000000 218.000000 297.000000 1.463789 1.598462 3.785323 -5.008370 1.684358 6.109142 1.569509 0.011037
Cyclist -1 -1 -10 448.000000 171.000000 489.000000 268.000000 1.737338 0.614200 1.746138 -2.973177 1.795187 14.721179 1.573026 0.999648
Cyclist -1 -1 -10 405.000000 175.000000 453.000000 273.000000 1.749631 0.591438 1.803728 -3.597797 1.837234 14.290290 1.560102 0.998808
Cyclist -1 -1 -10 511.000000 174.000000 530.000000 215.000000 1.636255 0.526548 1.656095 -3.608983 1.768247 28.670762 1.572338 0.995932
Cyclist -1 -1 -10 388.000000 183.000000 474.000000 248.000000 1.714837 0.496268 1.363471 -4.424817 2.305887 18.734016 0.770985 0.845200
Cyclist -1 -1 -10 416.000000 177.000000 442.000000 258.000000 1.669721 0.520824 1.761914 -3.638628 1.773219 14.362758 1.559318 0.058564
Cyclist -1 -1 -10 871.000000 157.000000 1275.000000 377.000000 1.682683 0.689365 1.815395 1.949644 1.731444 2.881406 -1.543255 0.032645
Cyclist -1 -1 -10 521.000000 174.000000 531.000000 209.000000 1.682924 0.574203 1.617414 -3.513416 1.765942 28.686139 -1.801677 0.025702
Cyclist -1 -1 -10 800.000000 156.000000 1034.000000 368.000000 1.688096 0.507309 1.659156 2.079669 1.694682 3.120339 -1.690677 0.024449
Cyclist -1 -1 -10 458.000000 172.000000 481.000000 231.000000 1.721722 0.517414 1.599470 -3.089499 1.465360 17.351498 -1.111703 0.010527
