Pedestrian -1 -1 -10 386.000000 159.000000 401.000000 213.000000 1.646960 0.584085 0.576566 -4.481242 1.066761 15.090172 -0.224356 0.435980
Pedestrian -1 -1 -10 396.000000 171.000000 406.000000 214.000000 1.645299 0.578996 0.572472 -4.523870 1.145794 15.884210 -0.214739 0.107462
Pedestrian -1 -1 -10 416.000000 168.000000 423.000000 220.000000 1.705700 0.581327 0.598987 -7.701373 1.435704 28.837744 0.272574 0.048995
Pedestrian -1 -1 -10 393.000000 175.000000 416.000000 215.000000 1.725590 0.615011 0.598158 -8.098906 1.499128 28.405859 2.365022 0.022896
Pedestrian -1 -1 -10 402.000000 172.000000 426.000000 217.000000 1.751418 0.640980 0.677734 -7.789667 1.554128 28.436593 -1.897587 0.013216
Pedestrian -1 -1 -10 252.000000 177.000000 269.000000 218.000000 1.675931 0.568752 0.602107 -9.890099 1.693816 21.184758 -1.994312 0.011517
Car -1 -1 -10 638.000000 178.000000 681.000000 212.000000 1.530838 1.638877 3.998863 2.200967 1.750785 33.416148 1.546076 0.999405
Car -1 -1 -10 552.000000 170.000000 583.000000 196.000000 1.679051 1.623990 3.975114 -3.016007 1.674828 51.692237 1.607893 0.998915
Car -1 -1 -10 424.000000 182.000000 532.000000 257.000000 1.427298 1.575084 3.770472 -2.857024 1.664727 16.303607 -1.559500 0.998605
Car -1 -1 -10 179.000000 172.000000 459.000000 357.000000 1.710155 1.673675 4.078293 -3.095002 1.697680 8.573426 1.566065 0.998274
Car -1 -1 -10 635.000000 171.000000 659.000000 197.000000 1.390024 1.524795 3.259490 1.223501 1.213818 22.192827 0.828456 0.065814
Cyclist -1 -1 -10 251.000000 177.000000 271.000000 223.000000 1.660712 0.565843 1.544002 -9.445849 1.371841 19.543509 -2.067192 0.088897
