Car -1 -1 -10 572.000000 171.000000 656.000000 250.000000 1.554843 1.658220 3.784115 0.042806 1.333971 16.654376 -1.580795 0.999423
Car -1 -1 -10 367.000000 184.000000 470.000000 248.000000 1.449353 1.560736 3.634864 -4.687777 1.435241 17.941810 -1.589412 0.999345
Car -1 -1 -10 279.000000 179.000000 381.000000 234.000000 1.468332 1.599027 3.842540 -8.335868 1.327852 21.933093 -1.560776 0.998516
Car -1 -1 -10 448.000000 179.000000 517.000000 223.000000 1.542098 1.639776 4.076749 -4.599366 1.238041 26.095262 -1.604516 0.997694
Car -1 -1 -10 127.000000 179.000000 252.000000 229.000000 1.544559 1.609768 3.770230 -12.957113 1.394263 22.445592 -1.537913 0.963370
Car -1 -1 -10 1.000000 180.000000 282.000000 372.000000 1.506661 1.622654 3.798090 -4.108407 1.537761 5.448775 -1.550351 0.907897
Car -1 -1 -10 607.000000 167.000000 643.000000 209.000000 1.524241 1.504203 3.205061 0.651720 1.326060 31.679437 1.606936 0.057205
Car -1 -1 -10 594.000000 171.000000 650.000000 225.000000 1.543724 1.626890 3.731515 -0.205430 1.310787 32.687142 -1.575058 0.017430
Car -1 -1 -10 376.000000 166.000000 418.000000 206.000000 1.739873 1.645424 3.802603 -12.301482 0.978520 41.240556 -1.775173 0.015978
Car -1 -1 -10 44.000000 184.000000 241.000000 241.000000 1.583996 1.663366 4.230026 -14.199205 1.500752 23.123221 -3.668593 0.011188
