Pedestrian -1 -1 -10 697.000000 170.000000 705.000000 215.000000 1.744971 0.667132 0.911265 5.242513 1.634802 41.991922 -1.037521 0.137544
Pedestrian -1 -1 -10 695.000000 171.000000 711.000000 219.000000 1.663531 0.543964 0.724167 5.373917 1.423741 38.487901 2.647169 0.089550
Pedestrian -1 -1 -10 701.000000 180.000000 722.000000 215.000000 1.700546 0.639013 0.521925 4.636179 1.976140 32.985842 -1.456961 0.052753
Pedestrian -1 -1 -10 705.000000 177.000000 715.000000 217.000000 1.697186 0.634941 0.632501 4.444731 1.910430 31.987821 2.687287 0.024177
Pedestrian -1 -1 -10 695.000000 173.000000 702.000000 213.000000 1.740840 0.603025 0.797350 5.186970 1.762770 42.458708 -1.830615 0.019097
Pedestrian -1 -1 -10 709.000000 178.000000 718.000000 218.000000 1.697396 0.588982 0.653895 4.582812 1.867298 32.022493 -0.925893 0.014490
Car -1 -1 -10 535.000000 181.000000 576.000000 213.000000 1.517799 1.655612 4.144573 -2.688068 1.912486 35.470718 1.535614 0.998879
Car -1 -1 -10 674.000000 187.000000 761.000000 251.000000 1.472110 1.633653 3.818908 2.626155 1.818144 18.366010 -1.550556 0.998684
Car -1 -1 -10 647.000000 182.000000 693.000000 220.000000 1.511140 1.607507 3.777048 2.407324 1.975208 31.083194 1.161397 0.995882
Car -1 -1 -10 226.000000 192.000000 491.000000 356.000000 1.485652 1.644799 4.138421 -2.680280 1.717987 8.748754 1.566818 0.992820
