Car -1 -1 -10 302.000000 193.000000 445.000000 300.000000 1.576723 1.546207 3.614178 -3.945460 1.968712 12.406827 1.489381 0.998672
Car -1 -1 -10 753.000000 189.000000 974.000000 322.000000 1.481234 1.605144 3.718180 3.277489 1.742216 9.953708 -1.591361 0.998148
Car -1 -1 -10 681.000000 172.000000 799.000000 266.000000 1.628619 1.646833 3.830780 2.477710 1.676900 15.408027 -1.621546 0.997658
Car -1 -1 -10 853.000000 202.000000 1247.000000 375.000000 1.475256 1.637075 4.024536 3.407233 1.754982 5.288608 -1.584563 0.996999
Car -1 -1 -10 440.000000 172.000000 516.000000 233.000000 1.858564 1.727218 4.362764 -4.468416 1.963173 24.101686 -1.629144 0.991184
Car -1 -1 -10 0.000000 203.000000 347.000000 376.000000 1.568440 1.626181 3.962267 -3.618885 1.916459 5.740782 1.508570 0.991014
Car -1 -1 -10 630.000000 179.000000 686.000000 222.000000 1.465339 1.599060 3.961372 1.761982 1.758541 28.098951 -1.616370 0.987973
Car -1 -1 -10 508.000000 179.000000 538.000000 204.000000 1.481417 1.612271 3.818272 -5.537513 1.902819 45.241425 1.542873 0.984510
Car -1 -1 -10 652.000000 176.000000 738.000000 239.000000 1.509069 1.586545 3.721603 3.104347 1.596874 16.356541 -0.836030 0.903400
Car -1 -1 -10 624.000000 178.000000 657.000000 209.000000 1.716198 1.569891 3.499131 1.784765 1.847171 35.078376 -1.652368 0.520421
