Car -1 -1 -10 677.000000 177.000000 751.000000 224.000000 1.499352 1.632299 3.963919 3.111917 1.573260 22.996460 -1.582829 0.998217
Car -1 -1 -10 428.000000 189.000000 490.000000 229.000000 1.453098 1.590596 3.929564 -5.891157 2.094391 28.594123 1.595689 0.997462
Car -1 -1 -10 885.000000 144.000000 1102.000000 215.000000 1.561627 1.688869 4.159573 9.120628 1.008226 16.925703 3.215296 0.997154
Car -1 -1 -10 355.000000 192.000000 446.000000 248.000000 1.451419 1.593724 3.982032 -6.057180 2.054749 21.057658 1.560915 0.996602
Car -1 -1 -10 241.000000 199.000000 386.000000 285.000000 1.471538 1.570414 3.748769 -6.024752 2.080433 14.985872 1.559472 0.996464
Car -1 -1 -10 666.000000 175.000000 722.000000 218.000000 1.568690 1.615295 3.714674 3.069193 1.692150 28.235906 -1.592636 0.989749
Car -1 -1 -10 10.000000 205.000000 300.000000 350.000000 1.467461 1.607857 3.887029 -6.009283 2.035726 10.243497 1.565231 0.961947
Car -1 -1 -10 650.000000 177.000000 691.000000 207.000000 1.538575 1.600164 3.868297 3.176256 1.789175 38.279086 1.500122 0.771199
Car -1 -1 -10 462.000000 186.000000 509.000000 218.000000 1.586238 1.608962 3.993784 -5.954585 2.188157 34.770184 1.577458 0.608968
Car -1 -1 -10 787.000000 157.000000 936.000000 205.000000 1.487101 1.648459 4.102791 8.159954 1.246514 24.855335 3.296433 0.418045
Car -1 -1 -10 0.000000 227.000000 67.000000 369.000000 1.508846 1.585760 3.802205 -6.002162 2.118451 5.176668 1.566520 0.200982
Car -1 -1 -10 493.000000 184.000000 531.000000 209.000000 1.545223 1.591565 3.973443 -5.830522 2.119316 43.446978 1.738118 0.070219
Car -1 -1 -10 823.000000 148.000000 1007.000000 205.000000 1.573894 1.608522 3.930231 8.879838 1.003618 22.019233 3.119205 0.054094
