Pedestrian -1 -1 -10 677.000000 170.000000 691.000000 213.000000 1.778955 0.563648 0.952919 3.213722 1.724298 30.852875 -0.483997 0.936685
Car -1 -1 -10 462.000000 180.000000 515.000000 212.000000 1.436917 1.578396 3.733775 -5.729498 1.754894 33.671737 1.064603 0.998760
Car -1 -1 -10 338.000000 181.000000 416.000000 208.000000 1.543312 1.621485 4.015738 -13.170952 1.968718 40.341758 0.359398 0.996511
Car -1 -1 -10 -1.000000 193.000000 238.000000 369.000000 1.509278 1.604835 3.761927 -5.838777 1.778209 8.067503 1.554535 0.987690
Car -1 -1 -10 836.000000 195.000000 1254.000000 376.000000 1.502737 1.613603 3.960062 3.070165 1.657696 4.387507 -1.601183 0.972022
Car -1 -1 -10 50.000000 183.000000 155.000000 234.000000 1.528398 1.603610 3.711047 -17.750085 1.688059 25.983402 -1.645856 0.532154
Car -1 -1 -10 131.000000 180.000000 213.000000 253.000000 1.485844 1.562287 3.725749 -15.045985 1.743503 25.268647 1.377429 0.427915
Car -1 -1 -10 3.000000 187.000000 86.000000 238.000000 1.549050 1.496305 3.283931 -18.397817 2.072136 26.099017 -1.556173 0.192812
Car -1 -1 -10 0.000000 187.000000 145.000000 263.000000 1.524750 1.606637 3.870407 -17.456264 1.658805 26.112773 -1.614217 0.127386
Car -1 -1 -10 0.000000 196.000000 123.000000 331.000000 1.471091 1.566314 3.797440 -5.718684 1.686674 8.028663 1.419987 0.046190
Car -1 -1 -10 51.000000 194.000000 231.000000 298.000000 1.522856 1.533397 3.357438 -6.219442 1.589826 10.201024 0.394291 0.039803
Cyclist -1 -1 -10 125.000000 183.000000 214.000000 263.000000 1.676886 0.497184 1.577236 -5.270977 1.721303 8.641980 -2.136235 0.012250
