Pedestrian -1 -1 -10 235.000000 186.000000 248.000000 215.000000 1.699746 0.587757 0.511016 -19.611118 2.391656 38.381140 2.200790 0.785598
Pedestrian -1 -1 -10 207.000000 184.000000 227.000000 220.000000 1.614879 0.592982 0.647085 -7.640900 1.023113 14.308706 -0.433456 0.774319
Pedestrian -1 -1 -10 229.000000 187.000000 255.000000 221.000000 1.617331 0.592636 0.651443 -7.230106 1.003944 14.444588 -0.408038 0.086233
Pedestrian -1 -1 -10 206.000000 185.000000 247.000000 224.000000 1.622814 0.593454 0.647739 -7.284035 0.960984 13.928608 -0.423713 0.057030
Pedestrian -1 -1 -10 183.000000 195.000000 264.000000 236.000000 1.756514 0.669168 0.884013 -15.639310 2.999331 29.176174 0.474584 0.013387
Car -1 -1 -10 597.000000 174.000000 630.000000 204.000000 1.586024 1.605888 3.933016 0.816182 1.948038 43.238270 -1.622438 0.998821
Car -1 -1 -10 183.000000 196.000000 264.000000 236.000000 1.555754 1.590294 3.836503 -16.189534 2.581198 30.407908 1.550030 0.997193
Car -1 -1 -10 0.000000 205.000000 88.000000 286.000000 1.493133 1.594590 3.841282 -12.646163 2.208110 14.797414 1.559436 0.750655
Cyclist -1 -1 -10 186.000000 192.000000 258.000000 236.000000 1.663928 0.839350 1.847764 -15.824122 2.910110 29.207027 -1.003941 0.082687
Cyclist -1 -1 -10 203.000000 185.000000 227.000000 221.000000 1.702155 0.501984 1.359785 -8.937618 1.177037 16.481871 0.484500 0.023557
Cyclist -1 -1 -10 206.000000 185.000000 247.000000 224.000000 1.698141 0.512777 1.370866 -8.472109 1.098378 16.033752 0.507679 0.016362
Cyclist -1 -1 -10 229.000000 187.000000 254.000000 219.000000 1.677955 0.514024 1.434749 -15.455484 2.314601 30.224393 -2.089691 0.014581
