Car -1 -1 -10 553.000000 184.000000 710.000000 333.000000 1.461021 1.658157 3.712025 0.191024 1.661525 9.073322 -1.563917 0.999636
Car -1 -1 -10 689.000000 178.000000 745.000000 216.000000 1.422025 1.643082 4.026993 4.297002 1.693372 29.217083 -1.580525 0.998655
Car -1 -1 -10 2.000000 173.000000 373.000000 374.000000 1.596769 1.616783 3.735774 -3.268409 1.724259 5.431779 -1.565344 0.994278
Car -1 -1 -10 439.000000 178.000000 522.000000 240.000000 1.540450 1.611600 3.862855 -3.519355 1.719740 20.020139 -1.579795 0.961860
Car -1 -1 -10 470.000000 168.000000 537.000000 221.000000 1.681686 1.597330 3.824615 -3.693094 1.571853 26.504291 -1.560272 0.810086
Car -1 -1 -10 573.000000 179.000000 655.000000 269.000000 1.539697 1.615556 3.739314 0.134895 1.540277 20.009203 -1.576061 0.606525
Car -1 -1 -10 210.000000 178.000000 272.000000 214.000000 1.551497 1.616725 3.909213 -24.940844 2.466129 46.946423 -3.434944 0.068030
Car -1 -1 -10 969.000000 86.000000 1238.000000 369.000000 1.789712 1.701768 4.112077 3.736842 1.262975 4.223007 -1.526165 0.028762
Car -1 -1 -10 819.000000 203.000000 1045.000000 357.000000 1.479475 1.607094 3.806137 3.650375 1.708333 7.855021 -1.578186 0.026218
Car -1 -1 -10 0.000000 186.000000 177.000000 367.000000 1.519353 1.531919 3.293307 -3.479357 1.427409 4.994116 1.470712 0.019565
Car -1 -1 -10 405.000000 189.000000 501.000000 245.000000 1.573733 1.620464 3.695503 -3.645350 1.864179 19.162483 -1.775921 0.012530
Cyclist -1 -1 -10 569.000000 183.000000 657.000000 265.000000 1.677954 0.514024 1.434748 0.074670 1.438842 18.581616 -1.613869 0.032854
Cyclist -1 -1 -10 191.000000 178.000000 289.000000 229.000000 1.672961 0.521572 1.476894 -23.459503 2.736446 44.174717 -2.095226 0.012230
Cyclist -1 -1 -10 145.000000 183.000000 241.000000 226.000000 1.753225 0.749519 1.720260 -23.789945 2.203405 40.491071 -3.666459 0.011024
