Pedestrian -1 -1 -10 825.000000 157.000000 921.000000 377.000000 1.767733 0.654900 0.951777 2.096461 1.577803 5.791963 -1.262745 0.998122
Pedestrian -1 -1 -10 195.000000 166.000000 284.000000 372.000000 1.703949 0.650963 0.968689 -3.320291 1.600563 6.476029 -1.619251 0.996662
Pedestrian -1 -1 -10 758.000000 167.000000 835.000000 373.000000 1.672018 0.603109 0.695225 1.441914 1.563644 5.731861 -1.742938 0.995799
Pedestrian -1 -1 -10 1035.000000 162.000000 1114.000000 335.000000 1.664142 0.669069 0.668796 4.845932 1.456330 7.480248 -1.001600 0.968283
Pedestrian -1 -1 -10 898.000000 166.000000 930.000000 235.000000 1.736665 0.646535 0.821068 7.811432 1.389761 18.094007 3.065740 0.544074
Pedestrian -1 -1 -10 1174.000000 151.000000 1211.000000 237.000000 1.689568 0.531951 0.721219 11.808979 0.966909 14.473933 -0.248168 0.523204
Pedestrian -1 -1 -10 488.000000 179.000000 506.000000 228.000000 1.738340 0.694405 0.723815 -3.975946 1.622850 27.217361 -1.350625 0.107387
Pedestrian -1 -1 -10 1013.000000 172.000000 1031.000000 228.000000 1.695694 0.710640 0.676701 10.791329 1.317589 18.267566 2.141439 0.043179
Pedestrian -1 -1 -10 1140.000000 155.000000 1173.000000 227.000000 1.751128 0.683000 0.849450 13.636289 1.195465 17.785633 3.336850 0.034700
Pedestrian -1 -1 -10 587.000000 176.000000 601.000000 217.000000 1.800519 0.670511 0.804902 -0.373732 1.630278 33.845456 1.411371 0.026567
Pedestrian -1 -1 -10 1148.000000 153.000000 1191.000000 235.000000 1.742585 0.650679 0.734733 12.423557 1.849078 15.703595 3.307009 0.020346
Car -1 -1 -10 527.000000 171.000000 584.000000 220.000000 1.974528 1.799883 4.388878 -2.145777 1.676586 32.655904 1.606481 0.172613
Car -1 -1 -10 598.000000 174.000000 631.000000 204.000000 1.585346 1.630743 3.756697 0.889475 2.053097 51.019126 -1.540810 0.023078
Cyclist -1 -1 -10 351.000000 178.000000 426.000000 269.000000 1.696100 0.496665 1.753072 -4.262752 1.588868 14.008539 0.199355 0.984841
Cyclist -1 -1 -10 1027.000000 163.000000 1124.000000 337.000000 1.727098 0.475434 1.665165 4.901679 1.430519 7.629004 -1.406818 0.713238
Cyclist -1 -1 -10 898.000000 166.000000 930.000000 235.000000 1.725458 0.603514 1.728417 7.696464 1.344350 18.007074 2.549604 0.429015
Cyclist -1 -1 -10 879.000000 168.000000 1169.000000 364.000000 1.698077 0.550334 1.735141 2.596168 1.600891 4.689595 1.527867 0.019449
Cyclist -1 -1 -10 822.000000 157.000000 930.000000 375.000000 1.775487 0.525399 1.711100 2.033531 1.562412 5.925500 -1.756042 0.013336
