Pedestrian -1 -1 -10 394.000000 167.000000 422.000000 244.000000 1.734694 0.629009 0.645181 -4.570908 1.385335 16.813987 2.754924 0.940238
Pedestrian -1 -1 -10 498.000000 181.000000 525.000000 244.000000 1.588413 0.713947 0.897190 -2.077893 1.598256 16.565992 -1.740768 0.445064
Pedestrian -1 -1 -10 386.000000 164.000000 407.000000 243.000000 1.767800 0.644242 0.847609 -5.068269 1.354560 17.328826 -0.777457 0.125717
Pedestrian -1 -1 -10 472.000000 185.000000 496.000000 243.000000 1.588243 0.723638 0.888297 -2.763902 1.620270 16.629869 -1.721026 0.084723
Pedestrian -1 -1 -10 487.000000 184.000000 516.000000 242.000000 1.644419 0.695744 0.824195 -2.298732 1.605906 16.565653 -1.367866 0.032532
Pedestrian -1 -1 -10 845.000000 165.000000 857.000000 215.000000 1.722773 0.720001 0.595819 6.715590 1.504582 19.302809 -0.808140 0.020535
Pedestrian -1 -1 -10 483.000000 186.000000 501.000000 242.000000 1.683280 0.612588 0.624024 -2.566685 2.208268 16.790221 2.371844 0.013971
Pedestrian -1 -1 -10 1012.000000 122.000000 1045.000000 223.000000 1.645630 0.621323 0.694800 8.811698 0.874517 14.960469 2.602150 0.011477
Car -1 -1 -10 711.000000 158.000000 855.000000 270.000000 1.786333 1.690016 3.882608 3.238961 1.423007 13.631421 -1.638581 0.988493
Cyclist -1 -1 -10 862.000000 203.000000 998.000000 368.000000 1.620910 0.561440 1.673102 2.479905 2.011872 6.058389 -2.180417 0.012232
