Pedestrian -1 -1 -10 824.000000 152.000000 851.000000 197.000000 1.722732 0.532508 0.604475 4.448338 1.338658 13.182982 3.290095 0.028155
Car -1 -1 -10 350.000000 187.000000 452.000000 248.000000 1.529027 1.641108 3.968988 -5.657253 1.950852 19.906212 1.570114 0.999168
Car -1 -1 -10 412.000000 185.000000 484.000000 230.000000 1.472929 1.566457 3.806156 -5.599841 1.922935 25.246934 1.589549 0.995620
Car -1 -1 -10 -2.000000 190.000000 282.000000 371.000000 1.626454 1.649600 3.907205 -5.800801 1.886759 8.705351 -1.547787 0.987860
Car -1 -1 -10 891.000000 170.000000 1239.000000 374.000000 1.522148 1.630392 3.973965 3.101799 1.673697 3.940290 -1.522478 0.986525
Car -1 -1 -10 762.000000 156.000000 877.000000 194.000000 1.629799 1.656227 4.081639 9.654570 1.020775 32.203669 3.277872 0.972974
Car -1 -1 -10 445.000000 183.000000 502.000000 222.000000 1.490803 1.557191 3.714034 -5.548278 1.918950 30.105887 1.595043 0.897897
Car -1 -1 -10 662.000000 174.000000 703.000000 200.000000 1.575024 1.631211 4.035729 3.752783 1.437232 38.013168 -1.579916 0.607405
Car -1 -1 -10 473.000000 183.000000 520.000000 212.000000 1.517092 1.571199 3.822124 -5.409271 1.954460 36.011225 1.581041 0.391280
Car -1 -1 -10 1069.000000 139.000000 1222.000000 178.000000 1.574528 1.655680 4.161143 23.302428 0.272815 31.426016 -1.959461 0.351928
Car -1 -1 -10 734.000000 161.000000 836.000000 192.000000 1.562981 1.645663 4.043143 8.785413 1.232564 37.327209 -0.299650 0.145843
Car -1 -1 -10 1024.000000 144.000000 1132.000000 176.000000 1.559358 1.593497 3.701368 23.305335 0.148946 36.562000 -0.002121 0.091115
Car -1 -1 -10 503.000000 180.000000 543.000000 206.000000 1.550732 1.574400 3.910998 -5.122587 1.939208 43.576108 1.662018 0.066600
Cyclist -1 -1 -10 776.000000 153.000000 876.000000 192.000000 1.630827 0.765385 1.775681 9.233004 1.056495 31.667409 3.294812 0.040253
