Car -1 -1 -10 703.000000 179.000000 819.000000 265.000000 1.451337 1.589795 3.733004 2.894439 1.579238 14.232449 -1.597727 0.995514
Car -1 -1 -10 651.000000 172.000000 694.000000 207.000000 1.488631 1.595008 3.771131 2.640373 1.545511 31.916215 -1.585889 0.992775
Car -1 -1 -10 213.000000 164.000000 431.000000 257.000000 1.721631 1.662420 3.867088 -6.045820 1.622257 15.622991 0.178803 0.992523
Car -1 -1 -10 -14.000000 182.000000 302.000000 326.000000 1.438062 1.616417 3.989581 -6.218606 1.637263 8.220476 -3.240576 0.990229
Car -1 -1 -10 732.000000 160.000000 1012.000000 347.000000 1.745383 1.671487 4.170710 2.707777 1.664308 8.954010 -1.613209 0.989260
Car -1 -1 -10 674.000000 173.000000 761.000000 235.000000 1.523964 1.623579 3.813099 2.820719 1.574986 19.836268 -1.564849 0.979756
Car -1 -1 -10 84.000000 170.000000 376.000000 279.000000 1.637174 1.631870 3.881161 -6.553385 1.710183 11.824745 -3.189371 0.931248
Car -1 -1 -10 306.000000 166.000000 466.000000 226.000000 1.555926 1.586285 3.755023 -6.138881 1.446617 22.392027 -3.143660 0.903420
Car -1 -1 -10 391.000000 169.000000 510.000000 210.000000 1.542746 1.603952 3.993187 -6.325270 1.577911 30.758358 0.238916 0.831204
Car -1 -1 -10 0.000000 200.000000 189.000000 372.000000 1.445584 1.629316 4.025429 -6.118450 1.781002 6.386657 -0.080501 0.588811
