Pedestrian -1 -1 -10 405.000000 180.000000 414.000000 216.000000 1.786621 0.668964 0.794965 -12.242600 2.239424 44.149238 1.459024 0.158710
Pedestrian -1 -1 -10 373.000000 182.000000 417.000000 273.000000 1.703365 0.758559 0.671344 -4.076671 1.838214 13.640258 1.349531 0.031727
Pedestrian -1 -1 -10 378.000000 186.000000 407.000000 238.000000 1.683280 0.612588 0.624023 -6.027922 1.565492 19.615319 2.229566 0.022648
Pedestrian -1 -1 -10 390.000000 184.000000 410.000000 232.000000 1.704439 0.643656 0.638049 -3.771687 1.545792 13.846181 2.307576 0.011384
Car -1 -1 -10 694.000000 183.000000 860.000000 295.000000 1.504665 1.612635 3.596393 2.477836 1.683328 11.511515 -1.698421 0.999633
Car -1 -1 -10 258.000000 201.000000 385.000000 283.000000 1.510867 1.597110 3.767685 -5.275245 1.936389 14.149864 -1.875211 0.998205
Car -1 -1 -10 570.000000 183.000000 622.000000 223.000000 1.481115 1.592373 3.639975 -0.753143 2.031717 30.432120 -1.742798 0.997515
Car -1 -1 -10 960.000000 194.000000 1243.000000 371.000000 1.549729 1.632760 3.819032 2.814771 1.655454 2.260434 1.536195 0.961930
Car -1 -1 -10 547.000000 184.000000 581.000000 212.000000 1.533089 1.559858 3.508976 -2.479884 2.138520 40.302522 -1.736421 0.712236
Car -1 -1 -10 331.000000 192.000000 405.000000 246.000000 1.537373 1.510474 3.697237 -6.222697 2.270632 18.886434 0.857863 0.168843
Car -1 -1 -10 413.000000 187.000000 452.000000 223.000000 1.539781 1.618512 3.818823 -8.971374 2.368720 35.263175 -1.827066 0.121505
Cyclist -1 -1 -10 418.000000 180.000000 464.000000 265.000000 1.696943 0.562916 1.753954 -3.732492 1.854234 15.665305 1.511043 0.999747
Cyclist -1 -1 -10 370.000000 181.000000 420.000000 281.000000 1.724648 0.553803 1.749680 -4.106047 1.865766 13.453575 1.412720 0.998540
Cyclist -1 -1 -10 339.000000 188.000000 406.000000 268.000000 1.631700 0.528269 1.721584 -4.364767 1.820189 13.541436 1.781320 0.176477
Cyclist -1 -1 -10 415.000000 185.000000 454.000000 225.000000 1.674956 0.565028 1.553532 -8.654504 2.409512 33.868844 -1.816798 0.173470
Cyclist -1 -1 -10 253.000000 198.000000 396.000000 285.000000 1.700798 0.732491 1.870500 -5.072602 2.089872 12.813599 2.758675 0.050222
Cyclist -1 -1 -10 372.000000 187.000000 403.000000 232.000000 1.725083 0.534679 1.588549 -4.219553 1.723651 14.304698 -1.287297 0.027197
Cyclist -1 -1 -10 398.000000 181.000000 413.000000 221.000000 1.732160 0.691120 1.730380 -12.615266 2.373414 44.390954 0.723845 0.020025
Cyclist -1 -1 -10 390.000000 184.000000 410.000000 232.000000 1.720177 0.615670 1.588324 -4.282911 1.757511 14.850727 0.745215 0.010298
