Pedestrian -1 -1 -10 263.000000 170.000000 333.000000 329.000000 1.727492 0.624126 0.865526 -3.553901 1.515724 8.271016 -1.557645 0.997892
Pedestrian -1 -1 -10 769.000000 156.000000 819.000000 264.000000 1.694734 0.537935 0.762594 2.551576 1.380205 9.353554 2.892281 0.982814
Pedestrian -1 -1 -10 847.000000 154.000000 878.000000 238.000000 1.721143 0.665944 0.813624 5.240288 1.095117 14.590353 -1.637245 0.981582
Pedestrian -1 -1 -10 547.000000 176.000000 563.000000 211.000000 1.627790 0.708150 0.938813 -1.972278 1.383618 30.299426 -1.728375 0.090028
Pedestrian -1 -1 -10 486.000000 167.000000 503.000000 211.000000 1.776356 0.613205 0.845230 -4.757866 1.247486 30.855037 -1.218007 0.066842
Pedestrian -1 -1 -10 106.000000 145.000000 150.000000 314.000000 1.826622 0.591873 0.837906 -6.023117 1.422871 8.904678 0.020011 0.027251
Pedestrian -1 -1 -10 485.000000 165.000000 494.000000 211.000000 1.711534 0.601068 0.815609 -4.835323 1.095610 31.042817 -0.669047 0.015732
Pedestrian -1 -1 -10 793.000000 160.000000 814.000000 199.000000 1.733924 0.614736 0.740998 7.405270 0.975863 26.874051 0.835108 0.014202
Pedestrian -1 -1 -10 82.000000 150.000000 117.000000 273.000000 1.758111 0.605287 0.855741 -6.317814 1.187258 9.141095 -3.270225 0.011283
Pedestrian -1 -1 -10 781.000000 160.000000 816.000000 227.000000 1.647296 0.569221 0.575545 5.437368 1.571599 19.008495 2.749955 0.010825
Car -1 -1 -10 664.000000 162.000000 725.000000 214.000000 1.723118 1.650977 3.621027 3.320332 1.076524 27.177121 -1.597257 0.913575
Cyclist -1 -1 -10 689.000000 181.000000 721.000000 221.000000 1.731151 0.674080 1.585687 3.378992 1.124844 25.768264 -2.996815 0.031311
Cyclist -1 -1 -10 669.000000 163.000000 720.000000 215.000000 1.757812 0.608734 1.750255 3.349484 1.193595 25.780165 -0.829382 0.027841
Cyclist -1 -1 -10 768.000000 156.000000 820.000000 265.000000 1.651412 0.587490 1.653804 2.500552 1.275783 9.485138 3.243055 0.012006
