Car -1 -1 -10 681.000000 183.000000 751.000000 233.000000 1.480835 1.584597 3.552047 3.254330 1.800213 22.629096 -1.606441 0.997461
Car -1 -1 -10 238.000000 181.000000 433.000000 256.000000 1.589551 1.607828 3.808379 -6.041188 1.735734 15.825694 0.045285 0.996506
Car -1 -1 -10 97.000000 181.000000 388.000000 272.000000 1.557362 1.671238 3.932972 -6.620525 1.710840 13.167844 -3.195651 0.996253
Car -1 -1 -10 760.000000 178.000000 1023.000000 336.000000 1.595228 1.637696 3.787222 3.179561 1.685590 9.172713 -1.572488 0.993668
Car -1 -1 -10 326.000000 175.000000 479.000000 238.000000 1.634476 1.619391 4.240731 -6.073534 1.820332 20.996349 0.155035 0.974049
Car -1 -1 -10 2.000000 185.000000 231.000000 346.000000 1.530421 1.615532 4.023921 -6.542917 1.609319 7.612533 -3.233686 0.969961
Car -1 -1 -10 890.000000 190.000000 1236.000000 375.000000 1.541221 1.588920 3.879747 3.210581 1.789629 3.894088 -1.575937 0.956274
Car -1 -1 -10 434.000000 177.000000 529.000000 215.000000 1.570752 1.586590 3.731671 -5.023138 1.943439 30.703329 0.862229 0.672978
Car -1 -1 -10 386.000000 175.000000 501.000000 223.000000 1.550735 1.615131 3.857895 -5.710469 1.647956 28.172728 -3.248806 0.500390
Car -1 -1 -10 726.000000 181.000000 816.000000 218.000000 1.509953 1.585408 3.895154 7.225875 1.958236 30.001241 0.050113 0.155886
