Pedestrian -1 -1 -10 970.000000 152.000000 1016.000000 278.000000 1.734041 0.620034 0.822734 5.440684 1.302821 10.048085 -1.587708 0.972482
Pedestrian -1 -1 -10 1054.000000 139.000000 1236.000000 375.000000 1.719223 0.621093 0.868709 2.593372 1.515260 3.384801 2.690054 0.938047
Pedestrian -1 -1 -10 469.000000 173.000000 490.000000 227.000000 1.762312 0.658915 0.848256 -4.323731 1.531034 24.773741 2.461431 0.781984
Pedestrian -1 -1 -10 -1.000000 154.000000 80.000000 369.000000 1.703230 0.596292 0.594929 -3.416406 1.381201 4.742689 2.357255 0.529411
Pedestrian -1 -1 -10 541.000000 184.000000 561.000000 227.000000 1.604468 0.712193 0.847940 -1.695439 1.784962 24.399977 -1.333396 0.279269
Pedestrian -1 -1 -10 452.000000 161.000000 465.000000 215.000000 1.718454 0.579339 0.730730 -4.761303 1.400233 23.679675 0.432060 0.106840
Pedestrian -1 -1 -10 526.000000 185.000000 544.000000 227.000000 1.640243 0.662952 0.825829 -2.277273 1.731102 24.326529 -2.124536 0.104014
Pedestrian -1 -1 -10 1147.000000 27.000000 1229.000000 283.000000 1.689484 0.513521 0.580007 9.039664 1.642248 10.504532 3.666924 0.050459
Pedestrian -1 -1 -10 3.000000 156.000000 167.000000 372.000000 1.663257 0.609432 0.535747 -2.724089 1.612723 3.784132 1.963221 0.048955
Pedestrian -1 -1 -10 538.000000 184.000000 550.000000 226.000000 1.716435 0.622047 0.713721 -2.126660 1.749492 25.524649 1.938137 0.017507
Pedestrian -1 -1 -10 1173.000000 36.000000 1235.000000 191.000000 1.728735 0.521631 0.887458 7.298393 0.734448 8.844626 3.151327 0.012095
Pedestrian -1 -1 -10 0.000000 171.000000 106.000000 264.000000 1.667988 0.588866 0.591783 -5.825706 1.602080 8.072966 -1.591794 0.011966
Car -1 -1 -10 686.000000 168.000000 766.000000 236.000000 1.725125 1.663740 3.661316 3.516059 1.413804 21.287737 -1.595926 0.984168
Car -1 -1 -10 1054.000000 132.000000 1236.000000 374.000000 1.523645 1.588767 3.553781 3.615244 1.214316 3.801186 0.655026 0.011274
Car -1 -1 -10 2.000000 148.000000 95.000000 369.000000 1.493437 1.594314 3.777537 -2.748039 1.342395 5.227513 -1.674741 0.010937
Cyclist -1 -1 -10 1052.000000 136.000000 1237.000000 372.000000 1.664811 0.717850 1.736065 2.669959 1.334600 3.507927 3.733480 0.370428
Cyclist -1 -1 -10 467.000000 176.000000 492.000000 226.000000 1.757390 0.551332 1.694225 -4.438026 1.585889 25.217671 -2.141875 0.167361
Cyclist -1 -1 -10 687.000000 166.000000 768.000000 235.000000 1.794579 0.765733 1.819072 3.190095 1.342926 19.768813 0.225718 0.056420
Cyclist -1 -1 -10 2.000000 148.000000 95.000000 369.000000 1.739873 0.572917 1.489081 -3.802578 1.546115 4.959499 2.450879 0.013425
