Pedestrian -1 -1 -10 -1.000000 226.000000 42.000000 373.000000 1.701049 0.549464 0.657339 -4.412981 2.262500 5.149341 1.897578 0.015326
Car -1 -1 -10 669.000000 186.000000 747.000000 243.000000 1.411295 1.654636 3.922926 2.644554 1.808920 20.433070 -1.559879 0.999484
Car -1 -1 -10 0.000000 188.000000 219.000000 352.000000 1.521826 1.611954 3.907645 -6.071254 1.613972 6.993142 -3.160870 0.991922
Car -1 -1 -10 70.000000 182.000000 410.000000 284.000000 1.542303 1.623285 4.206273 -5.912293 1.735264 12.675997 -0.001736 0.990990
Car -1 -1 -10 740.000000 181.000000 836.000000 228.000000 1.490278 1.591497 3.780564 6.316393 1.866037 25.475827 0.078171 0.967129
Car -1 -1 -10 454.000000 178.000000 539.000000 211.000000 1.499984 1.598782 4.042948 -6.077461 1.903434 34.728128 -3.045541 0.913511
Car -1 -1 -10 328.000000 180.000000 492.000000 234.000000 1.569152 1.652149 4.217951 -5.919136 1.822298 22.085534 -0.125733 0.900725
Car -1 -1 -10 281.000000 179.000000 425.000000 246.000000 1.661596 1.615475 4.027783 -6.642330 1.824675 17.684758 0.604330 0.592431
Car -1 -1 -10 394.000000 180.000000 515.000000 223.000000 1.405511 1.562829 3.285227 -4.525888 2.076152 22.468977 0.517985 0.434139
Car -1 -1 -10 690.000000 180.000000 752.000000 218.000000 1.561957 1.611540 3.709164 5.784242 1.995364 38.051452 -1.490467 0.411733
Car -1 -1 -10 413.000000 186.000000 481.000000 218.000000 1.539089 1.573465 3.362640 -5.192296 1.353954 24.497817 0.826788 0.041894
