Car -1 -1 -10 571.000000 179.000000 605.000000 210.000000 1.595800 1.628922 4.031283 -1.202768 1.275892 39.983982 -1.642695 0.999606
Car -1 -1 -10 396.000000 187.000000 480.000000 237.000000 1.428494 1.626267 4.062586 -5.036095 1.514831 21.781171 -1.610217 0.999222
Car -1 -1 -10 307.000000 186.000000 386.000000 231.000000 1.473899 1.580217 3.651224 -8.898715 1.517100 24.555634 -1.590584 0.996313
Car -1 -1 -10 1.000000 199.000000 380.000000 373.000000 1.460153 1.613561 3.945176 -3.384282 1.574669 6.203329 -1.603453 0.994789
Car -1 -1 -10 400.000000 182.000000 447.000000 214.000000 1.597218 1.594943 3.742806 -8.714913 1.526376 34.496421 -1.728132 0.737762
Car -1 -1 -10 189.000000 190.000000 334.000000 253.000000 1.490158 1.614272 3.817709 -7.964865 1.545726 17.176662 -1.592636 0.728226
Car -1 -1 -10 -1.000000 187.000000 165.000000 357.000000 1.479079 1.315277 2.780116 -4.616451 1.560046 6.910856 -1.569766 0.277368
Car -1 -1 -10 368.000000 179.000000 413.000000 205.000000 1.538404 1.652545 4.102785 -13.471394 1.247368 44.777798 -1.464918 0.031921
Car -1 -1 -10 107.000000 191.000000 319.000000 286.000000 1.490632 1.597095 3.708702 -7.936415 1.530319 17.103108 -1.597060 0.027869
Car -1 -1 -10 304.000000 182.000000 363.000000 216.000000 1.520026 1.600058 3.661433 -11.703861 1.385335 30.908470 -1.927600 0.027634
Car -1 -1 -10 432.000000 182.000000 474.000000 209.000000 1.550651 1.415379 2.869275 -5.500076 1.435194 25.788389 0.784820 0.022810
Cyclist -1 -1 -10 65.000000 71.000000 238.000000 210.000000 1.677954 0.514024 1.434748 -12.559393 1.411127 19.912805 -2.182761 0.113116
Cyclist -1 -1 -10 145.000000 65.000000 298.000000 214.000000 1.667131 0.551406 1.709814 -8.085342 1.462304 15.659442 -2.607175 0.057624
Cyclist -1 -1 -10 138.000000 189.000000 332.000000 263.000000 1.713696 0.894187 1.908203 -7.510122 1.587182 15.795801 -1.419799 0.044591
Cyclist -1 -1 -10 13.000000 193.000000 370.000000 383.000000 1.664677 0.675829 1.858652 -2.908296 1.707955 5.509749 1.969976 0.020807
Cyclist -1 -1 -10 61.000000 194.000000 283.000000 294.000000 1.696718 0.560766 1.577628 -12.236252 1.655309 19.931472 -2.115345 0.012064
