Car -1 -1 -10 577.000000 173.000000 646.000000 237.000000 1.547307 1.633928 3.583780 0.033568 1.283137 20.301491 -1.602622 0.999419
Car -1 -1 -10 366.000000 176.000000 486.000000 262.000000 1.626564 1.613002 3.831754 -3.866851 1.426795 15.948834 -1.581035 0.997953
Car -1 -1 -10 243.000000 182.000000 353.000000 245.000000 1.470774 1.562310 3.523796 -8.200023 1.487479 19.223396 -1.582131 0.997706
Car -1 -1 -10 456.000000 177.000000 515.000000 223.000000 1.575122 1.578776 3.652421 -4.598521 1.352042 27.782612 -1.607305 0.995829
Car -1 -1 -10 344.000000 183.000000 401.000000 224.000000 1.498809 1.609737 3.859334 -8.430237 1.406773 27.978349 -1.400508 0.566586
Car -1 -1 -10 512.000000 178.000000 544.000000 204.000000 1.557646 1.646831 3.782395 -5.083734 1.847845 46.961258 -1.686498 0.562867
Car -1 -1 -10 491.000000 179.000000 527.000000 209.000000 1.536175 1.608307 3.862856 -5.196225 1.312404 38.999208 -1.617358 0.201815
Car -1 -1 -10 -5.000000 95.000000 293.000000 374.000000 2.136273 1.738891 4.322681 -4.214888 1.591593 5.382340 -1.519967 0.160524
Car -1 -1 -10 594.000000 172.000000 633.000000 209.000000 1.524240 1.504203 3.205061 1.528209 0.844233 44.252848 1.590942 0.024824
Car -1 -1 -10 579.000000 176.000000 621.000000 212.000000 1.499490 1.584558 3.705676 -0.141863 1.102193 29.572311 -1.609175 0.019015
