Pedestrian -1 -1 -10 682.000000 185.000000 693.000000 215.000000 1.720726 0.638423 0.558869 4.055906 2.300243 37.636076 -0.969527 0.015899
Car -1 -1 -10 621.000000 191.000000 711.000000 257.000000 1.484206 1.586578 3.511618 1.428585 1.986648 18.549824 -1.786969 0.998679
Car -1 -1 -10 752.000000 181.000000 845.000000 216.000000 1.541552 1.641254 4.043441 8.829446 1.967717 33.248101 -0.710589 0.997130
Car -1 -1 -10 555.000000 186.000000 638.000000 222.000000 1.499097 1.581635 3.993634 -0.649651 2.277267 34.000247 2.510128 0.993341
Car -1 -1 -10 874.000000 186.000000 1237.000000 372.000000 1.532408 1.608689 3.799230 2.929177 1.667511 3.659269 -1.620568 0.988981
Car -1 -1 -10 686.000000 184.000000 789.000000 221.000000 1.515056 1.606416 3.963242 5.434758 2.003277 30.300869 -0.660759 0.988955
Car -1 -1 -10 824.000000 184.000000 889.000000 213.000000 1.485351 1.582521 3.680008 12.518477 1.971832 36.013937 -0.651235 0.973256
Car -1 -1 -10 864.000000 176.000000 941.000000 210.000000 1.618379 1.624026 3.836653 15.087633 1.861707 38.745120 -2.235460 0.447140
Car -1 -1 -10 670.000000 186.000000 726.000000 217.000000 1.514670 1.572097 3.674397 5.041717 2.155978 38.354039 2.201717 0.042716
Car -1 -1 -10 683.000000 185.000000 695.000000 214.000000 1.524241 1.504203 3.205060 4.161865 2.097026 38.102861 1.691910 0.015291
Cyclist -1 -1 -10 680.000000 184.000000 690.000000 217.000000 1.682218 0.476258 1.457128 1.923220 1.388612 18.189089 -1.493948 0.032023
Cyclist -1 -1 -10 676.000000 185.000000 701.000000 217.000000 1.671115 0.488239 1.574550 4.059855 2.124586 38.157439 -0.908681 0.016514
