Pedestrian -1 -1 -10 731.000000 190.000000 821.000000 260.000000 1.691393 0.678178 0.922321 3.539639 2.073198 17.273121 0.287277 0.010936
Car -1 -1 -10 844.000000 203.000000 1227.000000 373.000000 1.474370 1.656070 4.241789 3.969795 1.928739 7.488808 1.594822 0.998613
Car -1 -1 -10 758.000000 199.000000 904.000000 292.000000 1.455414 1.635722 4.052569 3.896174 1.927772 13.412011 -1.491674 0.998181
Car -1 -1 -10 530.000000 180.000000 579.000000 217.000000 1.505234 1.657717 3.979528 -2.385828 1.804968 31.198788 1.547809 0.992662
Car -1 -1 -10 727.000000 191.000000 822.000000 255.000000 1.505383 1.567078 3.488028 4.045972 2.034125 18.620115 -1.572679 0.990475
Car -1 -1 -10 702.000000 187.000000 765.000000 234.000000 1.537271 1.603642 3.682841 4.118666 2.075744 25.414274 -1.574520 0.989508
Car -1 -1 -10 683.000000 186.000000 732.000000 223.000000 1.498489 1.596146 3.814731 3.962244 2.013924 30.053893 -1.553273 0.981703
Car -1 -1 -10 439.000000 181.000000 531.000000 272.000000 1.525855 1.586485 3.916636 -2.651342 1.689566 15.217369 1.585827 0.843011
Car -1 -1 -10 284.000000 151.000000 509.000000 340.000000 1.935368 1.718334 4.403921 -2.567719 1.723115 9.838571 -1.568184 0.478568
Car -1 -1 -10 671.000000 185.000000 710.000000 216.000000 1.497297 1.576282 3.678207 4.319085 2.148567 35.345109 -1.559018 0.328899
