Car -1 -1 -10 342.000000 196.000000 465.000000 263.000000 1.415016 1.612837 3.806751 -5.056461 1.981587 17.007893 -2.201302 0.999493
Car -1 -1 -10 225.000000 191.000000 286.000000 228.000000 1.466130 1.640610 3.916915 -14.405756 2.133025 29.225181 -2.168623 0.998671
Car -1 -1 -10 819.000000 175.000000 932.000000 235.000000 1.477471 1.641493 4.081469 6.394421 1.465152 17.826399 1.766553 0.998031
Car -1 -1 -10 734.000000 174.000000 807.000000 229.000000 1.450185 1.560243 3.689001 4.223804 1.481063 19.155099 1.746132 0.965627
Car -1 -1 -10 207.000000 189.000000 264.000000 222.000000 1.527487 1.576972 3.635962 -17.462374 2.331776 33.013482 -2.179393 0.963554
Car -1 -1 -10 409.000000 176.000000 501.000000 214.000000 1.578433 1.630278 3.984124 -7.090685 1.759094 33.066450 -3.190369 0.916206
Car -1 -1 -10 0.000000 190.000000 47.000000 225.000000 1.604313 1.568063 3.807637 -30.310582 2.504612 36.663270 1.036466 0.825787
Car -1 -1 -10 477.000000 163.000000 741.000000 318.000000 1.988586 1.737381 4.183297 -0.304071 1.936558 10.842228 -2.216069 0.651434
Car -1 -1 -10 887.000000 165.000000 1072.000000 224.000000 1.575269 1.650863 3.956480 10.456501 1.356154 20.454152 0.426770 0.289908
Car -1 -1 -10 354.000000 183.000000 444.000000 212.000000 1.541887 1.650209 4.012597 -11.474840 1.893858 38.007684 -3.005557 0.196402
Car -1 -1 -10 781.000000 175.000000 853.000000 221.000000 1.595392 1.652430 3.871291 8.687048 1.529906 28.906216 0.778425 0.074478
Car -1 -1 -10 580.000000 171.000000 744.000000 269.000000 1.546943 1.587289 3.411800 1.109513 2.108787 12.218540 1.015436 0.018360
