Pedestrian -1 -1 -10 809.000000 158.000000 873.000000 324.000000 1.759293 0.690655 1.025468 2.648017 1.522868 8.097940 -1.673404 0.999065
Pedestrian -1 -1 -10 287.000000 164.000000 327.000000 276.000000 1.760934 0.632856 0.938305 -4.864086 1.529192 11.766416 -2.489817 0.997831
Pedestrian -1 -1 -10 724.000000 168.000000 781.000000 326.000000 1.689046 0.611004 0.739395 1.543520 1.522981 7.723269 -1.858344 0.997313
Pedestrian -1 -1 -10 1078.000000 145.000000 1151.000000 307.000000 1.667843 0.523200 0.661180 5.722369 1.292629 8.151191 3.320345 0.994732
Pedestrian -1 -1 -10 1026.000000 150.000000 1080.000000 279.000000 1.705204 0.605812 0.623122 6.156209 1.271898 9.823593 2.267017 0.976600
Pedestrian -1 -1 -10 802.000000 162.000000 838.000000 270.000000 1.770091 0.648029 0.694312 3.321224 1.371010 11.394802 -1.804360 0.948022
Pedestrian -1 -1 -10 1109.000000 144.000000 1186.000000 284.000000 1.737487 0.575181 0.841516 7.123714 1.298528 9.317354 1.123905 0.919946
Pedestrian -1 -1 -10 627.000000 168.000000 652.000000 240.000000 1.710312 0.625078 0.731688 0.876205 1.357700 17.034648 -2.017783 0.911281
Pedestrian -1 -1 -10 367.000000 167.000000 396.000000 252.000000 1.780438 0.704745 0.873505 -4.478582 1.451517 14.559931 1.791322 0.553928
Pedestrian -1 -1 -10 393.000000 168.000000 430.000000 258.000000 1.721003 0.725487 0.740367 -3.851771 1.506028 14.340149 1.442920 0.378581
Pedestrian -1 -1 -10 234.000000 167.000000 255.000000 231.000000 1.800143 0.654523 0.848449 -10.217768 1.332695 20.591909 -1.520520 0.332393
Pedestrian -1 -1 -10 780.000000 156.000000 794.000000 220.000000 1.762311 0.571914 0.711352 4.596988 0.935478 17.536903 2.315872 0.115131
Pedestrian -1 -1 -10 277.000000 165.000000 291.000000 216.000000 1.688879 0.602621 0.672011 -8.559002 1.145358 19.264947 0.668508 0.089416
Pedestrian -1 -1 -10 1147.000000 144.000000 1169.000000 196.000000 1.749277 0.602431 0.637996 9.962264 0.672802 12.937216 -0.895454 0.081412
Pedestrian -1 -1 -10 733.000000 173.000000 767.000000 231.000000 1.718875 0.657273 0.532274 3.276266 1.517886 17.283917 2.858803 0.058601
Pedestrian -1 -1 -10 786.000000 156.000000 854.000000 289.000000 1.718615 0.610570 0.714844 3.359201 1.336187 11.380446 -1.739265 0.035627
Pedestrian -1 -1 -10 266.000000 161.000000 285.000000 213.000000 1.669977 0.634071 0.705245 -8.704135 0.918501 19.082215 -2.481083 0.024346
Pedestrian -1 -1 -10 677.000000 177.000000 700.000000 226.000000 1.683280 0.612588 0.624024 2.417823 1.260361 21.798577 2.643629 0.019949
Car -1 -1 -10 408.000000 159.000000 482.000000 226.000000 1.930285 1.745989 4.267480 -5.237501 1.303320 23.755925 1.499446 0.569679
Car -1 -1 -10 445.000000 162.000000 501.000000 215.000000 1.697365 1.639241 4.075348 -5.199116 0.950892 30.414249 1.498037 0.410811
Car -1 -1 -10 521.000000 165.000000 561.000000 203.000000 1.474844 1.641915 3.793907 -3.339225 1.034433 37.815805 1.484432 0.013570
Cyclist -1 -1 -10 392.000000 168.000000 429.000000 259.000000 1.699699 0.568791 1.771879 -3.834558 1.441175 14.255879 1.666223 0.791102
Cyclist -1 -1 -10 372.000000 170.000000 412.000000 259.000000 1.740798 0.540516 1.761426 -4.128627 1.448746 14.055272 1.373663 0.301763
Cyclist -1 -1 -10 730.000000 172.000000 765.000000 227.000000 1.646857 0.677982 1.744543 4.053695 1.204092 19.711419 3.207261 0.064354
Cyclist -1 -1 -10 628.000000 170.000000 652.000000 238.000000 1.764395 0.504576 1.687183 0.775443 1.412600 17.125931 -1.425606 0.017842
Cyclist -1 -1 -10 726.000000 167.000000 774.000000 327.000000 1.745376 0.522643 1.737290 1.497760 1.555763 7.848586 -1.408158 0.010118
