Pedestrian -1 -1 -10 529.000000 160.000000 548.000000 210.000000 1.842569 0.646970 0.928807 -2.657056 1.102254 26.893845 0.971534 0.980993
Pedestrian -1 -1 -10 370.000000 166.000000 391.000000 214.000000 1.728974 0.641803 0.836337 -8.279673 1.179717 26.169646 -2.362026 0.968040
Pedestrian -1 -1 -10 423.000000 160.000000 440.000000 214.000000 1.779434 0.626120 0.800603 -6.162888 1.108712 24.273485 0.914887 0.428243
Pedestrian -1 -1 -10 344.000000 168.000000 354.000000 196.000000 1.770756 0.636484 0.771834 -18.135958 1.052270 50.252188 -1.804454 0.016124
Pedestrian -1 -1 -10 1201.000000 146.000000 1222.000000 209.000000 1.665193 0.551783 0.613598 14.834601 1.672707 16.809572 2.854646 0.014176
Pedestrian -1 -1 -10 449.000000 160.000000 462.000000 189.000000 1.697778 0.646288 0.653178 -5.640643 0.695713 26.501240 -1.751430 0.011028
Car -1 -1 -10 439.000000 173.000000 522.000000 229.000000 1.455152 1.594730 3.737175 -3.378726 1.235469 19.747567 -1.578520 0.999334
Car -1 -1 -10 1028.000000 146.000000 1138.000000 183.000000 1.605565 1.668444 4.081243 24.289372 0.047117 35.721321 -0.450425 0.595730
Car -1 -1 -10 941.000000 158.000000 1034.000000 185.000000 1.599242 1.667837 4.070605 19.560082 0.244067 35.860413 0.035988 0.592015
Cyclist -1 -1 -10 782.000000 149.000000 835.000000 199.000000 1.770543 0.461544 1.719562 7.890944 0.668387 28.110877 -1.789444 0.999400
Cyclist -1 -1 -10 657.000000 159.000000 696.000000 195.000000 1.705833 0.643714 1.789509 3.588217 0.664744 36.477902 -0.311414 0.998353
Cyclist -1 -1 -10 846.000000 146.000000 907.000000 199.000000 1.775402 0.546800 1.758209 8.742633 0.575868 23.539102 -0.667493 0.997192
Cyclist -1 -1 -10 302.000000 168.000000 355.000000 225.000000 1.755869 0.577007 1.809710 -8.816139 1.333344 22.638740 -0.936308 0.993466
Cyclist -1 -1 -10 1193.000000 149.000000 1223.000000 207.000000 1.748399 0.469250 1.230292 12.198101 1.210503 14.193543 1.682630 0.045912
Cyclist -1 -1 -10 370.000000 165.000000 392.000000 212.000000 1.746651 0.691092 1.681894 -8.519809 1.183290 26.431629 0.850141 0.029877
Cyclist -1 -1 -10 344.000000 168.000000 354.000000 196.000000 1.715252 0.458301 1.709407 -18.240110 0.997029 50.420693 -1.473457 0.023561
