Pedestrian -1 -1 -10 875.000000 143.000000 917.000000 258.000000 1.694563 0.734988 0.906657 5.257259 1.129737 13.308442 -1.220026 0.862502
Pedestrian -1 -1 -10 839.000000 146.000000 876.000000 255.000000 1.742142 0.750805 0.963372 4.736328 1.253786 13.753077 -1.179405 0.565235
Pedestrian -1 -1 -10 814.000000 149.000000 896.000000 257.000000 1.682317 0.638240 0.978101 4.800020 1.131872 13.679394 0.292069 0.038296
Car -1 -1 -10 769.000000 182.000000 1018.000000 336.000000 1.487941 1.652359 3.860035 3.165656 1.634690 8.755176 -1.609973 0.998874
Car -1 -1 -10 0.000000 202.000000 247.000000 362.000000 1.486754 1.565859 3.637958 -6.017305 1.913842 8.786040 1.550367 0.997901
Car -1 -1 -10 911.000000 183.000000 1261.000000 378.000000 1.512894 1.606066 3.775136 2.853594 1.679733 2.818476 -1.623866 0.971639
Car -1 -1 -10 275.000000 175.000000 393.000000 223.000000 1.848044 1.716007 4.147917 -12.364634 2.124219 33.066682 -3.100485 0.726116
Car -1 -1 -10 131.000000 196.000000 221.000000 229.000000 1.523531 1.649828 3.924805 -20.326117 2.478075 33.326961 -3.071370 0.640586
Car -1 -1 -10 800.000000 157.000000 883.000000 226.000000 1.563603 1.614376 3.801905 9.901459 1.443601 34.055885 2.964687 0.371635
Car -1 -1 -10 795.000000 154.000000 929.000000 253.000000 1.566113 1.604484 3.835801 5.302954 0.738631 14.833526 -2.343997 0.031394
Car -1 -1 -10 1084.000000 158.000000 1205.000000 195.000000 1.494093 1.556726 3.677077 18.096910 0.892236 24.948253 2.785231 0.026751
Cyclist -1 -1 -10 815.000000 152.000000 885.000000 246.000000 1.728144 0.661614 1.749144 4.625069 1.040785 13.926760 3.399811 0.597680
Cyclist -1 -1 -10 787.000000 160.000000 951.000000 251.000000 1.768619 0.700672 1.785762 4.926999 1.045807 13.621272 -2.470299 0.478738
Cyclist -1 -1 -10 851.000000 151.000000 929.000000 255.000000 1.720272 0.764203 1.796415 5.076758 0.917304 13.580124 -2.374902 0.075384
Cyclist -1 -1 -10 761.000000 174.000000 1017.000000 336.000000 1.684195 0.746426 1.961256 2.803637 1.669102 7.748543 -1.684480 0.041544
Cyclist -1 -1 -10 131.000000 196.000000 222.000000 233.000000 1.682206 0.806044 1.912941 -19.414917 2.568096 32.558736 -3.187857 0.021419
