Car -1 -1 -10 40.000000 192.000000 405.000000 374.000000 1.488513 1.606120 3.782814 -3.496748 1.567510 7.282839 -1.558387 0.999688
Car -1 -1 -10 582.000000 181.000000 621.000000 216.000000 1.577570 1.644222 3.922780 -0.276779 1.397915 34.913909 -1.601475 0.999523
Car -1 -1 -10 444.000000 189.000000 528.000000 246.000000 1.441226 1.598652 3.912082 -3.279142 1.530609 19.495203 -1.577953 0.999430
Car -1 -1 -10 326.000000 187.000000 414.000000 235.000000 1.450332 1.568888 3.684651 -7.424325 1.506622 22.769699 -1.586806 0.995248
Car -1 -1 -10 39.000000 187.000000 245.000000 287.000000 1.464874 1.586487 3.719255 -7.557985 1.658838 12.508363 -1.566026 0.984204
Car -1 -1 -10 3.000000 189.000000 159.000000 272.000000 1.514046 1.600107 3.787356 -11.454949 1.568964 13.890482 1.542055 0.902085
Car -1 -1 -10 496.000000 186.000000 533.000000 216.000000 1.531097 1.574502 3.890656 -4.640232 1.459462 35.451466 1.569252 0.799606
Car -1 -1 -10 410.000000 182.000000 455.000000 218.000000 1.559592 1.629214 3.942279 -7.990289 1.474614 32.519541 -1.662406 0.778419
Car -1 -1 -10 294.000000 186.000000 357.000000 218.000000 1.503627 1.593454 3.714130 -12.309170 1.502911 31.772533 -1.501469 0.350544
Cyclist -1 -1 -10 42.000000 188.000000 264.000000 286.000000 1.674058 0.743275 1.866272 -7.510763 1.550970 11.607249 -1.530367 0.010010
