Car -1 -1 -10 430.000000 188.000000 485.000000 226.000000 1.504694 1.549498 3.616013 -6.213065 2.124348 29.857635 1.572229 0.995770
Car -1 -1 -10 1.000000 215.000000 199.000000 373.000000 1.480414 1.596579 3.826958 -6.048695 2.030764 7.300931 1.598097 0.967247
Car -1 -1 -10 986.000000 192.000000 1238.000000 373.000000 1.530769 1.649282 3.855018 2.845712 1.713455 2.391423 -1.556539 0.950951
Car -1 -1 -10 460.000000 186.000000 507.000000 218.000000 1.491492 1.554991 3.883706 -6.215338 2.126791 35.486283 1.559557 0.948704
Car -1 -1 -10 650.000000 174.000000 697.000000 210.000000 1.522487 1.625021 3.885272 2.747577 1.644869 33.595610 -1.599191 0.940330
Car -1 -1 -10 215.000000 197.000000 284.000000 227.000000 1.525638 1.630960 3.890528 -17.997880 2.633655 36.762149 -1.448888 0.857947
Car -1 -1 -10 160.000000 197.000000 232.000000 229.000000 1.562037 1.610862 3.755667 -20.840862 2.824325 36.509605 -1.556775 0.813833
Car -1 -1 -10 64.000000 204.000000 139.000000 233.000000 1.450467 1.591873 3.770583 -25.851689 3.149092 37.421645 -1.566174 0.397445
Car -1 -1 -10 115.000000 202.000000 184.000000 231.000000 1.537391 1.608693 3.760595 -23.861671 2.958025 37.344136 -1.525807 0.197791
Car -1 -1 -10 488.000000 179.000000 525.000000 207.000000 1.622175 1.630896 4.086181 -6.391924 2.073533 43.891855 1.595955 0.171297
Car -1 -1 -10 2.000000 206.000000 63.000000 240.000000 1.502694 1.616469 3.867401 -30.786062 3.378075 37.796248 -1.573126 0.075767
