Car -1 -1 -10 565.000000 180.000000 611.000000 221.000000 1.578424 1.636108 3.567146 -0.827768 1.399903 29.750242 -1.610871 0.999629
Car -1 -1 -10 134.000000 178.000000 446.000000 365.000000 1.623152 1.631082 3.966362 -3.198519 1.592484 8.195195 -1.580452 0.999421
Car -1 -1 -10 503.000000 184.000000 545.000000 214.000000 1.428234 1.580047 3.772631 -3.833672 1.354230 34.028662 -1.533656 0.999183
Car -1 -1 -10 438.000000 182.000000 512.000000 237.000000 1.481133 1.593604 3.721395 -3.983377 1.426689 21.976962 -1.589118 0.998767
Car -1 -1 -10 71.000000 185.000000 288.000000 281.000000 1.459990 1.606676 3.881249 -7.986659 1.609726 13.755267 -1.567044 0.984431
Car -1 -1 -10 2.000000 178.000000 82.000000 269.000000 1.602345 1.563681 3.736420 -16.289623 1.680264 19.854817 0.426557 0.418793
Car -1 -1 -10 341.000000 187.000000 420.000000 226.000000 1.508113 1.601229 3.812220 -8.167880 1.479164 26.257029 -1.585424 0.147725
Car -1 -1 -10 399.000000 183.000000 449.000000 217.000000 1.571700 1.620246 3.821578 -8.935006 1.563004 32.325933 -3.281640 0.107357
Car -1 -1 -10 459.000000 181.000000 498.000000 210.000000 1.524237 1.504202 3.205063 -7.637433 0.901528 40.583317 1.405118 0.041277
Car -1 -1 -10 567.000000 180.000000 599.000000 206.000000 1.517872 1.510742 3.250993 -0.592166 0.942813 29.429544 -1.590306 0.026088
