Car -1 -1 -10 666.000000 182.000000 728.000000 228.000000 1.442518 1.602876 3.641442 2.723746 1.718041 23.422866 -1.572048 0.999322
Car -1 -1 -10 -4.000000 182.000000 288.000000 329.000000 1.633098 1.615909 4.069192 -6.202590 1.788699 8.399901 -0.025777 0.997792
Car -1 -1 -10 312.000000 176.000000 487.000000 233.000000 1.608139 1.584763 4.053284 -5.718280 1.801035 20.983329 0.028150 0.997117
Car -1 -1 -10 727.000000 170.000000 935.000000 330.000000 1.609755 1.621308 3.750602 2.762735 1.647553 9.801161 -1.621861 0.996735
Car -1 -1 -10 68.000000 171.000000 355.000000 291.000000 1.689909 1.693113 4.254171 -6.739950 1.632935 12.663302 -3.476189 0.921427
Car -1 -1 -10 378.000000 176.000000 502.000000 217.000000 1.456595 1.517952 3.757803 -5.726223 1.765742 27.958193 -1.299800 0.921375
Car -1 -1 -10 720.000000 172.000000 799.000000 217.000000 1.659558 1.671173 3.991135 6.424201 1.752366 28.474963 0.072676 0.799667
Car -1 -1 -10 271.000000 183.000000 433.000000 245.000000 1.514271 1.574374 4.135321 -6.663795 1.664805 18.871519 0.058368 0.201967
Car -1 -1 -10 676.000000 173.000000 726.000000 201.000000 1.445788 1.594089 3.972465 5.618705 1.356069 42.887854 1.177112 0.197844
Car -1 -1 -10 172.000000 171.000000 390.000000 254.000000 1.510219 1.599353 3.877333 -7.134006 1.471011 16.116181 -0.016827 0.116900
Car -1 -1 -10 422.000000 175.000000 537.000000 205.000000 1.553044 1.602906 3.832951 -5.778089 1.606393 38.596909 -1.587706 0.086641
