Car -1 -1 -10 609.000000 180.000000 718.000000 263.000000 1.567557 1.659488 3.975155 1.002762 1.519952 16.322010 -1.666286 0.999670
Car -1 -1 -10 153.000000 192.000000 335.000000 292.000000 1.446100 1.568488 3.684337 -6.006905 1.629592 12.195475 -1.718059 0.999277
Car -1 -1 -10 501.000000 181.000000 549.000000 226.000000 1.536006 1.655882 3.607287 -3.230506 1.468100 27.611456 -1.695986 0.999030
Car -1 -1 -10 304.000000 188.000000 408.000000 250.000000 1.451586 1.584454 3.812871 -6.418617 1.534002 18.556874 -1.693402 0.996272
Car -1 -1 -10 418.000000 184.000000 456.000000 211.000000 1.491612 1.613717 3.824875 -9.264201 1.442362 38.811623 -1.769339 0.995706
Car -1 -1 -10 368.000000 184.000000 431.000000 227.000000 1.474621 1.598779 4.037429 -7.955167 1.514006 26.925967 -1.705509 0.988735
Car -1 -1 -10 54.000000 164.000000 244.000000 263.000000 1.979628 1.751361 4.412056 -10.710412 1.663178 17.253916 -1.699869 0.751396
Car -1 -1 -10 2.000000 207.000000 83.000000 375.000000 1.546424 1.642786 3.849345 -5.084637 1.820084 4.292615 -1.726512 0.709194
Car -1 -1 -10 494.000000 184.000000 524.000000 216.000000 1.501279 1.594283 3.743196 -5.085422 1.555423 36.837030 -1.711904 0.539757
Car -1 -1 -10 264.000000 185.000000 336.000000 229.000000 1.550963 1.607482 3.832620 -11.182279 1.479449 26.257597 -1.637030 0.401445
Car -1 -1 -10 2.000000 174.000000 73.000000 216.000000 1.579494 1.587121 3.673427 -15.750869 0.958378 20.333136 1.378180 0.014379
