Pedestrian -1 -1 -10 242.000000 179.000000 256.000000 217.000000 1.730306 0.639853 0.889983 -16.452502 2.069678 32.904405 -2.027002 0.078562
Pedestrian -1 -1 -10 643.000000 173.000000 659.000000 208.000000 1.732642 0.672277 0.813581 1.700568 1.704461 32.077766 -1.872447 0.031763
Pedestrian -1 -1 -10 342.000000 181.000000 350.000000 212.000000 1.749685 0.573704 0.703286 -16.560334 2.231770 45.307807 1.140082 0.017663
Car -1 -1 -10 482.000000 177.000000 544.000000 230.000000 1.594622 1.607345 3.748918 -3.158600 1.751493 24.107041 -1.599976 0.999125
Car -1 -1 -10 249.000000 187.000000 351.000000 239.000000 1.493110 1.635254 4.020860 -10.141460 2.013852 24.047867 1.558560 0.997769
Car -1 -1 -10 580.000000 175.000000 607.000000 202.000000 1.530075 1.614377 3.990805 -1.105778 1.895974 46.997113 -1.654984 0.993625
Car -1 -1 -10 365.000000 183.000000 410.000000 210.000000 1.543393 1.633658 4.011527 -13.498533 2.200383 43.643144 1.356416 0.628891
Cyclist -1 -1 -10 637.000000 170.000000 676.000000 211.000000 1.717276 0.654597 1.660395 1.867923 1.646437 31.491631 1.117061 0.987575
Cyclist -1 -1 -10 636.000000 174.000000 659.000000 206.000000 1.701815 0.529954 1.682069 1.577614 1.523123 32.026842 -1.685708 0.134030
Cyclist -1 -1 -10 648.000000 173.000000 661.000000 210.000000 1.693219 0.643158 1.720954 2.010488 1.605665 32.258725 1.161749 0.010529
