Pedestrian -1 -1 -10 418.000000 177.000000 438.000000 231.000000 1.766924 0.648405 0.642422 -6.212154 2.020921 24.524463 -1.733781 0.957858
Pedestrian -1 -1 -10 401.000000 185.000000 417.000000 226.000000 1.771711 0.671948 0.531934 -7.322979 1.969740 26.115466 0.825786 0.778508
Pedestrian -1 -1 -10 403.000000 182.000000 428.000000 234.000000 1.776399 0.695312 0.798604 -6.613602 2.069620 24.475169 -1.876665 0.051385
Pedestrian -1 -1 -10 388.000000 198.000000 474.000000 259.000000 1.645725 0.815038 0.856600 -4.158600 2.218707 16.631435 -3.296158 0.021455
Pedestrian -1 -1 -10 417.000000 182.000000 428.000000 227.000000 1.690392 0.531971 0.501968 -6.305985 1.823942 24.495317 2.346255 0.017960
Car -1 -1 -10 708.000000 183.000000 860.000000 290.000000 1.472529 1.612241 3.723349 2.721886 1.664208 12.157357 -1.638804 0.999546
Car -1 -1 -10 387.000000 197.000000 477.000000 259.000000 1.458936 1.555070 3.581766 -4.465735 2.028166 18.313011 -1.614998 0.998944
Car -1 -1 -10 660.000000 183.000000 722.000000 234.000000 1.495389 1.588043 3.531228 2.432017 1.825078 22.357251 -1.586765 0.993533
Car -1 -1 -10 444.000000 182.000000 511.000000 233.000000 1.648748 1.632051 4.009590 -4.876416 2.041623 27.491417 -1.590425 0.991958
Car -1 -1 -10 636.000000 180.000000 670.000000 211.000000 1.541629 1.619587 3.701405 2.258689 1.891002 38.108956 -1.637846 0.939628
Car -1 -1 -10 496.000000 185.000000 532.000000 214.000000 1.591666 1.582314 3.847053 -5.342208 2.272342 41.415523 1.535439 0.665705
Car -1 -1 -10 479.000000 184.000000 523.000000 219.000000 1.660345 1.645862 3.912835 -5.322345 2.333443 41.387032 1.350629 0.013587
Cyclist -1 -1 -10 397.000000 184.000000 420.000000 228.000000 1.672224 0.593810 1.631721 -6.937431 1.848421 24.757156 -2.413012 0.040842
Cyclist -1 -1 -10 413.000000 182.000000 439.000000 230.000000 1.735251 0.578772 1.608779 -6.276308 1.844204 24.710747 1.862318 0.025774
Cyclist -1 -1 -10 733.000000 186.000000 769.000000 220.000000 1.677954 0.514024 1.434748 6.323617 1.879540 32.943883 -1.424952 0.022939
Cyclist -1 -1 -10 395.000000 190.000000 457.000000 242.000000 1.711426 0.541344 1.649693 -4.430140 1.936846 17.287895 -1.862551 0.011448
