Pedestrian -1 -1 -10 600.000000 155.000000 645.000000 241.000000 1.776092 0.664992 0.964479 0.308755 1.267043 15.985929 1.122780 0.995407
Pedestrian -1 -1 -10 75.000000 171.000000 122.000000 263.000000 1.774065 0.627455 1.000537 -10.513253 1.696369 14.766394 -2.723346 0.991106
Pedestrian -1 -1 -10 130.000000 178.000000 164.000000 255.000000 1.769587 0.628407 0.858270 -10.913272 1.767177 16.900132 0.548462 0.936915
Pedestrian -1 -1 -10 157.000000 177.000000 185.000000 246.000000 1.779927 0.596217 0.909432 -11.078247 1.759011 18.188486 0.137378 0.645900
Pedestrian -1 -1 -10 400.000000 161.000000 426.000000 234.000000 1.684169 0.572843 0.755769 -3.661885 1.175956 13.673024 -0.112842 0.607728
Pedestrian -1 -1 -10 142.000000 178.000000 176.000000 249.000000 1.739119 0.610901 0.804844 -10.980085 1.738862 17.115806 0.015450 0.531254
Pedestrian -1 -1 -10 305.000000 163.000000 349.000000 246.000000 1.699607 0.758025 0.784608 -5.662526 1.236633 14.539266 -1.693447 0.362972
Pedestrian -1 -1 -10 235.000000 168.000000 260.000000 238.000000 1.742213 0.678792 0.808587 -8.238627 1.422852 16.412413 2.191104 0.273865
Pedestrian -1 -1 -10 901.000000 144.000000 936.000000 202.000000 1.694252 0.601392 0.866778 10.519144 0.625314 24.023402 -1.080600 0.173040
Pedestrian -1 -1 -10 329.000000 162.000000 351.000000 251.000000 1.715573 0.613977 0.636688 -5.575372 1.244913 14.531838 -1.823587 0.128577
Car -1 -1 -10 215.000000 181.000000 454.000000 329.000000 1.469178 1.589999 3.745566 -3.244713 1.505933 8.997190 -1.550814 0.998738
Car -1 -1 -10 1096.000000 153.000000 1216.000000 191.000000 1.483620 1.593388 3.788318 19.464689 0.511653 24.968206 0.039493 0.081812
Car -1 -1 -10 292.000000 166.000000 360.000000 241.000000 1.580689 1.555468 3.586504 -5.835426 1.153010 15.338584 -1.891310 0.057699
Car -1 -1 -10 236.000000 180.000000 390.000000 260.000000 1.578729 1.595139 3.672180 -6.397953 1.389396 15.325388 -2.369720 0.055912
Cyclist -1 -1 -10 900.000000 146.000000 937.000000 203.000000 1.760283 0.557412 1.738511 10.549144 0.680635 24.098998 -1.057673 0.965369
Cyclist -1 -1 -10 1184.000000 134.000000 1223.000000 212.000000 1.656691 0.593091 1.637796 14.851873 0.787924 16.942205 1.629309 0.797822
Cyclist -1 -1 -10 234.000000 166.000000 263.000000 239.000000 1.711436 0.551151 1.721373 -8.339606 1.418259 16.347672 -2.509093 0.727771
Cyclist -1 -1 -10 302.000000 163.000000 352.000000 245.000000 1.702813 0.751678 1.756065 -5.744265 1.071036 14.862493 -1.437589 0.356069
Cyclist -1 -1 -10 398.000000 160.000000 427.000000 231.000000 1.697590 0.599360 1.650158 -3.961894 1.179633 14.633218 -1.865186 0.293588
Cyclist -1 -1 -10 256.000000 171.000000 380.000000 250.000000 1.722575 0.734646 0.648745 -5.758192 1.196378 14.697118 -3.105571 0.071234
Cyclist -1 -1 -10 262.000000 185.000000 329.000000 239.000000 1.670060 0.566565 1.625944 -6.095309 1.294605 14.488684 -2.000120 0.046430
