Pedestrian -1 -1 -10 688.000000 171.000000 758.000000 232.000000 1.654924 0.759984 0.786140 2.986548 1.542874 19.912128 0.038475 0.011060
Car -1 -1 -10 485.000000 169.000000 543.000000 212.000000 1.545497 1.641550 3.892803 -3.566278 1.393240 27.099617 1.532915 0.998290
Car -1 -1 -10 685.000000 172.000000 759.000000 230.000000 1.554449 1.577420 3.538421 3.127646 1.600047 21.481042 -1.622328 0.994443
Car -1 -1 -10 765.000000 185.000000 1003.000000 335.000000 1.453913 1.606661 4.025931 3.327042 1.730131 9.576710 -1.571439 0.993031
Car -1 -1 -10 947.000000 202.000000 1235.000000 372.000000 1.509346 1.670191 3.880829 3.551535 1.776281 3.942108 1.541119 0.990978
Car -1 -1 -10 662.000000 171.000000 722.000000 218.000000 1.547166 1.595835 3.764811 2.832324 1.531922 26.188548 -1.587590 0.990395
Car -1 -1 -10 312.000000 167.000000 476.000000 303.000000 1.561044 1.592838 3.836077 -3.178589 1.570903 11.044067 1.564020 0.986177
Car -1 -1 -10 723.000000 175.000000 850.000000 266.000000 1.538098 1.576286 3.478534 3.331115 1.680594 14.784960 -1.617046 0.976514
Car -1 -1 -10 647.000000 170.000000 691.000000 205.000000 1.462230 1.617426 3.990925 2.672584 1.447497 31.979203 -1.612089 0.845638
Car -1 -1 -10 -10.000000 134.000000 416.000000 377.000000 1.753315 1.674045 4.177576 -2.892773 1.506325 5.648621 -1.662143 0.315582
Car -1 -1 -10 508.000000 169.000000 549.000000 203.000000 1.556812 1.547111 3.558450 -3.826574 1.422001 33.152551 1.572308 0.283046
