Pedestrian -1 -1 -10 285.000000 168.000000 342.000000 311.000000 1.753718 0.614133 0.784914 -3.627396 1.545075 9.097248 -1.850571 0.998639
Pedestrian -1 -1 -10 747.000000 163.000000 789.000000 255.000000 1.710619 0.572152 0.667405 2.575835 1.570407 11.121623 -0.815971 0.992368
Pedestrian -1 -1 -10 826.000000 158.000000 856.000000 231.000000 1.636152 0.663050 0.807770 5.250099 1.085750 15.680298 -1.620839 0.697806
Pedestrian -1 -1 -10 483.000000 168.000000 502.000000 210.000000 1.797435 0.687823 1.057044 -4.958561 1.244407 31.918855 2.531037 0.116548
Pedestrian -1 -1 -10 137.000000 160.000000 161.000000 255.000000 1.749895 0.648058 0.689758 -9.422256 1.615139 14.652234 1.515224 0.077599
Pedestrian -1 -1 -10 531.000000 178.000000 548.000000 212.000000 1.677128 0.721742 0.860570 -2.711982 1.523476 31.326158 -2.056856 0.032987
Pedestrian -1 -1 -10 544.000000 178.000000 558.000000 211.000000 1.643788 0.692927 0.834410 -2.225364 1.551416 31.432542 -1.169606 0.019273
Pedestrian -1 -1 -10 752.000000 165.000000 777.000000 230.000000 1.708259 0.611143 0.657324 3.112352 1.528325 14.524584 0.746771 0.013742
Car -1 -1 -10 657.000000 166.000000 711.000000 214.000000 1.732636 1.665283 3.684975 3.092992 1.162921 28.408550 -1.597871 0.914230
Cyclist -1 -1 -10 745.000000 163.000000 791.000000 258.000000 1.670897 0.598928 1.638937 2.389931 1.337123 10.760227 3.235169 0.013166
Cyclist -1 -1 -10 657.000000 166.000000 710.000000 215.000000 1.757014 0.692463 1.712855 3.038718 1.332721 26.864269 -2.000416 0.012435
