Car -1 -1 -10 857.000000 193.000000 1106.000000 274.000000 1.451289 1.533853 3.683183 6.641516 1.841675 12.971577 -0.042625 0.999612
Car -1 -1 -10 716.000000 183.000000 841.000000 230.000000 1.563948 1.662661 3.979087 5.925218 1.960057 25.076482 -0.067134 0.998381
Car -1 -1 -10 201.000000 179.000000 449.000000 264.000000 1.563250 1.623582 4.259024 -5.958332 1.788216 14.970092 0.087240 0.997444
Car -1 -1 -10 -2.000000 185.000000 234.000000 341.000000 1.512419 1.626860 4.051868 -6.531168 1.610434 7.730681 -3.161590 0.995185
Car -1 -1 -10 50.000000 186.000000 367.000000 300.000000 1.493282 1.547713 3.783204 -5.802038 1.718777 10.801580 -3.070075 0.995129
Car -1 -1 -10 638.000000 182.000000 672.000000 209.000000 1.432551 1.598612 3.746023 2.541462 2.041507 39.371919 -1.613508 0.984824
Car -1 -1 -10 813.000000 185.000000 999.000000 265.000000 1.553309 1.591647 3.783969 6.449973 1.834220 15.231824 -0.068080 0.983860
Car -1 -1 -10 300.000000 177.000000 462.000000 237.000000 1.567690 1.633340 4.078482 -6.502602 1.597126 19.633726 -3.242186 0.979435
Car -1 -1 -10 409.000000 177.000000 522.000000 214.000000 1.661702 1.646482 4.222817 -6.424547 1.956224 33.252859 -0.019035 0.947176
Car -1 -1 -10 1067.000000 183.000000 1234.000000 371.000000 1.486867 1.600991 4.083210 5.944555 1.790393 5.301406 3.139280 0.520580
Car -1 -1 -10 366.000000 179.000000 493.000000 225.000000 1.487512 1.599052 3.810942 -5.955455 1.829565 25.296812 -3.015731 0.495661
