Pedestrian -1 -1 -10 775.000000 170.000000 790.000000 215.000000 1.707610 0.551366 0.593173 12.024833 1.866176 49.862218 2.824170 0.014033
Car -1 -1 -10 410.000000 183.000000 500.000000 241.000000 1.508803 1.595192 3.696206 -4.346748 1.867161 20.672225 1.599613 0.999630
Car -1 -1 -10 791.000000 180.000000 1004.000000 307.000000 1.542008 1.594346 3.773718 4.003567 1.720780 10.678796 -1.626227 0.998809
Car -1 -1 -10 747.000000 182.000000 864.000000 260.000000 1.477905 1.629243 3.892232 3.994013 1.694098 15.740188 -1.514028 0.997245
Car -1 -1 -10 718.000000 179.000000 796.000000 234.000000 1.519048 1.621192 3.789117 4.107688 1.722942 21.290972 -1.520008 0.997063
Car -1 -1 -10 462.000000 182.000000 530.000000 226.000000 1.473965 1.568111 3.744923 -4.033207 1.813506 26.405233 1.601253 0.994911
Car -1 -1 -10 695.000000 178.000000 754.000000 221.000000 1.502453 1.613456 3.905056 4.201620 1.713927 26.475432 -1.561117 0.981882
Car -1 -1 -10 937.000000 201.000000 1237.000000 376.000000 1.511867 1.647954 4.049280 3.917448 1.824894 4.694300 -1.550116 0.961289
Car -1 -1 -10 498.000000 182.000000 545.000000 216.000000 1.444562 1.574405 3.933482 -3.870038 1.899727 31.817334 1.623123 0.943376
Car -1 -1 -10 689.000000 176.000000 731.000000 212.000000 1.612939 1.657964 3.950345 5.059274 1.859957 37.039209 -1.528595 0.261213
Car -1 -1 -10 868.000000 172.000000 921.000000 200.000000 1.531360 1.637474 3.807304 12.958491 1.012564 31.376878 -0.146852 0.180646
