Pedestrian -1 -1 -10 657.000000 162.000000 666.000000 190.000000 1.795638 0.640720 0.866733 3.860257 0.495137 46.209653 -1.977472 0.775884
Pedestrian -1 -1 -10 590.000000 163.000000 600.000000 200.000000 1.727125 0.627353 0.738220 -0.286018 0.761453 36.235961 1.572643 0.610693
Pedestrian -1 -1 -10 580.000000 162.000000 593.000000 199.000000 1.722944 0.613781 0.805136 -0.805300 0.840443 37.639546 -0.102134 0.449895
Pedestrian -1 -1 -10 643.000000 163.000000 651.000000 189.000000 1.767407 0.583066 0.811597 3.653508 0.237469 56.709587 -1.522892 0.307318
Pedestrian -1 -1 -10 670.000000 163.000000 679.000000 191.000000 1.765620 0.654935 0.721410 4.799857 0.506975 47.343956 1.672376 0.260393
Pedestrian -1 -1 -10 662.000000 161.000000 671.000000 189.000000 1.807123 0.583576 0.581111 4.596735 0.601894 49.969047 -1.402201 0.152566
Pedestrian -1 -1 -10 939.000000 148.000000 968.000000 224.000000 1.744097 0.623017 0.689126 6.659306 0.943698 13.664011 1.633842 0.120378
Pedestrian -1 -1 -10 1001.000000 150.000000 1048.000000 252.000000 1.676851 0.652060 0.644484 4.849400 1.231960 8.148397 1.656361 0.080242
Pedestrian -1 -1 -10 1068.000000 146.000000 1108.000000 228.000000 1.755727 0.713301 0.690926 8.011440 1.392914 11.738316 -1.403282 0.042535
Pedestrian -1 -1 -10 592.000000 163.000000 607.000000 196.000000 1.715143 0.615256 0.681513 -0.298386 0.714206 36.217080 1.509773 0.030525
Pedestrian -1 -1 -10 636.000000 162.000000 646.000000 187.000000 1.713605 0.655147 0.712183 3.193571 0.360519 56.516656 -1.731450 0.025893
Pedestrian -1 -1 -10 601.000000 163.000000 609.000000 193.000000 1.728761 0.595140 0.598805 0.383333 1.009582 45.793131 -1.551336 0.017307
Pedestrian -1 -1 -10 625.000000 165.000000 645.000000 192.000000 1.737132 0.624586 0.625871 1.204981 0.688531 29.506628 -0.994604 0.012300
Pedestrian -1 -1 -10 604.000000 171.000000 650.000000 209.000000 1.664070 0.765314 0.794529 0.841461 1.550082 27.115327 0.017444 0.011308
Pedestrian -1 -1 -10 1202.000000 178.000000 1236.000000 341.000000 1.677055 0.592942 0.598171 6.557498 1.387867 7.652536 3.300621 0.011017
Car -1 -1 -10 602.000000 170.000000 649.000000 209.000000 1.562875 1.649866 3.988510 0.931834 1.130973 28.917537 1.673031 0.999028
Cyclist -1 -1 -10 934.000000 151.000000 981.000000 228.000000 1.791028 0.583665 1.455970 7.178783 0.966353 14.701025 1.516293 0.114322
Cyclist -1 -1 -10 999.000000 151.000000 1049.000000 253.000000 1.686642 0.618148 1.605576 4.928279 0.983753 8.671470 1.514960 0.014255
