Car -1 -1 -10 0.000000 189.000000 365.000000 309.000000 1.518890 1.645576 4.137864 -5.762548 1.777227 9.791992 0.049688 0.999295
Car -1 -1 -10 699.000000 187.000000 804.000000 253.000000 1.422136 1.620666 3.925035 3.163755 1.725689 16.682222 -1.583674 0.998812
Car -1 -1 -10 657.000000 174.000000 701.000000 211.000000 1.702609 1.653275 3.836178 3.260167 1.795409 36.025301 -1.603303 0.994280
Car -1 -1 -10 781.000000 194.000000 1236.000000 374.000000 1.479752 1.655274 4.055395 2.809127 1.753646 5.789652 -1.604451 0.994069
Car -1 -1 -10 145.000000 177.000000 376.000000 263.000000 1.775533 1.700503 4.203082 -6.347809 1.825619 13.276969 -3.500566 0.966116
Car -1 -1 -10 394.000000 179.000000 518.000000 223.000000 1.582979 1.587681 3.946349 -4.300294 1.566480 28.149723 -2.404457 0.869072
Car -1 -1 -10 439.000000 176.000000 532.000000 213.000000 1.578812 1.591077 3.845002 -5.747771 1.763643 31.184523 0.013531 0.739268
Car -1 -1 -10 324.000000 181.000000 475.000000 239.000000 1.614626 1.648318 3.849922 -5.707405 1.695663 20.314671 -3.239118 0.612390
Car -1 -1 -10 474.000000 174.000000 550.000000 206.000000 1.495843 1.562535 3.555862 -5.659309 1.699397 40.647531 -3.146434 0.304311
Cyclist -1 -1 -10 118.000000 185.000000 349.000000 266.000000 1.708157 0.573246 1.616363 -6.687408 1.689802 13.063853 -2.215570 0.020727
