Car -1 -1 -10 354.000000 186.000000 454.000000 253.000000 1.455790 1.564044 3.668002 -5.066411 1.591155 18.068187 -1.637875 0.999357
Car -1 -1 -10 42.000000 184.000000 336.000000 357.000000 1.501953 1.591760 3.700884 -4.551575 1.579532 8.402874 -1.631016 0.999335
Car -1 -1 -10 709.000000 179.000000 903.000000 318.000000 1.606630 1.679819 3.948345 2.656863 1.619409 10.968160 -1.632199 0.999292
Car -1 -1 -10 559.000000 182.000000 601.000000 222.000000 1.579909 1.644479 4.063113 -1.222556 1.466937 30.914142 -1.609715 0.998314
Car -1 -1 -10 429.000000 188.000000 487.000000 233.000000 1.466801 1.580703 3.905273 -5.095385 1.518590 24.699071 -1.620701 0.994665
Car -1 -1 -10 0.000000 169.000000 201.000000 294.000000 1.758866 1.643001 3.858356 -8.920449 1.602892 12.705109 -1.642336 0.888522
Car -1 -1 -10 219.000000 170.000000 350.000000 240.000000 1.912928 1.746931 4.294964 -9.382880 1.570059 21.325383 -1.651943 0.881538
Car -1 -1 -10 450.000000 186.000000 496.000000 222.000000 1.578218 1.612958 3.925007 -5.899226 1.594473 31.932482 -1.600605 0.819464
Car -1 -1 -10 484.000000 184.000000 516.000000 209.000000 1.520846 1.606555 3.885943 -6.587557 1.395907 45.004594 -1.654681 0.781143
Car -1 -1 -10 549.000000 186.000000 574.000000 213.000000 1.466117 1.583267 3.723240 -2.599609 1.579410 39.779561 -1.638661 0.742987
Car -1 -1 -10 360.000000 186.000000 409.000000 223.000000 1.517701 1.653365 3.876398 -8.804393 1.520105 30.404902 -0.227718 0.729475
