Car -1 -1 -10 709.000000 200.000000 947.000000 334.000000 1.441267 1.614133 3.939659 2.605687 1.856677 9.461264 -1.707225 0.999660
Car -1 -1 -10 403.000000 190.000000 447.000000 223.000000 1.563719 1.581403 3.553811 -10.139547 2.642495 38.668704 1.428804 0.999262
Car -1 -1 -10 587.000000 189.000000 648.000000 235.000000 1.407502 1.628649 3.865775 0.080363 1.999843 24.658889 -1.695425 0.998812
Car -1 -1 -10 9.000000 215.000000 261.000000 362.000000 1.485980 1.602586 3.885752 -5.981986 2.120144 9.111791 1.400845 0.996562
Car -1 -1 -10 572.000000 188.000000 624.000000 224.000000 1.500785 1.610193 3.925440 -0.605041 2.105830 30.330390 -1.700900 0.994733
Car -1 -1 -10 1124.000000 171.000000 1243.000000 253.000000 1.519834 1.615774 3.883169 10.586719 1.490524 13.180933 2.215910 0.991669
Car -1 -1 -10 788.000000 171.000000 924.000000 222.000000 1.550954 1.630514 3.974160 8.437607 1.479323 24.378201 -2.657740 0.959945
Car -1 -1 -10 419.000000 189.000000 455.000000 218.000000 1.550602 1.593983 3.683230 -10.328488 2.448357 39.607097 -2.751405 0.884080
Car -1 -1 -10 724.000000 179.000000 834.000000 212.000000 1.563022 1.614525 3.992949 7.208377 1.663102 30.684739 -2.724907 0.771770
Car -1 -1 -10 1044.000000 209.000000 1250.000000 375.000000 1.503834 1.601623 3.832605 3.327767 1.590614 1.914189 1.543335 0.697891
Car -1 -1 -10 2.000000 228.000000 118.000000 371.000000 1.519531 1.636668 3.967437 -5.371182 2.084372 4.794257 1.400990 0.450351
Car -1 -1 -10 203.000000 195.000000 273.000000 221.000000 1.533352 1.625096 4.059574 -16.601496 2.203973 32.711803 -1.984123 0.313009
