Car -1 -1 -10 568.000000 190.000000 714.000000 276.000000 1.388306 1.602501 3.863313 0.376452 1.777710 13.529233 -1.879333 0.999829
Car -1 -1 -10 467.000000 182.000000 522.000000 222.000000 1.454294 1.615606 3.674900 -4.620054 1.837642 27.905861 -1.837494 0.999293
Car -1 -1 -10 284.000000 184.000000 329.000000 214.000000 1.552706 1.652766 4.016895 -17.341407 2.305078 40.563018 1.275723 0.998011
Car -1 -1 -10 25.000000 204.000000 201.000000 310.000000 1.485680 1.578550 3.774160 -7.983100 2.029025 11.878026 1.203851 0.984311
Car -1 -1 -10 453.000000 181.000000 500.000000 214.000000 1.561982 1.613116 3.752352 -6.382908 1.892714 33.541640 -1.862855 0.982202
Car -1 -1 -10 641.000000 165.000000 747.000000 208.000000 1.589071 1.618008 4.014179 3.499823 1.309286 29.468261 -2.853394 0.926774
Car -1 -1 -10 -4.000000 211.000000 157.000000 360.000000 1.427378 1.586657 3.843715 -6.164389 1.906711 7.185378 1.176850 0.806611
Car -1 -1 -10 64.000000 190.000000 153.000000 219.000000 1.533496 1.601094 3.834643 -22.931343 1.992794 32.672138 -2.848144 0.587189
Car -1 -1 -10 301.000000 183.000000 337.000000 210.000000 1.511775 1.580484 3.808277 -17.245853 2.074714 40.510382 1.295976 0.277424
Car -1 -1 -10 593.000000 174.000000 683.000000 205.000000 1.561594 1.648676 3.983986 0.994737 1.495403 35.320199 -3.025966 0.222777
Car -1 -1 -10 724.000000 135.000000 1234.000000 374.000000 1.892125 1.657073 4.094596 2.929626 1.573108 5.946361 -1.851107 0.099577
