Pedestrian -1 -1 -10 826.000000 158.000000 898.000000 337.000000 1.797872 0.635059 1.007132 2.648035 1.577631 7.474619 3.461144 0.998253
Pedestrian -1 -1 -10 1023.000000 142.000000 1163.000000 370.000000 1.771692 0.584348 1.032905 3.649671 1.461138 5.442509 -1.984108 0.995500
Pedestrian -1 -1 -10 91.000000 163.000000 191.000000 372.000000 1.765505 0.668019 0.881198 -4.080070 1.687603 6.319103 -1.691446 0.991297
Pedestrian -1 -1 -10 536.000000 172.000000 561.000000 244.000000 1.763720 0.622426 0.766842 -1.423237 1.534597 18.405030 1.596832 0.990040
Pedestrian -1 -1 -10 615.000000 173.000000 643.000000 240.000000 1.747591 0.627657 0.998000 0.763746 1.614727 19.626485 2.683646 0.860985
Pedestrian -1 -1 -10 604.000000 176.000000 629.000000 238.000000 1.793748 0.686858 0.855649 0.393525 1.565894 21.120019 2.034636 0.571756
Pedestrian -1 -1 -10 802.000000 187.000000 836.000000 277.000000 1.695377 0.651467 0.692691 3.732674 1.874658 12.425159 3.080668 0.203504
Pedestrian -1 -1 -10 127.000000 162.000000 195.000000 274.000000 1.691309 0.556658 0.807687 -7.370457 1.288681 12.141270 -3.662577 0.157961
Pedestrian -1 -1 -10 771.000000 186.000000 794.000000 241.000000 1.689111 0.562341 0.619535 5.137464 1.508600 19.534225 2.765324 0.104870
Pedestrian -1 -1 -10 0.000000 177.000000 30.000000 313.000000 1.694599 0.508187 0.729555 -7.658974 1.695088 9.234547 -3.253798 0.032876
Pedestrian -1 -1 -10 817.000000 183.000000 867.000000 277.000000 1.723189 0.598413 0.712461 3.734380 1.774374 11.950167 0.780828 0.015270
Car -1 -1 -10 373.000000 166.000000 515.000000 263.000000 1.907677 1.759202 4.268003 -3.395378 1.518768 15.995606 1.558285 0.992566
Car -1 -1 -10 452.000000 169.000000 541.000000 238.000000 1.771286 1.667636 4.193545 -2.815463 1.465933 23.172740 -1.522342 0.154606
