Pedestrian -1 -1 -10 301.000000 182.000000 333.000000 272.000000 1.769054 0.659032 0.695132 -5.852686 1.941934 14.432443 -1.910687 0.981857
Pedestrian -1 -1 -10 260.000000 191.000000 294.000000 272.000000 1.746016 0.641972 0.721214 -6.682118 1.943361 14.533889 2.145769 0.955675
Pedestrian -1 -1 -10 579.000000 178.000000 589.000000 203.000000 1.742155 0.604961 0.755336 -2.176548 2.204488 57.394604 1.079946 0.026458
Pedestrian -1 -1 -10 267.000000 196.000000 327.000000 272.000000 1.732589 0.676992 0.750882 -6.244747 1.992219 14.319271 -1.802154 0.023574
Pedestrian -1 -1 -10 144.000000 205.000000 391.000000 356.000000 1.634402 0.851591 1.009020 -3.622584 2.173158 8.092200 -1.580152 0.016148
Car -1 -1 -10 705.000000 183.000000 823.000000 273.000000 1.470430 1.581986 3.581340 2.714305 1.684997 13.513923 -1.565975 0.999606
Car -1 -1 -10 149.000000 211.000000 389.000000 352.000000 1.442816 1.583297 3.741389 -4.214994 1.953297 9.584500 -1.610060 0.998578
Car -1 -1 -10 477.000000 186.000000 525.000000 225.000000 1.483631 1.553957 3.649570 -4.827665 2.172695 32.480230 1.544099 0.998503
Car -1 -1 -10 378.000000 184.000000 486.000000 259.000000 1.702500 1.640974 4.032540 -4.472372 2.040339 18.684666 -1.565709 0.998436
Car -1 -1 -10 655.000000 178.000000 702.000000 220.000000 1.601924 1.601708 3.518380 2.618096 1.875902 28.971194 -1.612686 0.998033
Car -1 -1 -10 898.000000 193.000000 1255.000000 374.000000 1.481074 1.595381 3.753255 2.723416 1.653160 2.868478 1.537718 0.981605
Car -1 -1 -10 1047.000000 197.000000 1233.000000 332.000000 1.513453 1.573573 3.711698 2.756151 1.393673 1.963699 -1.610007 0.012918
Cyclist -1 -1 -10 256.000000 198.000000 300.000000 267.000000 1.659935 0.624606 1.622307 -6.629403 1.841832 14.523302 -2.546880 0.120889
Cyclist -1 -1 -10 298.000000 189.000000 337.000000 269.000000 1.730313 0.716672 1.730676 -5.944049 1.726947 14.487915 -3.057000 0.026523
