Car -1 -1 -10 648.000000 174.000000 798.000000 282.000000 1.595023 1.590590 3.587680 1.856851 1.676382 13.070809 -1.827826 0.999438
Car -1 -1 -10 548.000000 178.000000 610.000000 220.000000 1.523052 1.569130 3.429360 -1.166170 1.737811 27.398627 -1.844115 0.998117
Car -1 -1 -10 496.000000 174.000000 562.000000 201.000000 1.484837 1.585281 3.833077 -4.668608 1.663579 42.785621 -0.779157 0.975868
Car -1 -1 -10 604.000000 173.000000 677.000000 201.000000 1.533638 1.611971 4.030601 1.654368 1.561157 39.656523 -0.772992 0.921195
Car -1 -1 -10 1143.000000 211.000000 1239.000000 375.000000 1.473509 1.632120 4.073332 6.519744 1.831153 5.201505 0.132146 0.648787
Car -1 -1 -10 658.000000 171.000000 730.000000 199.000000 1.527367 1.604792 4.038538 4.495841 1.546924 42.546245 -0.795621 0.560901
Car -1 -1 -10 680.000000 171.000000 780.000000 206.000000 1.515320 1.638791 3.959653 7.809712 1.500351 46.354263 2.344182 0.366855
Car -1 -1 -10 590.000000 174.000000 628.000000 199.000000 1.594485 1.605080 3.705261 0.329263 1.616665 39.796840 -1.518078 0.018300
Car -1 -1 -10 627.000000 172.000000 701.000000 197.000000 1.512105 1.618919 3.926186 3.620665 1.493586 42.580078 2.267270 0.015426
Cyclist -1 -1 -10 356.000000 171.000000 409.000000 280.000000 1.671990 0.574203 1.728099 -4.129664 1.717142 12.798667 1.460590 0.999296
