Car -1 -1 -10 663.000000 182.000000 726.000000 229.000000 1.465698 1.609822 3.817476 2.647504 1.775147 23.840083 -1.588899 0.998956
Car -1 -1 -10 851.000000 164.000000 1082.000000 234.000000 1.504591 1.676610 4.162321 8.029834 1.377726 16.718457 3.162899 0.998386
Car -1 -1 -10 102.000000 200.000000 384.000000 371.000000 1.475149 1.576519 3.731233 -3.820039 1.882361 8.125320 1.588464 0.996809
Car -1 -1 -10 392.000000 184.000000 478.000000 236.000000 1.635989 1.658539 4.197100 -6.528792 2.225907 27.130934 -1.622294 0.992997
Car -1 -1 -10 473.000000 185.000000 512.000000 214.000000 1.516964 1.588593 3.950785 -6.565411 2.434781 39.360984 1.768058 0.984738
Car -1 -1 -10 280.000000 196.000000 400.000000 267.000000 1.493302 1.581225 3.717655 -6.324645 2.021429 17.151307 1.559055 0.879293
Car -1 -1 -10 824.000000 164.000000 981.000000 224.000000 1.631838 1.636970 3.894661 8.060201 1.346881 19.916297 3.109950 0.351924
Car -1 -1 -10 769.000000 165.000000 911.000000 211.000000 1.587033 1.648909 4.038922 7.923768 1.406196 26.174218 3.088879 0.309852
Car -1 -1 -10 975.000000 155.000000 1083.000000 199.000000 1.612213 1.625738 3.867523 21.141882 0.890855 36.798779 -1.670742 0.186815
Car -1 -1 -10 1015.000000 152.000000 1133.000000 189.000000 1.623745 1.688050 4.086872 22.492564 0.771347 34.337899 0.168604 0.042752
Car -1 -1 -10 1127.000000 138.000000 1236.000000 188.000000 1.804291 1.679299 3.920951 21.452987 0.566180 26.601811 -1.405358 0.030207
Car -1 -1 -10 1103.000000 145.000000 1195.000000 190.000000 1.777525 1.707203 3.977941 21.157338 0.538626 26.915417 -1.432468 0.027372
Car -1 -1 -10 266.000000 220.000000 376.000000 276.000000 1.549336 1.520749 3.208092 -4.913901 1.698323 12.981382 1.203467 0.025568
