Car -1 -1 -10 361.000000 184.000000 477.000000 255.000000 1.491461 1.590943 3.714093 -4.496076 1.802877 17.501474 1.619596 0.999543
Car -1 -1 -10 856.000000 182.000000 1206.000000 373.000000 1.513241 1.615655 3.663590 3.947715 1.705216 7.464036 -1.599599 0.999454
Car -1 -1 -10 434.000000 183.000000 511.000000 233.000000 1.491036 1.546420 3.601675 -4.231318 1.812788 23.202225 1.622071 0.998208
Car -1 -1 -10 538.000000 178.000000 571.000000 203.000000 1.588450 1.604529 3.807994 -3.392024 1.879388 44.428223 1.624899 0.998167
Car -1 -1 -10 766.000000 186.000000 934.000000 285.000000 1.469312 1.623080 3.826314 3.848502 1.676836 12.547412 -1.570856 0.997986
Car -1 -1 -10 728.000000 181.000000 823.000000 246.000000 1.513632 1.599842 3.779619 3.970629 1.693540 18.207913 -1.518438 0.993529
Car -1 -1 -10 701.000000 179.000000 771.000000 230.000000 1.499306 1.626332 4.034005 3.953889 1.737980 23.290263 -1.566314 0.992920
Car -1 -1 -10 479.000000 182.000000 534.000000 221.000000 1.480559 1.590168 3.914697 -4.120679 1.827492 28.404088 1.622671 0.983218
Car -1 -1 -10 691.000000 177.000000 736.000000 217.000000 1.601923 1.634159 3.884113 4.656796 1.844989 33.792175 -1.509318 0.957280
Car -1 -1 -10 1152.000000 176.000000 1241.000000 228.000000 1.528803 1.573587 3.631186 17.455210 1.345852 19.848697 -0.244914 0.205894
Car -1 -1 -10 687.000000 177.000000 718.000000 208.000000 1.553723 1.623392 3.760837 5.528719 1.839255 38.756541 -0.742066 0.134473
Car -1 -1 -10 985.000000 175.000000 1168.000000 230.000000 1.565593 1.632679 3.945535 16.636955 1.435066 26.823632 -0.024778 0.055965
Cyclist -1 -1 -10 976.000000 176.000000 1086.000000 219.000000 1.653374 0.366841 1.700800 11.825985 1.368036 20.845093 -1.589937 0.048623
Cyclist -1 -1 -10 1020.000000 174.000000 1164.000000 243.000000 1.696581 0.679488 1.682880 11.542109 1.641279 17.811662 1.561151 0.024143
