Pedestrian -1 -1 -10 759.000000 183.000000 836.000000 375.000000 1.684955 0.649345 0.591146 1.504938 1.646354 5.708269 2.309378 0.998049
Pedestrian -1 -1 -10 751.000000 156.000000 775.000000 220.000000 1.708793 0.644734 0.935785 6.038285 0.826390 27.050941 0.236514 0.211435
Pedestrian -1 -1 -10 740.000000 162.000000 757.000000 211.000000 1.688677 0.617431 0.856577 5.496226 1.038691 27.559437 2.925788 0.133668
Pedestrian -1 -1 -10 1019.000000 176.000000 1038.000000 217.000000 1.716660 0.620375 0.600992 10.653702 1.151908 18.285672 0.973690 0.065595
Pedestrian -1 -1 -10 748.000000 158.000000 764.000000 217.000000 1.736162 0.576183 0.845445 5.868222 1.009889 27.418108 2.724067 0.023195
Car -1 -1 -10 988.000000 179.000000 1206.000000 274.000000 1.506387 1.572002 3.457017 8.338286 1.474672 12.295146 -0.360689 0.994192
Cyclist -1 -1 -10 1014.000000 178.000000 1044.000000 217.000000 1.699727 0.550989 1.590878 10.718003 1.008276 18.401429 -0.439825 0.061651
Cyclist -1 -1 -10 1007.000000 177.000000 1078.000000 215.000000 1.653896 0.516293 1.624094 11.411074 1.118257 18.887904 -0.474272 0.048460
Cyclist -1 -1 -10 1024.000000 175.000000 1037.000000 217.000000 1.702743 0.394091 1.070031 11.450892 1.379468 18.840220 1.561733 0.030527
Cyclist -1 -1 -10 1025.000000 178.000000 1060.000000 211.000000 1.683668 0.514002 1.696449 10.992051 1.132227 18.598666 -0.465636 0.014988
Cyclist -1 -1 -10 1036.000000 180.000000 1086.000000 208.000000 1.664444 0.548443 1.543465 12.860754 1.183624 19.878835 -1.067751 0.010278
