Pedestrian -1 -1 -10 1200.000000 209.000000 1241.000000 323.000000 1.672344 0.589987 0.581063 5.407182 1.795922 6.363057 3.333852 0.042953
Pedestrian -1 -1 -10 1222.000000 193.000000 1240.000000 334.000000 1.683167 0.576589 0.591558 6.772821 1.808635 7.549744 2.853185 0.012655
Car -1 -1 -10 600.000000 180.000000 696.000000 255.000000 1.500396 1.606718 3.759305 0.666384 1.717558 16.973480 -1.701414 0.999646
Car -1 -1 -10 375.000000 180.000000 436.000000 229.000000 1.577714 1.628030 3.830102 -7.266679 1.905053 25.738956 -1.756882 0.999553
Car -1 -1 -10 551.000000 179.000000 611.000000 221.000000 1.491759 1.612017 3.887237 -1.370712 1.798683 27.895959 -1.776296 0.992081
Car -1 -1 -10 577.000000 178.000000 643.000000 230.000000 1.577715 1.576939 3.434116 -0.260173 1.742484 23.150776 -1.705236 0.991442
Car -1 -1 -10 533.000000 179.000000 565.000000 205.000000 1.549322 1.626607 3.810124 -3.698806 1.906042 40.783364 -1.713008 0.989684
Car -1 -1 -10 -2.000000 141.000000 342.000000 374.000000 1.863839 1.703256 4.269886 -3.900790 1.546293 7.213180 1.345173 0.146683
Cyclist -1 -1 -10 1200.000000 213.000000 1241.000000 324.000000 1.731571 0.546385 1.509342 6.870282 1.559407 8.009734 -0.220521 0.073247
Cyclist -1 -1 -10 1222.000000 204.000000 1242.000000 321.000000 1.769462 0.367415 1.082240 15.609919 1.690714 17.532325 -0.847226 0.012339
