Pedestrian -1 -1 -10 449.000000 176.000000 471.000000 248.000000 1.762965 0.652298 0.771394 -3.628660 1.667637 18.128868 1.829672 0.993169
Pedestrian -1 -1 -10 819.000000 169.000000 870.000000 287.000000 1.670896 0.677516 0.837792 3.472563 1.487573 10.258798 1.473890 0.973993
Pedestrian -1 -1 -10 488.000000 182.000000 502.000000 233.000000 1.744143 0.627939 0.729110 -3.514460 1.748661 23.259708 1.823821 0.596027
Pedestrian -1 -1 -10 244.000000 187.000000 279.000000 278.000000 1.632066 0.561385 0.588161 -5.302481 1.669625 11.196677 2.156317 0.458547
Pedestrian -1 -1 -10 587.000000 179.000000 601.000000 220.000000 1.772115 0.650233 0.877167 -0.391298 1.708683 31.794257 1.701469 0.327925
Pedestrian -1 -1 -10 425.000000 176.000000 440.000000 220.000000 1.655567 0.670465 0.700096 -5.290319 1.403232 22.445343 -2.215505 0.090813
Pedestrian -1 -1 -10 552.000000 180.000000 567.000000 220.000000 1.689765 0.598111 0.892016 -1.886197 1.656778 32.225568 0.417348 0.040886
Pedestrian -1 -1 -10 627.000000 179.000000 637.000000 210.000000 1.764714 0.612072 0.828056 1.723753 1.544167 42.109460 -1.996212 0.036847
Pedestrian -1 -1 -10 640.000000 180.000000 649.000000 210.000000 1.750844 0.609058 0.669028 2.482918 1.671726 42.252848 -1.582421 0.031826
Pedestrian -1 -1 -10 397.000000 169.000000 412.000000 223.000000 1.800786 0.685217 0.592821 -5.640248 1.280663 20.558322 -0.172311 0.031734
Pedestrian -1 -1 -10 403.000000 173.000000 416.000000 220.000000 1.780581 0.665048 0.830601 -5.707986 1.264238 21.175189 1.781682 0.023006
Cyclist -1 -1 -10 231.000000 190.000000 288.000000 279.000000 1.639000 0.558663 1.650999 -5.387250 1.645694 11.277280 1.653842 0.094807
Cyclist -1 -1 -10 265.000000 197.000000 335.000000 264.000000 1.624858 0.489851 1.663155 -5.928379 1.857297 14.280591 -1.519574 0.018655
Cyclist -1 -1 -10 200.000000 198.000000 332.000000 276.000000 1.585275 0.605648 1.714828 -6.151678 1.717785 12.830693 -0.315664 0.014428
