Car -1 -1 -10 334.000000 182.000000 467.000000 263.000000 1.496649 1.632096 4.003766 -4.397298 1.426911 15.541104 -1.555825 0.999576
Car -1 -1 -10 582.000000 176.000000 663.000000 252.000000 1.544975 1.658288 3.748426 0.322857 1.356316 16.946574 -1.547918 0.999360
Car -1 -1 -10 0.000000 200.000000 311.000000 371.000000 1.462413 1.575170 3.685175 -4.488563 1.619681 7.394357 -1.572849 0.998926
Car -1 -1 -10 189.000000 182.000000 286.000000 229.000000 1.464769 1.601414 3.817184 -12.368514 1.383407 24.237576 -1.585360 0.970798
Car -1 -1 -10 319.000000 183.000000 398.000000 224.000000 1.447276 1.602133 3.824612 -8.274355 1.359301 24.596010 -1.376806 0.714089
Car -1 -1 -10 7.000000 177.000000 174.000000 237.000000 1.559650 1.550704 3.286959 -12.220201 1.584044 17.196414 1.834460 0.471246
Car -1 -1 -10 96.000000 188.000000 211.000000 245.000000 1.542775 1.589045 3.841021 -17.965271 1.016898 30.183479 0.546042 0.238028
Car -1 -1 -10 172.000000 175.000000 227.000000 201.000000 1.568329 1.600885 3.900835 -30.550999 0.884884 53.589246 1.420707 0.192926
Car -1 -1 -10 614.000000 169.000000 652.000000 216.000000 1.504786 1.543085 3.425647 2.001058 0.987971 37.726419 2.092841 0.114057
Car -1 -1 -10 385.000000 179.000000 428.000000 206.000000 1.524240 1.504203 3.205061 -8.675304 1.059689 30.109242 1.310147 0.060660
Car -1 -1 -10 42.000000 185.000000 235.000000 265.000000 1.418279 1.646629 3.888456 -8.287006 1.377743 12.264874 1.615544 0.047793
Cyclist -1 -1 -10 70.000000 187.000000 217.000000 251.000000 1.722843 0.537494 1.512787 -4.838836 1.405464 7.759134 -1.484601 0.021639
Cyclist -1 -1 -10 190.000000 183.000000 287.000000 230.000000 1.665698 0.713711 1.819480 -11.808110 1.554324 23.071958 -1.419610 0.016492
