Car -1 -1 -10 579.000000 173.000000 653.000000 242.000000 1.551698 1.642588 3.490409 0.163663 1.347027 18.259847 -1.584669 0.999422
Car -1 -1 -10 352.000000 182.000000 470.000000 259.000000 1.555719 1.618868 3.813312 -4.313872 1.485987 16.243415 -1.577786 0.999263
Car -1 -1 -10 455.000000 183.000000 511.000000 221.000000 1.443233 1.553819 3.656937 -4.818363 1.320856 28.058466 -1.581888 0.996360
Car -1 -1 -10 166.000000 185.000000 324.000000 256.000000 1.460240 1.604831 3.895782 -8.439494 1.479206 17.553842 -1.550601 0.992138
Car -1 -1 -10 492.000000 180.000000 537.000000 212.000000 1.575191 1.573608 3.980221 -4.571548 1.241226 36.128000 -1.637496 0.991881
Car -1 -1 -10 8.000000 174.000000 318.000000 378.000000 1.503180 1.622756 3.886864 -3.653953 1.558189 5.032002 -1.572215 0.989494
Car -1 -1 -10 276.000000 182.000000 351.000000 218.000000 1.588742 1.591862 3.839294 -12.884159 1.649310 32.324184 1.582946 0.618631
Car -1 -1 -10 254.000000 188.000000 303.000000 218.000000 1.527026 1.536768 3.387516 -12.745623 1.840830 30.458617 0.592521 0.014591
Car -1 -1 -10 64.000000 185.000000 317.000000 294.000000 1.505826 1.611934 3.656552 -9.816733 1.864615 16.999026 1.618502 0.012453
Car -1 -1 -10 587.000000 171.000000 641.000000 216.000000 1.524240 1.504203 3.205061 -0.742636 0.767739 30.356829 1.591637 0.010693
