Car -1 -1 -10 715.000000 177.000000 849.000000 271.000000 1.501788 1.633952 3.921496 2.980159 1.585879 13.387486 -1.565671 0.999656
Car -1 -1 -10 893.000000 148.000000 1160.000000 229.000000 1.565676 1.659158 4.179198 8.332965 1.125436 15.496242 3.160129 0.993123
Car -1 -1 -10 431.000000 181.000000 495.000000 222.000000 1.555563 1.620826 3.867806 -5.821552 1.906925 29.222322 1.583867 0.992791
Car -1 -1 -10 293.000000 182.000000 424.000000 260.000000 1.642199 1.652063 4.057447 -6.135839 1.929142 17.871185 -1.594019 0.935360
Car -1 -1 -10 0.000000 215.000000 177.000000 372.000000 1.465088 1.589874 3.759128 -6.076100 1.914731 6.919082 1.567370 0.869770
Car -1 -1 -10 463.000000 181.000000 510.000000 214.000000 1.551165 1.617289 3.968952 -5.876641 1.914341 34.829440 1.549838 0.661673
Car -1 -1 -10 729.000000 161.000000 820.000000 201.000000 1.633814 1.654491 4.046415 9.384131 1.109235 41.299842 3.173301 0.472191
Car -1 -1 -10 924.000000 150.000000 1001.000000 179.000000 1.521747 1.613453 3.847271 22.617389 0.535897 46.222299 0.358724 0.112188
Car -1 -1 -10 1055.000000 142.000000 1242.000000 273.000000 1.626485 1.621947 4.081440 8.408326 1.149666 9.219542 3.202636 0.105678
Car -1 -1 -10 483.000000 181.000000 521.000000 208.000000 1.491410 1.592574 3.999107 -5.777111 1.891130 39.600999 1.592924 0.076930
Car -1 -1 -10 230.000000 192.000000 377.000000 274.000000 1.480824 1.611856 4.173227 -6.346615 1.964680 15.356782 1.499230 0.040638
Car -1 -1 -10 712.000000 162.000000 790.000000 193.000000 1.679462 1.692270 4.035564 8.389836 1.150563 41.969187 2.874214 0.030831
Car -1 -1 -10 1097.000000 134.000000 1240.000000 216.000000 1.490184 1.567690 3.713667 12.646950 1.154926 14.871485 1.619206 0.028981
