Car -1 -1 -10 380.000000 181.000000 486.000000 248.000000 1.454656 1.623180 4.007170 -4.475436 1.382493 18.556643 -1.604253 0.999426
Car -1 -1 -10 574.000000 174.000000 659.000000 254.000000 1.555012 1.676795 3.729327 0.176197 1.398978 16.568989 -1.561918 0.999340
Car -1 -1 -10 158.000000 191.000000 378.000000 316.000000 1.460642 1.588142 3.724868 -4.605563 1.579771 10.375762 -1.575224 0.998971
Car -1 -1 -10 114.000000 184.000000 278.000000 267.000000 1.444512 1.609343 3.918512 -8.328783 1.506939 15.144193 -1.549814 0.992204
Car -1 -1 -10 240.000000 183.000000 305.000000 222.000000 1.488538 1.605657 3.781888 -12.396276 1.142110 27.168668 -1.521400 0.439288
Car -1 -1 -10 2.000000 178.000000 102.000000 259.000000 1.483506 1.629803 3.892424 -12.878005 1.566566 15.153685 -1.668865 0.315226
Car -1 -1 -10 354.000000 182.000000 416.000000 218.000000 1.534652 1.633624 3.993040 -8.254688 1.353548 27.667594 -1.431740 0.303708
Car -1 -1 -10 611.000000 170.000000 647.000000 212.000000 1.533358 1.574274 3.538842 0.989096 0.877079 36.395242 -1.421014 0.129531
Car -1 -1 -10 195.000000 186.000000 300.000000 231.000000 1.517552 1.559205 3.598873 -11.337600 1.500201 25.879171 0.529187 0.039020
Car -1 -1 -10 597.000000 173.000000 654.000000 227.000000 1.524739 1.527899 3.213267 0.951050 1.720908 20.053942 -0.875510 0.037454
Car -1 -1 -10 217.000000 185.000000 276.000000 220.000000 1.516947 1.559426 3.603623 -11.331976 1.501143 25.890335 0.527615 0.022789
