Car -1 -1 -10 744.000000 183.000000 1098.000000 374.000000 1.507523 1.673845 4.267998 2.814510 1.711937 7.425951 -1.563844 0.999837
Car -1 -1 -10 746.000000 176.000000 848.000000 221.000000 1.507501 1.650425 3.967350 6.729326 1.591637 24.384423 -0.078897 0.996956
Car -1 -1 -10 290.000000 167.000000 473.000000 225.000000 1.602616 1.625025 4.045700 -6.328300 1.369116 20.613260 -3.065249 0.992589
Car -1 -1 -10 690.000000 173.000000 756.000000 204.000000 1.563005 1.674620 3.873883 5.932088 1.629655 36.205697 0.023184 0.988727
Car -1 -1 -10 363.000000 166.000000 511.000000 215.000000 1.523891 1.591525 3.872798 -5.844140 1.275977 23.726843 0.258827 0.980594
Car -1 -1 -10 -20.000000 170.000000 347.000000 309.000000 1.506087 1.600235 4.207314 -5.582710 1.401400 8.801452 -0.085306 0.933753
Car -1 -1 -10 819.000000 177.000000 1105.000000 290.000000 1.459783 1.552695 3.934396 6.164005 1.573130 12.206345 -0.016991 0.796273
Car -1 -1 -10 447.000000 165.000000 535.000000 200.000000 1.534305 1.612324 3.829672 -5.784933 1.478180 36.438684 -3.048011 0.281270
Car -1 -1 -10 160.000000 166.000000 414.000000 259.000000 1.559263 1.595430 3.911093 -5.269426 1.326004 12.015327 -3.364381 0.154845
Car -1 -1 -10 2.000000 166.000000 67.000000 341.000000 1.536492 1.608338 3.823809 -6.377742 1.369303 5.516258 1.544458 0.061560
Cyclist -1 -1 -10 760.000000 179.000000 865.000000 225.000000 1.682707 0.648932 1.747875 6.144996 1.609415 23.590411 -0.038626 0.019424
