Pedestrian -1 -1 -10 905.000000 186.000000 980.000000 368.000000 1.735931 0.568449 0.857637 2.691619 1.736740 6.132579 0.946131 0.985491
Pedestrian -1 -1 -10 863.000000 187.000000 1069.000000 363.000000 1.754169 0.659799 0.986707 2.723426 1.774541 6.080884 0.394914 0.106726
Pedestrian -1 -1 -10 783.000000 190.000000 956.000000 291.000000 1.674370 0.725562 0.808321 3.689741 1.906313 11.862613 2.483704 0.021897
Car -1 -1 -10 554.000000 177.000000 596.000000 209.000000 1.521527 1.621024 3.954446 -1.707913 1.781361 36.360050 1.623370 0.996259
Car -1 -1 -10 776.000000 188.000000 948.000000 293.000000 1.501882 1.621866 3.962216 4.024360 1.800883 12.439460 1.595582 0.995731
Car -1 -1 -10 729.000000 187.000000 819.000000 251.000000 1.445708 1.607830 4.002089 4.014669 1.838894 18.618282 -1.502047 0.992587
Car -1 -1 -10 717.000000 183.000000 779.000000 237.000000 1.487096 1.575111 3.731382 4.427209 1.860602 23.651476 -1.547015 0.957678
Car -1 -1 -10 3.000000 205.000000 333.000000 375.000000 1.536842 1.580947 3.725353 -2.946441 1.762080 3.852744 1.555788 0.945178
Car -1 -1 -10 424.000000 161.000000 547.000000 274.000000 1.898721 1.731620 4.425707 -2.504630 1.756116 15.113598 -1.551441 0.921917
Car -1 -1 -10 700.000000 180.000000 747.000000 222.000000 1.565547 1.608169 3.769074 4.665794 1.945576 30.683315 -1.538321 0.798317
Car -1 -1 -10 919.000000 187.000000 1246.000000 374.000000 1.641542 1.646566 3.883285 3.590351 1.634885 5.652016 -1.620223 0.695843
Car -1 -1 -10 690.000000 180.000000 729.000000 215.000000 1.517611 1.608347 3.779077 4.605968 1.939380 35.046739 -1.532410 0.618456
Car -1 -1 -10 875.000000 191.000000 1054.000000 359.000000 1.575130 1.622604 3.880697 4.275423 1.626286 6.367093 -0.548323 0.384270
Car -1 -1 -10 497.000000 179.000000 560.000000 242.000000 1.509947 1.596862 3.813195 -2.355894 1.770767 20.498392 -1.534885 0.329878
Car -1 -1 -10 679.000000 179.000000 714.000000 208.000000 1.545458 1.635323 3.914902 4.733338 2.008452 40.864733 -1.525979 0.088554
Car -1 -1 -10 574.000000 177.000000 603.000000 202.000000 1.515918 1.470771 3.283947 -1.391210 2.343548 43.192311 2.010219 0.078845
Cyclist -1 -1 -10 881.000000 189.000000 1009.000000 365.000000 1.755744 0.514060 1.677162 2.732200 1.686941 6.058558 1.430835 0.029680
