Car -1 -1 -10 717.000000 180.000000 833.000000 257.000000 1.477081 1.589252 3.812161 3.386234 1.650948 15.556280 1.478309 0.999098
Car -1 -1 -10 831.000000 178.000000 1256.000000 375.000000 1.506589 1.605810 3.899096 3.289113 1.670198 5.704158 -1.555514 0.998050
Car -1 -1 -10 369.000000 184.000000 465.000000 241.000000 1.491105 1.619457 4.020042 -5.650802 1.873054 21.030133 1.678624 0.997891
Car -1 -1 -10 115.000000 195.000000 354.000000 306.000000 1.488902 1.571863 3.709664 -5.731070 1.912399 11.902460 1.567223 0.994876
Car -1 -1 -10 684.000000 178.000000 765.000000 233.000000 1.472607 1.641040 3.983354 3.305581 1.716535 21.264874 -1.632234 0.990307
Car -1 -1 -10 664.000000 177.000000 714.000000 215.000000 1.509526 1.613259 3.824474 3.138189 1.682537 29.975481 -1.589405 0.944530
Car -1 -1 -10 1.000000 208.000000 191.000000 370.000000 1.452515 1.612673 3.919077 -5.668967 1.855803 6.394372 1.602002 0.925042
Car -1 -1 -10 471.000000 176.000000 517.000000 209.000000 1.543381 1.552882 3.635406 -5.681408 1.806169 36.024619 1.614801 0.806285
Car -1 -1 -10 104.000000 186.000000 254.000000 227.000000 1.543991 1.581267 3.830639 -14.895940 1.803584 25.718870 -3.193737 0.061815
Cyclist -1 -1 -10 222.000000 182.000000 281.000000 221.000000 1.648062 0.654467 1.679670 -10.849342 1.676891 22.329652 1.736713 0.031660
