Car -1 -1 -10 343.000000 194.000000 490.000000 283.000000 1.422902 1.607414 3.972581 -3.391076 1.572154 13.165196 -1.601723 0.999690
Car -1 -1 -10 574.000000 180.000000 611.000000 213.000000 1.552466 1.641268 3.913150 -0.696394 1.353949 37.534106 -1.582883 0.999592
Car -1 -1 -10 192.000000 190.000000 335.000000 265.000000 1.444962 1.583523 3.754168 -7.570891 1.579698 16.171353 -1.588280 0.999066
Car -1 -1 -10 454.000000 186.000000 511.000000 223.000000 1.468717 1.615193 3.978289 -4.971185 1.471463 28.730542 -1.638826 0.997186
Car -1 -1 -10 162.000000 188.000000 264.000000 237.000000 1.465594 1.613471 3.793778 -12.470340 1.671286 23.376097 -1.581043 0.993663
Car -1 -1 -10 345.000000 186.000000 399.000000 232.000000 1.505032 1.619173 3.905375 -8.105890 1.563023 25.360078 -1.774390 0.935353
Car -1 -1 -10 265.000000 181.000000 341.000000 221.000000 1.628894 1.625054 3.928076 -12.963936 1.516342 30.908561 -1.528218 0.611056
Car -1 -1 -10 391.000000 189.000000 443.000000 222.000000 1.506093 1.548253 3.328312 -8.581132 1.295328 32.964576 1.847392 0.410891
Car -1 -1 -10 0.000000 207.000000 48.000000 271.000000 1.524240 1.504203 3.205061 -15.538240 1.912299 19.338167 0.901843 0.229129
Cyclist -1 -1 -10 388.000000 191.000000 445.000000 223.000000 1.699637 0.568462 1.608792 -8.405785 1.433407 32.325547 -1.826900 0.014151
