Car -1 -1 -10 542.000000 190.000000 752.000000 367.000000 1.462319 1.644262 3.665020 0.242579 1.643696 7.167762 -1.543746 0.999709
Car -1 -1 -10 397.000000 178.000000 493.000000 261.000000 1.506870 1.623359 4.004940 -3.667291 1.611019 15.386883 -1.595304 0.991550
Car -1 -1 -10 443.000000 163.000000 516.000000 230.000000 1.772709 1.642366 4.017902 -3.827417 1.530407 21.953207 -1.582519 0.985830
Car -1 -1 -10 576.000000 181.000000 651.000000 227.000000 1.478398 1.574824 3.617420 -0.007707 1.247903 17.257720 1.519915 0.825935
Car -1 -1 -10 569.000000 174.000000 659.000000 265.000000 1.512078 1.621862 3.789216 0.008843 1.541385 17.383925 -1.579561 0.202240
Car -1 -1 -10 700.000000 179.000000 767.000000 222.000000 1.484978 1.635618 4.071132 4.241927 1.625257 24.484476 -1.577007 0.090073
Car -1 -1 -10 789.000000 0.000000 1232.000000 374.000000 2.014607 1.730541 4.328948 3.547106 1.530763 5.266249 -1.578099 0.079414
Car -1 -1 -10 560.000000 181.000000 706.000000 308.000000 1.524644 1.555117 3.249209 0.638992 1.565746 8.126397 2.096729 0.052531
Car -1 -1 -10 725.000000 187.000000 790.000000 231.000000 1.541520 1.626562 3.797945 3.224686 1.752862 23.814670 -1.900788 0.027010
Car -1 -1 -10 308.000000 168.000000 451.000000 273.000000 1.570734 1.640783 3.849503 -4.214316 1.710537 14.660658 -1.819030 0.024960
Car -1 -1 -10 399.000000 170.000000 454.000000 205.000000 1.524240 1.504203 3.205061 -13.664446 2.035418 54.993217 1.333941 0.022400
Cyclist -1 -1 -10 572.000000 179.000000 664.000000 257.000000 1.740431 0.795437 1.767123 0.181294 1.485991 15.944821 3.103999 0.052304
