Pedestrian -1 -1 -10 790.000000 168.000000 823.000000 248.000000 1.751512 0.724728 0.949285 4.258745 1.668748 15.725772 1.388522 0.989730
Pedestrian -1 -1 -10 787.000000 172.000000 811.000000 228.000000 1.754578 0.612271 0.673532 4.304840 1.573901 15.515436 -0.892752 0.030401
Car -1 -1 -10 345.000000 190.000000 433.000000 248.000000 1.446053 1.652822 4.050535 -6.022375 1.832710 19.271581 1.108774 0.999631
Car -1 -1 -10 52.000000 194.000000 350.000000 374.000000 1.474396 1.565835 3.682353 -3.820843 1.773496 7.546827 1.452840 0.998319
Car -1 -1 -10 486.000000 178.000000 577.000000 211.000000 1.568619 1.619359 4.013088 -3.892593 1.948736 36.028944 2.567639 0.988110
Car -1 -1 -10 152.000000 184.000000 267.000000 229.000000 1.644664 1.626786 4.035302 -15.770395 2.113949 28.574261 0.014663 0.985566
Car -1 -1 -10 618.000000 177.000000 708.000000 205.000000 1.543108 1.655891 4.160240 2.811683 1.802209 39.455878 2.775244 0.961477
Car -1 -1 -10 229.000000 177.000000 329.000000 220.000000 1.823690 1.659999 4.021528 -19.384345 2.442638 47.817131 0.023275 0.113364
Car -1 -1 -10 218.000000 194.000000 341.000000 292.000000 1.388312 1.544693 3.234798 -9.073353 2.069431 20.677862 0.317029 0.014614
Cyclist -1 -1 -10 787.000000 168.000000 823.000000 250.000000 1.844661 0.656219 1.767733 4.242483 1.695409 15.750365 1.830336 0.022461
Cyclist -1 -1 -10 221.000000 183.000000 330.000000 226.000000 1.743977 0.600220 1.602633 -15.837510 2.338199 35.131378 -2.004671 0.017505
Cyclist -1 -1 -10 218.000000 197.000000 334.000000 251.000000 1.697742 0.606861 1.525007 -9.215207 1.857011 19.444709 0.603185 0.014688
Cyclist -1 -1 -10 153.000000 182.000000 269.000000 223.000000 1.772286 0.800450 2.020020 -15.643804 2.100840 28.352294 -0.055502 0.013346
Cyclist -1 -1 -10 61.000000 199.000000 109.000000 254.000000 1.711427 0.651132 1.652492 -12.205749 2.275249 16.697314 0.389864 0.011986
