Pedestrian -1 -1 -10 236.000000 168.000000 305.000000 345.000000 1.761230 0.580587 0.951074 -3.467707 1.566501 7.445486 -1.577711 0.998693
Pedestrian -1 -1 -10 799.000000 154.000000 859.000000 291.000000 1.728858 0.525311 0.801888 2.586374 1.397318 8.198564 3.423482 0.992899
Pedestrian -1 -1 -10 870.000000 154.000000 900.000000 243.000000 1.671222 0.601792 0.734121 5.360135 1.104774 13.635737 -1.561664 0.989716
Pedestrian -1 -1 -10 487.000000 167.000000 508.000000 211.000000 1.782576 0.610695 0.853692 -4.562473 1.242483 29.743789 2.403861 0.210763
Pedestrian -1 -1 -10 548.000000 176.000000 567.000000 212.000000 1.626976 0.718554 0.834347 -1.719464 1.439717 29.138156 -1.637298 0.112767
Pedestrian -1 -1 -10 4.000000 154.000000 48.000000 279.000000 1.680316 0.600736 0.611904 -9.684102 1.995981 11.715203 -1.722975 0.099063
Pedestrian -1 -1 -10 538.000000 175.000000 557.000000 212.000000 1.615869 0.683641 0.857919 -2.172363 1.287442 29.046469 -1.565894 0.079234
Pedestrian -1 -1 -10 483.000000 163.000000 494.000000 207.000000 1.755675 0.637534 0.819202 -4.612360 1.181768 30.144733 0.381635 0.012179
Car -1 -1 -10 671.000000 162.000000 733.000000 216.000000 1.719470 1.657112 3.685274 3.484437 1.118361 26.058771 -1.583523 0.985007
Cyclist -1 -1 -10 485.000000 168.000000 509.000000 211.000000 1.707033 0.524878 1.720271 -4.578762 1.187801 29.832916 -2.130779 0.034137
