Pedestrian -1 -1 -10 1215.000000 161.000000 1242.000000 293.000000 1.725225 0.660666 0.803824 8.730657 1.879852 9.988986 1.305035 0.015821
Pedestrian -1 -1 -10 37.000000 225.000000 125.000000 270.000000 1.729349 0.668068 0.840346 -12.707202 2.851276 17.814826 -2.266033 0.012897
Car -1 -1 -10 376.000000 213.000000 677.000000 375.000000 1.491840 1.590975 3.593552 -1.054029 1.942697 7.730767 -2.295223 0.999726
Car -1 -1 -10 108.000000 216.000000 230.000000 291.000000 1.569042 1.602278 3.753594 -11.531441 2.656150 18.156037 -2.342995 0.996986
Car -1 -1 -10 252.000000 221.000000 470.000000 338.000000 1.472671 1.662720 4.049220 -4.133076 2.282673 11.290721 -2.315313 0.993116
Car -1 -1 -10 182.000000 221.000000 330.000000 306.000000 1.451982 1.636251 3.978431 -7.402071 2.452904 14.609883 -2.328945 0.989955
Car -1 -1 -10 39.000000 224.000000 125.000000 271.000000 1.503882 1.625144 3.853110 -13.481254 2.485240 16.979098 -1.579374 0.971628
Car -1 -1 -10 72.000000 223.000000 170.000000 278.000000 1.495092 1.633956 3.767209 -11.266455 2.544400 18.220196 -1.085382 0.908377
Car -1 -1 -10 26.000000 227.000000 93.000000 263.000000 1.463638 1.576608 3.608415 -19.945236 3.450845 26.571998 1.438998 0.279176
Car -1 -1 -10 7.000000 228.000000 69.000000 258.000000 1.616928 1.499561 3.225667 -22.778823 3.720892 30.374233 -2.274137 0.066228
Cyclist -1 -1 -10 1219.000000 170.000000 1242.000000 278.000000 1.682189 0.552930 1.500537 8.893756 1.485725 10.202979 -0.832232 0.146361
