Car -1 -1 -10 484.000000 188.000000 614.000000 263.000000 1.416153 1.622435 3.892565 -1.489360 1.759633 15.195667 -2.001369 0.999539
Car -1 -1 -10 381.000000 181.000000 439.000000 221.000000 1.456086 1.624725 3.770006 -8.263372 1.828371 28.933204 -1.962224 0.998766
Car -1 -1 -10 188.000000 184.000000 234.000000 215.000000 1.567684 1.647192 3.960443 -22.278838 2.324084 39.694625 1.079177 0.997025
Car -1 -1 -10 1056.000000 156.000000 1241.000000 239.000000 1.501567 1.643332 3.917148 9.820238 1.147767 13.522264 1.899265 0.995525
Car -1 -1 -10 367.000000 180.000000 414.000000 212.000000 1.616988 1.630511 3.890277 -10.687723 1.921007 34.207053 -1.954846 0.982038
Car -1 -1 -10 -1.000000 203.000000 125.000000 305.000000 1.488828 1.580229 3.761060 -9.594889 2.034756 12.430176 1.109645 0.923627
Car -1 -1 -10 546.000000 165.000000 652.000000 204.000000 1.546249 1.627325 4.142813 -0.304789 1.297807 31.385889 -2.998337 0.825236
Car -1 -1 -10 626.000000 142.000000 1024.000000 361.000000 2.005511 1.736349 4.225709 1.883136 1.742632 8.184230 -1.983240 0.609805
Car -1 -1 -10 875.000000 157.000000 1039.000000 233.000000 1.459585 1.550825 3.722422 8.023761 1.083371 15.387574 2.060422 0.454116
Car -1 -1 -10 507.000000 173.000000 590.000000 204.000000 1.657390 1.596856 3.675964 -2.964934 1.593297 34.882674 2.957859 0.124171
Car -1 -1 -10 996.000000 157.000000 1134.000000 214.000000 1.498144 1.559398 3.816614 15.146952 1.014969 22.369393 0.996493 0.100973
Car -1 -1 -10 205.000000 184.000000 243.000000 210.000000 1.546568 1.529615 3.566029 -23.851598 2.185916 43.173306 1.204773 0.081578
Car -1 -1 -10 774.000000 149.000000 1014.000000 302.000000 1.688980 1.646613 3.941054 2.414241 1.388345 7.512340 -1.868465 0.031387
Car -1 -1 -10 1132.000000 143.000000 1241.000000 215.000000 1.485053 1.606580 3.629717 13.855465 0.677649 16.552600 -1.909140 0.028673
