Car -1 -1 -10 809.000000 193.000000 982.000000 274.000000 1.552058 1.600169 3.783379 6.060548 1.957749 14.290790 -0.022444 0.993182
Car -1 -1 -10 635.000000 188.000000 672.000000 219.000000 1.473783 1.659415 4.136108 2.173033 2.306406 37.829101 -1.628019 0.991184
Car -1 -1 -10 878.000000 186.000000 1243.000000 363.000000 1.479232 1.593502 3.884805 5.999231 1.376256 8.960346 3.215708 0.986261
Car -1 -1 -10 747.000000 191.000000 913.000000 253.000000 1.539241 1.552790 4.126619 6.085471 2.031718 19.522314 3.113462 0.986112
Car -1 -1 -10 240.000000 181.000000 445.000000 252.000000 1.577358 1.631245 3.910855 -6.878102 1.983191 18.021805 -3.299646 0.976441
Car -1 -1 -10 16.000000 189.000000 368.000000 301.000000 1.481393 1.633289 4.130722 -6.615354 1.841479 11.183367 -3.240088 0.968696
Car -1 -1 -10 873.000000 193.000000 1083.000000 298.000000 1.500667 1.604602 3.780130 6.036614 1.795599 11.121567 -0.079668 0.957017
Car -1 -1 -10 0.000000 185.000000 216.000000 340.000000 1.570468 1.629679 3.996966 -5.975938 1.780737 8.055991 0.453743 0.931054
Car -1 -1 -10 727.000000 184.000000 851.000000 243.000000 1.621432 1.603685 3.935236 5.679380 2.198822 22.724924 3.032135 0.908045
Car -1 -1 -10 169.000000 189.000000 383.000000 276.000000 1.512039 1.608916 3.957522 -6.448242 1.802714 13.457035 -3.152581 0.844854
Car -1 -1 -10 393.000000 188.000000 509.000000 224.000000 1.471688 1.565834 3.953447 -6.557557 2.099304 32.156935 -0.083416 0.262266
Car -1 -1 -10 309.000000 182.000000 496.000000 239.000000 1.693347 1.648231 4.040123 -6.556540 2.062250 21.819648 0.078126 0.087410
Cyclist -1 -1 -10 530.000000 185.000000 549.000000 224.000000 1.703186 0.626230 1.727269 -3.120903 2.281338 32.328648 1.401342 0.766025
