Car -1 -1 -10 283.000000 191.000000 419.000000 268.000000 1.545779 1.609469 3.916792 -5.757947 1.979131 16.265057 1.596294 0.999575
Car -1 -1 -10 369.000000 187.000000 459.000000 242.000000 1.467066 1.564353 3.835479 -5.639391 1.884630 21.904733 1.622326 0.997654
Car -1 -1 -10 792.000000 153.000000 908.000000 195.000000 1.571414 1.623902 3.935691 9.634967 0.926543 28.307470 3.160600 0.994310
Car -1 -1 -10 419.000000 185.000000 487.000000 229.000000 1.468452 1.556701 3.831536 -5.706892 1.949985 26.810961 1.574270 0.982976
Car -1 -1 -10 458.000000 183.000000 509.000000 217.000000 1.546165 1.588146 4.022246 -5.606933 1.909175 32.789575 1.586244 0.911367
Car -1 -1 -10 664.000000 173.000000 706.000000 203.000000 1.520674 1.617202 4.013286 3.600101 1.471734 34.522218 1.566565 0.844523
Car -1 -1 -10 491.000000 181.000000 533.000000 209.000000 1.532765 1.586334 3.926373 -5.403612 1.966191 40.205792 1.637353 0.562673
Car -1 -1 -10 1.000000 231.000000 116.000000 373.000000 1.509720 1.615211 3.754265 -5.723197 2.103300 5.210216 -1.585023 0.487720
Car -1 -1 -10 1117.000000 132.000000 1243.000000 176.000000 1.629789 1.730629 4.116887 22.816070 0.238717 28.871250 0.031278 0.459634
Car -1 -1 -10 1061.000000 142.000000 1165.000000 174.000000 1.456816 1.595513 3.866239 23.109084 -0.023348 33.420731 0.069766 0.388075
Car -1 -1 -10 742.000000 160.000000 846.000000 192.000000 1.629221 1.694344 4.132949 8.985870 1.089408 33.432849 3.162492 0.149962
Cyclist -1 -1 -10 0.000000 227.000000 120.000000 372.000000 1.738747 0.645207 1.786277 -5.186351 2.287136 6.106892 -1.649682 0.010458
