Pedestrian -1 -1 -10 620.000000 167.000000 649.000000 233.000000 1.662458 0.638761 0.852363 0.874530 1.450797 18.710951 -1.014231 0.990590
Pedestrian -1 -1 -10 56.000000 157.000000 151.000000 336.000000 1.717957 0.634909 0.734440 -3.947760 1.498316 5.723606 1.402690 0.986406
Pedestrian -1 -1 -10 331.000000 157.000000 368.000000 263.000000 1.799778 0.629389 0.877110 -4.840969 1.424316 13.266853 -2.394910 0.956426
Pedestrian -1 -1 -10 558.000000 167.000000 580.000000 226.000000 1.706836 0.536681 0.840300 -1.025012 1.296462 22.129513 2.618058 0.954574
Pedestrian -1 -1 -10 495.000000 172.000000 532.000000 238.000000 1.737490 0.589631 0.636547 -2.201435 1.416093 17.525842 0.355159 0.603841
Pedestrian -1 -1 -10 19.000000 164.000000 209.000000 362.000000 1.745986 0.720483 0.728045 -3.639694 1.622050 5.408584 1.988436 0.082165
Pedestrian -1 -1 -10 647.000000 163.000000 662.000000 203.000000 1.735523 0.623300 0.768712 2.539081 0.961074 36.228063 -1.998841 0.035001
Pedestrian -1 -1 -10 47.000000 174.000000 96.000000 283.000000 1.713423 0.566817 0.603764 -5.133062 1.566258 7.483203 -1.571340 0.019930
Pedestrian -1 -1 -10 613.000000 165.000000 630.000000 214.000000 1.783505 0.615130 0.786878 0.900744 1.111802 33.819476 1.497536 0.015067
Car -1 -1 -10 832.000000 210.000000 958.000000 276.000000 1.524240 1.504203 3.205061 7.263378 2.135818 20.745635 1.971878 0.011754
Cyclist -1 -1 -10 492.000000 173.000000 536.000000 236.000000 1.776337 0.621828 1.729870 -2.418968 1.428522 17.511271 -1.150977 0.881540
