Car -1 -1 -10 743.000000 179.000000 901.000000 282.000000 1.468085 1.565621 3.754947 3.375926 1.638358 12.230770 1.493404 0.999663
Car -1 -1 -10 310.000000 187.000000 441.000000 257.000000 1.531003 1.611997 3.890810 -5.599254 1.898105 17.665412 1.683111 0.999068
Car -1 -1 -10 0.000000 205.000000 272.000000 367.000000 1.458918 1.577526 3.687611 -5.718442 1.905638 8.583591 1.600717 0.995156
Car -1 -1 -10 695.000000 179.000000 790.000000 245.000000 1.461099 1.638513 4.026579 3.310046 1.643052 18.099960 -1.632098 0.993703
Car -1 -1 -10 670.000000 177.000000 726.000000 220.000000 1.496674 1.602135 3.716737 3.104368 1.635688 26.687842 -1.594023 0.975533
Car -1 -1 -10 458.000000 178.000000 508.000000 214.000000 1.564443 1.539659 3.618281 -5.715251 1.852570 32.620706 1.571269 0.873266
Car -1 -1 -10 1009.000000 127.000000 1239.000000 375.000000 1.504991 1.644674 3.845893 3.074344 1.709857 2.502946 -1.573821 0.810598
Car -1 -1 -10 30.000000 188.000000 184.000000 248.000000 1.522479 1.605901 3.846519 -14.530220 2.013583 22.059392 -0.078273 0.728214
Car -1 -1 -10 0.000000 194.000000 81.000000 243.000000 1.432422 1.594155 3.785956 -14.833972 1.835427 17.358113 -3.152217 0.138356
Cyclist -1 -1 -10 33.000000 187.000000 191.000000 252.000000 1.723717 0.415517 1.572747 -14.600984 1.963242 21.178536 -2.800101 0.011207
