Car -1 -1 -10 262.000000 183.000000 450.000000 299.000000 1.483061 1.594939 3.821856 -3.781455 1.523648 11.252345 -1.577996 0.999662
Car -1 -1 -10 706.000000 186.000000 823.000000 271.000000 1.442876 1.577589 3.720245 2.892572 1.442767 14.009160 -1.582518 0.999604
Car -1 -1 -10 30.000000 176.000000 250.000000 279.000000 1.534443 1.604412 3.768765 -8.146227 1.464617 12.910808 -1.597041 0.999509
Car -1 -1 -10 653.000000 180.000000 712.000000 222.000000 1.488614 1.623930 3.949022 2.666603 1.198474 26.951151 -1.590895 0.999444
Car -1 -1 -10 441.000000 179.000000 514.000000 234.000000 1.563432 1.588568 3.596794 -3.909767 1.368893 21.895500 -1.587547 0.998668
Car -1 -1 -10 481.000000 180.000000 534.000000 219.000000 1.549098 1.600055 3.948791 -4.193125 1.246043 29.963629 -1.565561 0.956237
Car -1 -1 -10 382.000000 180.000000 442.000000 222.000000 1.518297 1.601411 3.566746 -8.541628 1.329977 31.181768 -1.551570 0.533806
Car -1 -1 -10 436.000000 178.000000 485.000000 217.000000 1.537547 1.438804 2.949505 -5.001931 1.442236 24.898927 0.783848 0.123762
Car -1 -1 -10 280.000000 182.000000 368.000000 234.000000 1.501795 1.582512 3.858920 -8.082684 1.504001 21.177678 -1.468363 0.083892
Car -1 -1 -10 502.000000 179.000000 539.000000 206.000000 1.474590 1.582510 3.674834 -4.919209 1.076282 40.527091 -1.612214 0.051192
