Pedestrian -1 -1 -10 346.000000 181.000000 358.000000 211.000000 1.739291 0.599643 0.775257 -15.771820 1.873579 44.017698 -2.461832 0.266448
Pedestrian -1 -1 -10 359.000000 179.000000 368.000000 206.000000 1.753710 0.640492 0.670289 -15.431810 1.905959 45.069153 -1.405378 0.093040
Pedestrian -1 -1 -10 487.000000 171.000000 496.000000 202.000000 1.703989 0.632337 0.631009 -6.152363 1.920946 38.462189 -1.199986 0.048286
Pedestrian -1 -1 -10 549.000000 168.000000 560.000000 202.000000 1.750573 0.546109 0.712678 -2.994348 0.857079 40.430672 -2.253145 0.044629
Pedestrian -1 -1 -10 349.000000 179.000000 363.000000 210.000000 1.760345 0.639790 0.860340 -15.722575 1.764822 44.268123 0.451045 0.018783
Car -1 -1 -10 507.000000 175.000000 547.000000 208.000000 1.479832 1.629056 3.718902 -3.846753 1.262216 34.623304 -1.657284 0.998149
Car -1 -1 -10 998.000000 139.000000 1160.000000 194.000000 1.646191 1.581957 3.698638 15.510194 0.472201 22.341397 2.660527 0.992407
Car -1 -1 -10 899.000000 151.000000 971.000000 177.000000 1.518018 1.592189 3.750292 15.085606 0.190941 32.828502 0.284625 0.293612
Cyclist -1 -1 -10 609.000000 165.000000 645.000000 198.000000 1.719726 0.662039 1.835820 1.172750 0.908933 42.588348 -0.004586 0.995959
Cyclist -1 -1 -10 368.000000 176.000000 394.000000 218.000000 1.753782 0.511983 1.693327 -10.492825 1.772936 32.826828 -1.485175 0.983716
Cyclist -1 -1 -10 669.000000 163.000000 706.000000 195.000000 1.741338 0.791631 1.883014 4.531259 0.838952 39.572820 0.269500 0.284673
Cyclist -1 -1 -10 675.000000 163.000000 692.000000 193.000000 1.723557 0.610059 1.711913 4.423171 0.785089 39.557454 3.199985 0.012386
