Car -1 -1 -10 635.000000 184.000000 671.000000 213.000000 1.445315 1.635388 4.025550 2.183304 2.080684 38.750298 -1.609001 0.997328
Car -1 -1 -10 847.000000 179.000000 1242.000000 363.000000 1.447602 1.588659 3.660618 2.788585 1.762104 4.827994 -1.570638 0.994173
Car -1 -1 -10 736.000000 186.000000 882.000000 242.000000 1.445589 1.580928 3.872706 5.725234 1.968369 22.970761 -0.062758 0.991858
Car -1 -1 -10 797.000000 188.000000 957.000000 263.000000 1.515266 1.591711 3.733917 6.048968 1.851272 15.315349 -0.014577 0.986086
Car -1 -1 -10 -7.000000 188.000000 268.000000 310.000000 1.510496 1.619764 3.910619 -6.911907 1.610902 9.857956 -3.227756 0.978837
Car -1 -1 -10 237.000000 179.000000 446.000000 249.000000 1.692401 1.683371 4.045513 -7.021376 1.910303 18.780759 -3.341866 0.938759
Car -1 -1 -10 133.000000 188.000000 390.000000 273.000000 1.559990 1.603498 3.897074 -6.013169 1.771815 13.415865 -3.436629 0.900427
Car -1 -1 -10 847.000000 188.000000 1011.000000 279.000000 1.506661 1.618117 3.841277 6.038559 1.736924 12.060307 -0.111252 0.640197
Car -1 -1 -10 402.000000 184.000000 515.000000 220.000000 1.475938 1.540229 3.926677 -6.354858 1.878466 33.097042 -0.118413 0.532560
Car -1 -1 -10 722.000000 178.000000 826.000000 232.000000 1.674501 1.652208 4.019515 5.679566 1.920405 23.764354 3.020970 0.295667
Car -1 -1 -10 855.000000 183.000000 1119.000000 302.000000 1.556787 1.640229 3.912055 5.983443 1.692373 10.442736 0.018068 0.281050
Cyclist -1 -1 -10 533.000000 180.000000 553.000000 217.000000 1.720117 0.614166 1.756936 -3.078231 2.100353 33.581871 1.517402 0.226556
