Car -1 -1 -10 452.000000 189.000000 583.000000 264.000000 1.420558 1.611002 3.918608 -2.217603 1.828584 15.702000 -2.055780 0.999540
Car -1 -1 -10 351.000000 183.000000 407.000000 222.000000 1.453661 1.633965 3.858767 -9.579664 1.894233 29.205538 -2.035972 0.999123
Car -1 -1 -10 150.000000 185.000000 198.000000 217.000000 1.549903 1.638974 3.897795 -23.890968 2.319696 39.213795 1.152875 0.998331
Car -1 -1 -10 999.000000 162.000000 1166.000000 238.000000 1.499249 1.666199 4.072309 9.214410 1.200163 14.578518 1.848445 0.997171
Car -1 -1 -10 335.000000 182.000000 385.000000 215.000000 1.535434 1.608804 3.958126 -12.109014 1.956443 34.368858 -2.011791 0.966639
Car -1 -1 -10 520.000000 168.000000 620.000000 208.000000 1.554947 1.616761 3.847401 -1.677953 1.360021 31.913937 -2.978806 0.878012
Car -1 -1 -10 -1.000000 202.000000 100.000000 302.000000 1.461453 1.565024 3.729187 -10.119095 2.023544 12.693838 1.067229 0.850307
Car -1 -1 -10 816.000000 160.000000 983.000000 236.000000 1.489960 1.558061 3.678040 7.227580 1.210689 16.315603 1.772526 0.763382
Car -1 -1 -10 590.000000 149.000000 945.000000 349.000000 2.033275 1.738350 4.255411 1.497169 1.824851 8.853220 -2.041028 0.372592
Car -1 -1 -10 171.000000 185.000000 208.000000 212.000000 1.479872 1.491540 3.402904 -25.493560 2.652726 42.260963 1.150556 0.327061
Car -1 -1 -10 475.000000 176.000000 559.000000 205.000000 1.514489 1.614189 3.861675 -5.314956 1.643085 37.324209 0.318105 0.224438
Car -1 -1 -10 1094.000000 149.000000 1241.000000 219.000000 1.524360 1.597069 3.792484 13.219035 1.130643 16.712024 1.281231 0.164267
Car -1 -1 -10 0.000000 209.000000 60.000000 342.000000 1.438889 1.573932 3.703814 -7.871199 1.916124 8.611556 -2.104823 0.087683
Car -1 -1 -10 949.000000 164.000000 1058.000000 215.000000 1.490178 1.614435 3.910574 13.587591 0.977313 25.173255 2.616647 0.061312
