Pedestrian -1 -1 -10 920.000000 169.000000 968.000000 284.000000 1.674254 0.661346 0.693957 4.819948 1.553097 10.262014 -1.151635 0.993310
Pedestrian -1 -1 -10 289.000000 193.000000 383.000000 371.000000 1.641981 0.608330 0.712915 -2.375154 1.710188 6.428747 1.694718 0.990902
Pedestrian -1 -1 -10 583.000000 177.000000 605.000000 246.000000 1.694528 0.567316 0.917164 -0.222529 1.495842 18.667785 -1.533898 0.984420
Pedestrian -1 -1 -10 455.000000 181.000000 499.000000 285.000000 1.671210 0.733421 0.627982 -2.190890 1.666234 12.095047 1.572161 0.878662
Pedestrian -1 -1 -10 535.000000 176.000000 556.000000 239.000000 1.796561 0.707415 0.940360 -1.694638 1.685866 21.287604 1.924451 0.705025
Pedestrian -1 -1 -10 556.000000 175.000000 577.000000 230.000000 1.755549 0.685702 0.901400 -1.142780 1.561415 24.273053 1.379472 0.386346
Pedestrian -1 -1 -10 280.000000 186.000000 330.000000 293.000000 1.703708 0.606440 0.635324 -3.659978 1.717047 8.687822 2.244105 0.297163
Pedestrian -1 -1 -10 599.000000 176.000000 615.000000 222.000000 1.730017 0.610455 0.801179 0.213411 1.590959 29.704060 1.474662 0.249151
Pedestrian -1 -1 -10 593.000000 177.000000 610.000000 230.000000 1.692196 0.596988 0.598359 0.173134 1.672209 21.101221 2.448405 0.247725
Pedestrian -1 -1 -10 607.000000 177.000000 621.000000 220.000000 1.804952 0.658352 0.951408 0.509811 1.683316 30.895506 0.593379 0.167696
Pedestrian -1 -1 -10 622.000000 177.000000 637.000000 221.000000 1.783430 0.630937 0.797599 1.181403 1.603933 29.854226 -1.477218 0.154678
Pedestrian -1 -1 -10 687.000000 169.000000 729.000000 250.000000 1.769801 0.629371 0.985287 2.518274 1.624615 17.117038 2.741393 0.035113
Pedestrian -1 -1 -10 246.000000 191.000000 361.000000 288.000000 1.687691 0.614945 0.656860 -3.603640 1.700812 8.750457 -1.500285 0.015064
Cyclist -1 -1 -10 683.000000 170.000000 737.000000 252.000000 1.733015 0.538124 1.856120 2.484569 1.612732 17.044416 1.295160 0.820159
Cyclist -1 -1 -10 450.000000 182.000000 497.000000 288.000000 1.670354 0.530309 1.728507 -2.239916 1.690196 12.017108 1.529473 0.691048
Cyclist -1 -1 -10 236.000000 197.000000 393.000000 289.000000 1.618208 0.651009 1.751044 -4.611730 1.842264 11.291194 0.710550 0.650708
Cyclist -1 -1 -10 265.000000 193.000000 335.000000 285.000000 1.705127 0.660150 1.702075 -4.683078 1.960197 11.029386 -0.210877 0.549817
Cyclist -1 -1 -10 289.000000 197.000000 383.000000 365.000000 1.701937 0.567475 1.695861 -2.465099 1.734614 6.446118 1.767738 0.298326
Cyclist -1 -1 -10 822.000000 189.000000 909.000000 348.000000 1.661160 0.544773 1.713745 2.698513 1.781939 7.798885 1.392544 0.044309
