Pedestrian -1 -1 -10 813.000000 172.000000 836.000000 220.000000 1.782361 0.536361 0.930844 10.637276 1.566592 35.598341 2.792486 0.115028
Pedestrian -1 -1 -10 822.000000 171.000000 842.000000 221.000000 1.753540 0.533944 0.919928 10.721083 1.621038 34.967408 -1.592275 0.029464
Pedestrian -1 -1 -10 807.000000 177.000000 827.000000 221.000000 1.766960 0.525380 0.925184 10.537303 1.949282 36.157302 2.765840 0.012757
Car -1 -1 -10 490.000000 180.000000 536.000000 215.000000 1.494565 1.528452 3.493655 -4.330844 1.828144 32.786409 1.612571 0.999315
Car -1 -1 -10 857.000000 188.000000 1249.000000 373.000000 1.481915 1.592708 3.790578 3.696931 1.698846 6.654837 -1.547386 0.999256
Car -1 -1 -10 198.000000 193.000000 401.000000 304.000000 1.505645 1.606931 3.852632 -4.723038 1.826254 11.543855 1.583456 0.999167
Car -1 -1 -10 345.000000 187.000000 464.000000 258.000000 1.475209 1.587964 3.914367 -4.685962 1.819917 16.907226 1.585676 0.999111
Car -1 -1 -10 752.000000 185.000000 945.000000 289.000000 1.481511 1.675638 4.117650 3.607610 1.685179 11.882261 -1.603646 0.997410
Car -1 -1 -10 721.000000 180.000000 827.000000 252.000000 1.507067 1.632176 3.872747 3.630767 1.714490 16.896939 -1.557842 0.993857
Car -1 -1 -10 704.000000 179.000000 776.000000 231.000000 1.531885 1.616643 3.768518 3.961417 1.771727 22.480766 -1.521728 0.981456
Car -1 -1 -10 4.000000 196.000000 247.000000 375.000000 1.453070 1.602503 3.881447 -4.690675 1.811000 5.940309 1.588911 0.977868
Car -1 -1 -10 513.000000 178.000000 555.000000 208.000000 1.503388 1.595473 3.967842 -3.960986 1.807745 37.306917 1.641098 0.943363
Car -1 -1 -10 687.000000 178.000000 741.000000 219.000000 1.519791 1.584243 3.831202 4.044588 1.718546 27.907154 -1.609625 0.886208
Car -1 -1 -10 1120.000000 176.000000 1233.000000 233.000000 1.487097 1.489451 3.468710 17.504539 1.645609 21.916385 -1.531089 0.201572
Car -1 -1 -10 942.000000 175.000000 1016.000000 216.000000 1.596027 1.675031 4.124601 13.099646 1.354115 25.034657 -1.706042 0.094390
Cyclist -1 -1 -10 936.000000 179.000000 1023.000000 225.000000 1.630310 0.837969 1.832663 12.226737 1.444214 23.951263 3.578109 0.224705
Cyclist -1 -1 -10 809.000000 175.000000 836.000000 216.000000 1.643109 0.352797 1.693133 10.907840 1.637145 35.343776 -1.724180 0.079996
