Pedestrian -1 -1 -10 918.000000 148.000000 929.000000 181.000000 1.726050 0.630055 0.682092 15.321911 0.130730 35.358077 2.496147 0.088182
Car -1 -1 -10 827.000000 160.000000 1147.000000 361.000000 1.559032 1.689548 3.966888 3.427225 1.458150 6.626138 -1.491852 0.975327
Car -1 -1 -10 845.000000 156.000000 963.000000 220.000000 1.562497 1.617969 3.764158 11.623313 1.032078 27.834077 -0.667863 0.810426
Car -1 -1 -10 905.000000 150.000000 1000.000000 201.000000 1.516046 1.590665 3.522471 15.018586 0.662045 31.635107 -0.743617 0.182564
Car -1 -1 -10 838.000000 156.000000 1016.000000 271.000000 1.457815 1.546972 3.753607 5.701465 1.320916 13.548100 2.344244 0.032750
Car -1 -1 -10 982.000000 156.000000 1108.000000 205.000000 1.534069 1.610023 3.874619 13.680984 0.639197 22.479119 2.128813 0.030205
Car -1 -1 -10 915.000000 152.000000 944.000000 206.000000 1.491335 1.563677 3.696873 13.881232 0.407215 31.638002 2.025384 0.024979
Car -1 -1 -10 949.000000 136.000000 1230.000000 365.000000 1.538958 1.676887 3.959057 2.587364 1.152438 2.357386 1.626475 0.021164
Car -1 -1 -10 967.000000 149.000000 1161.000000 222.000000 1.512473 1.584235 3.760714 13.664974 0.593426 22.310075 -0.350204 0.011439
Cyclist -1 -1 -10 844.000000 155.000000 964.000000 231.000000 1.675670 0.534462 1.520816 5.386730 0.996865 13.256544 -1.227721 0.068676
