Pedestrian -1 -1 -10 32.000000 168.000000 170.000000 372.000000 1.644966 0.659250 0.653134 -3.390211 1.529596 4.921961 -1.672569 0.997069
Pedestrian -1 -1 -10 940.000000 155.000000 986.000000 271.000000 1.686064 0.621641 0.914183 5.473352 1.297272 10.959064 -1.584529 0.871708
Pedestrian -1 -1 -10 952.000000 149.000000 1077.000000 366.000000 1.640141 0.547303 0.812049 2.608652 1.467817 4.571900 3.207161 0.870696
Pedestrian -1 -1 -10 476.000000 174.000000 496.000000 225.000000 1.779188 0.621776 0.844971 -4.278202 1.571773 25.995330 2.453240 0.654577
Pedestrian -1 -1 -10 458.000000 166.000000 477.000000 228.000000 1.724181 0.611980 0.821734 -4.758302 1.601896 25.194857 0.420749 0.112453
Pedestrian -1 -1 -10 7.000000 165.000000 99.000000 359.000000 1.717446 0.613122 0.656421 -4.890961 1.559039 6.192538 -0.186305 0.078302
Pedestrian -1 -1 -10 22.000000 166.000000 61.000000 306.000000 1.714415 0.555765 0.644159 -5.900826 1.239557 7.500388 -0.080381 0.068300
Pedestrian -1 -1 -10 952.000000 158.000000 1025.000000 299.000000 1.700002 0.529504 0.662440 2.600914 1.276406 4.741570 3.096915 0.034441
Pedestrian -1 -1 -10 544.000000 184.000000 564.000000 225.000000 1.601507 0.724783 0.883531 -1.742161 1.829808 25.598328 -1.658986 0.025126
Pedestrian -1 -1 -10 529.000000 186.000000 545.000000 225.000000 1.612663 0.733432 0.881753 -2.340872 1.785892 25.667300 -1.676942 0.010091
Car -1 -1 -10 681.000000 168.000000 760.000000 232.000000 1.758112 1.681810 3.738252 3.591675 1.448960 22.491472 -1.600684 0.909296
Cyclist -1 -1 -10 947.000000 145.000000 1087.000000 377.000000 1.652362 0.604466 1.673594 2.540590 1.393674 4.574229 1.514359 0.964361
Cyclist -1 -1 -10 474.000000 175.000000 498.000000 224.000000 1.730323 0.522487 1.653006 -4.410048 1.572783 26.238609 -2.209489 0.113219
Cyclist -1 -1 -10 956.000000 155.000000 1024.000000 313.000000 1.702821 0.735737 1.748467 2.666242 1.264476 4.712354 0.591402 0.051880
Cyclist -1 -1 -10 680.000000 168.000000 762.000000 231.000000 1.818401 0.725302 1.803589 3.122534 1.373018 21.041456 0.254155 0.041257
Cyclist -1 -1 -10 718.000000 188.000000 773.000000 244.000000 1.599991 0.349464 1.560902 2.883423 1.780670 15.449076 1.287995 0.017417
Cyclist -1 -1 -10 942.000000 157.000000 997.000000 275.000000 1.773206 0.482330 1.635739 5.380596 1.351438 11.074723 -1.587877 0.015519
