Pedestrian -1 -1 -10 684.000000 164.000000 696.000000 207.000000 1.694390 0.630049 0.797064 4.226269 1.452213 38.256687 -1.470241 0.521949
Pedestrian -1 -1 -10 545.000000 173.000000 557.000000 213.000000 1.735189 0.653364 0.856397 -2.897883 1.939255 34.643332 1.577217 0.332173
Pedestrian -1 -1 -10 549.000000 173.000000 559.000000 202.000000 1.629732 0.582268 0.595020 -1.201574 1.169418 16.975439 -0.015916 0.305739
Pedestrian -1 -1 -10 527.000000 177.000000 542.000000 214.000000 1.733125 0.764814 0.714129 -3.558910 1.994755 34.092541 1.527925 0.156822
Pedestrian -1 -1 -10 537.000000 177.000000 554.000000 208.000000 1.729001 0.615526 0.859433 -3.079855 1.881630 34.455413 0.548854 0.035827
Pedestrian -1 -1 -10 690.000000 169.000000 699.000000 207.000000 1.720320 0.611175 0.695199 4.365121 1.539254 38.316832 -1.932742 0.022594
Car -1 -1 -10 351.000000 183.000000 457.000000 257.000000 1.585328 1.586096 3.786760 -5.082731 1.912574 18.384586 1.567684 0.999216
Car -1 -1 -10 682.000000 174.000000 794.000000 263.000000 1.591275 1.633635 3.742284 2.462885 1.647025 15.008402 -1.597123 0.999108
Car -1 -1 -10 471.000000 184.000000 517.000000 218.000000 1.528904 1.646793 4.105560 -5.465349 2.075191 34.267870 1.526951 0.997523
Car -1 -1 -10 2.000000 193.000000 202.000000 375.000000 1.535065 1.629002 3.779619 -4.529086 1.819162 4.517178 -1.566221 0.657150
Car -1 -1 -10 484.000000 175.000000 517.000000 207.000000 1.510911 1.553207 3.777315 -5.463839 1.852399 34.671272 1.595034 0.017234
Cyclist -1 -1 -10 527.000000 176.000000 542.000000 216.000000 1.773843 0.589047 1.815417 -3.635998 2.005975 34.064083 1.519910 0.990459
Cyclist -1 -1 -10 544.000000 174.000000 557.000000 215.000000 1.747775 0.586508 1.803300 -2.976151 1.967241 34.541522 1.533500 0.695942
Cyclist -1 -1 -10 549.000000 173.000000 559.000000 202.000000 1.708098 0.488623 1.334466 -1.417380 1.307801 19.547658 0.901793 0.012833
Cyclist -1 -1 -10 537.000000 177.000000 554.000000 208.000000 1.728748 0.596803 1.727461 -2.997045 1.831691 34.595257 1.912227 0.011881
