Car -1 -1 -10 835.000000 186.000000 1161.000000 367.000000 1.461078 1.617140 3.788689 3.732357 1.682148 7.708408 -1.558408 0.999850
Car -1 -1 -10 363.000000 186.000000 473.000000 252.000000 1.440161 1.598202 3.985866 -4.654323 1.788402 17.914470 1.582783 0.999486
Car -1 -1 -10 496.000000 179.000000 541.000000 212.000000 1.521791 1.522685 3.511307 -4.224597 1.820484 33.816284 1.620797 0.999373
Car -1 -1 -10 245.000000 190.000000 416.000000 292.000000 1.537504 1.598715 3.841572 -4.727321 1.839854 12.535006 1.583125 0.999176
Car -1 -1 -10 748.000000 181.000000 906.000000 279.000000 1.490932 1.661392 4.072524 3.559965 1.662342 12.841192 -1.624475 0.997858
Car -1 -1 -10 -1.000000 196.000000 295.000000 374.000000 1.486459 1.608823 3.794370 -4.765600 1.804816 6.990285 1.558948 0.997056
Car -1 -1 -10 716.000000 179.000000 813.000000 245.000000 1.488739 1.618768 3.906579 3.643867 1.666449 17.962782 -1.559991 0.995385
Car -1 -1 -10 703.000000 178.000000 768.000000 228.000000 1.517707 1.631635 3.897412 3.961805 1.710590 23.584462 -1.525080 0.986768
Car -1 -1 -10 517.000000 178.000000 556.000000 208.000000 1.491612 1.578091 3.877875 -4.123662 1.798656 38.508384 1.640505 0.945674
Car -1 -1 -10 1097.000000 172.000000 1238.000000 225.000000 1.549478 1.579960 3.709568 18.250977 1.318201 23.210367 1.525932 0.875629
Car -1 -1 -10 685.000000 177.000000 735.000000 217.000000 1.512520 1.563262 3.617272 4.120024 1.785093 29.229193 -1.553745 0.871405
Car -1 -1 -10 1104.000000 226.000000 1247.000000 373.000000 1.485372 1.596425 3.838055 3.729296 1.837473 2.141044 -1.568809 0.360907
Car -1 -1 -10 931.000000 172.000000 1006.000000 210.000000 1.535603 1.615854 3.918392 14.036607 1.431352 27.783910 -0.037906 0.077011
Cyclist -1 -1 -10 924.000000 173.000000 1015.000000 217.000000 1.678466 0.808589 1.759280 11.862746 1.347842 24.760503 3.489574 0.241693
