Pedestrian -1 -1 -10 746.000000 156.000000 761.000000 210.000000 1.741953 0.696557 0.814974 5.764283 0.985936 29.003790 -1.534815 0.401024
Pedestrian -1 -1 -10 726.000000 152.000000 744.000000 209.000000 1.601991 0.646029 0.706821 1.683967 0.419277 9.693964 1.158219 0.281804
Pedestrian -1 -1 -10 714.000000 166.000000 744.000000 216.000000 1.733005 0.638605 0.626532 3.177300 1.168787 20.178866 -0.880602 0.022442
Pedestrian -1 -1 -10 738.000000 162.000000 769.000000 209.000000 1.683280 0.612588 0.624024 5.747542 1.106063 28.982544 2.718547 0.010201
Car -1 -1 -10 795.000000 178.000000 1160.000000 363.000000 1.453696 1.645071 4.030589 3.301841 1.563747 7.477125 -1.640397 0.998936
Car -1 -1 -10 380.000000 177.000000 460.000000 231.000000 1.558365 1.572817 3.681690 -5.722707 1.698912 22.174129 1.539555 0.998485
Car -1 -1 -10 703.000000 171.000000 810.000000 246.000000 1.532659 1.636741 3.832655 3.140043 1.454802 16.068705 -1.612915 0.997221
Car -1 -1 -10 0.000000 199.000000 257.000000 375.000000 1.470164 1.605026 3.913377 -5.580766 1.845430 7.168481 1.651587 0.981695
Car -1 -1 -10 680.000000 171.000000 753.000000 220.000000 1.470630 1.564902 3.567969 3.148497 1.390483 21.315273 -1.646642 0.953595
Car -1 -1 -10 425.000000 176.000000 489.000000 219.000000 1.490527 1.532984 3.713877 -5.648103 1.699588 27.281547 1.550748 0.936541
Car -1 -1 -10 1116.000000 195.000000 1241.000000 375.000000 1.505408 1.594150 3.803242 3.323954 1.570564 1.673894 1.549530 0.607956
Car -1 -1 -10 678.000000 172.000000 723.000000 209.000000 1.514638 1.479357 3.205028 3.126167 1.275684 29.562118 1.652635 0.336616
Car -1 -1 -10 82.000000 178.000000 217.000000 226.000000 1.493584 1.563854 3.791507 -14.840274 1.453830 23.607240 -0.101341 0.049938
Cyclist -1 -1 -10 741.000000 159.000000 762.000000 207.000000 1.706301 0.649589 1.723114 5.657014 0.793800 29.330992 -2.002808 0.038262
Cyclist -1 -1 -10 722.000000 161.000000 751.000000 205.000000 1.732697 0.623036 1.724983 5.085300 0.878948 29.699729 -2.493211 0.018461
