Car -1 -1 -10 270.000000 183.000000 454.000000 296.000000 1.483414 1.602131 3.795812 -3.734606 1.512050 11.450393 -1.553643 0.999660
Car -1 -1 -10 712.000000 186.000000 839.000000 279.000000 1.449034 1.566487 3.643643 2.834664 1.463408 12.928393 -1.543031 0.999528
Car -1 -1 -10 114.000000 175.000000 293.000000 266.000000 1.517639 1.592291 3.662236 -8.150803 1.416918 14.753564 -1.606510 0.999405
Car -1 -1 -10 448.000000 179.000000 516.000000 233.000000 1.540388 1.586595 3.605073 -3.893527 1.311543 22.567622 -1.589198 0.999194
Car -1 -1 -10 658.000000 179.000000 722.000000 225.000000 1.478110 1.653388 4.025420 2.710646 1.260761 25.051507 -1.592354 0.998673
Car -1 -1 -10 487.000000 179.000000 532.000000 218.000000 1.576200 1.613075 4.007259 -4.223347 1.279856 30.391247 -1.564876 0.935874
Car -1 -1 -10 387.000000 179.000000 445.000000 221.000000 1.512694 1.607255 3.641794 -8.456128 1.351974 31.670944 -1.559694 0.647905
Car -1 -1 -10 298.000000 182.000000 382.000000 232.000000 1.574556 1.612895 3.864215 -8.639599 0.909599 23.440238 1.065533 0.171864
Car -1 -1 -10 504.000000 180.000000 540.000000 207.000000 1.498121 1.593954 3.698189 -4.973050 1.114773 41.043058 -1.602827 0.088795
Car -1 -1 -10 438.000000 180.000000 487.000000 216.000000 1.564671 1.632690 3.951616 -8.596511 1.163092 41.867688 1.427319 0.073813
Car -1 -1 -10 321.000000 183.000000 378.000000 209.000000 1.479093 1.582774 3.706064 -12.582899 0.798705 37.867185 1.087131 0.011387
