Pedestrian -1 -1 -10 732.000000 172.000000 754.000000 207.000000 1.724057 0.649836 0.627684 7.675821 2.075748 41.785763 -0.856224 0.014771
Car -1 -1 -10 791.000000 175.000000 1102.000000 365.000000 1.485347 1.638177 4.055014 3.312956 1.664748 8.062724 -1.559749 0.999645
Car -1 -1 -10 708.000000 183.000000 798.000000 249.000000 1.472704 1.561660 3.720193 3.395023 1.700424 17.743796 1.547515 0.998785
Car -1 -1 -10 226.000000 194.000000 387.000000 284.000000 1.508694 1.568734 3.741766 -5.735652 1.940499 14.134112 1.567853 0.998112
Car -1 -1 -10 0.000000 206.000000 275.000000 370.000000 1.486593 1.638085 4.000695 -5.720307 1.925353 8.293818 1.612014 0.997303
Car -1 -1 -10 394.000000 185.000000 478.000000 236.000000 1.555991 1.597500 3.923380 -5.599015 1.981052 23.212826 1.692425 0.995834
Car -1 -1 -10 679.000000 180.000000 749.000000 229.000000 1.474376 1.637904 3.983264 3.288349 1.809664 23.630977 -1.632603 0.988120
Car -1 -1 -10 658.000000 179.000000 707.000000 213.000000 1.496864 1.610653 3.801502 3.127448 1.773612 32.187021 -1.587869 0.951067
Car -1 -1 -10 1006.000000 175.000000 1247.000000 375.000000 1.512448 1.649299 3.821413 3.042277 1.747659 2.490288 -1.592375 0.861622
Car -1 -1 -10 483.000000 179.000000 522.000000 209.000000 1.498469 1.563694 3.712039 -5.721987 1.948387 38.208503 1.600584 0.815188
Car -1 -1 -10 131.000000 187.000000 257.000000 244.000000 1.538433 1.598149 3.873470 -11.670788 1.753758 23.817267 0.688138 0.128149
Cyclist -1 -1 -10 739.000000 172.000000 753.000000 210.000000 1.732188 0.539176 1.533008 8.349617 1.593510 44.055555 -0.738460 0.011949
Cyclist -1 -1 -10 1019.000000 174.000000 1226.000000 377.000000 1.664952 0.672297 1.628791 3.187959 2.016312 3.877208 1.650433 0.010944
