Car -1 -1 -10 707.000000 187.000000 817.000000 271.000000 1.468644 1.571668 3.589945 2.876214 1.762116 14.457990 -1.542994 0.999388
Car -1 -1 -10 46.000000 193.000000 348.000000 298.000000 1.553313 1.644045 4.164098 -6.124202 1.802245 10.131987 -0.002845 0.999096
Car -1 -1 -10 747.000000 175.000000 934.000000 241.000000 1.627953 1.658378 4.058896 6.466810 1.796667 19.689007 0.007831 0.996917
Car -1 -1 -10 136.000000 183.000000 424.000000 269.000000 1.469706 1.596802 4.033539 -6.030663 1.697375 14.434520 -0.013264 0.991045
Car -1 -1 -10 388.000000 179.000000 484.000000 225.000000 1.506939 1.560402 3.787253 -5.978672 1.685026 23.523789 -3.149666 0.959259
Car -1 -1 -10 636.000000 178.000000 665.000000 203.000000 1.574131 1.649942 3.926563 2.658203 2.018403 48.262282 -1.631541 0.956271
Car -1 -1 -10 269.000000 181.000000 449.000000 252.000000 1.558326 1.635690 4.138187 -5.927203 1.771627 17.016717 0.094138 0.943077
Car -1 -1 -10 699.000000 179.000000 773.000000 217.000000 1.466955 1.569115 3.899446 5.805938 1.926324 32.520960 0.012841 0.733951
Car -1 -1 -10 -1.000000 201.000000 149.000000 355.000000 1.479487 1.586491 3.684984 -7.007491 1.729000 7.384568 -3.182361 0.703236
Car -1 -1 -10 419.000000 177.000000 517.000000 218.000000 1.589275 1.635210 3.990236 -6.420325 1.828855 29.967074 -3.130554 0.481702
Car -1 -1 -10 707.000000 181.000000 814.000000 229.000000 1.616843 1.635463 3.962736 5.722015 1.182580 25.665735 1.608440 0.386290
Car -1 -1 -10 453.000000 179.000000 539.000000 212.000000 1.519907 1.582613 3.833444 -4.795420 2.472010 39.468459 1.955226 0.288300
