Car -1 -1 -10 130.000000 185.000000 292.000000 268.000000 1.487398 1.576597 3.596497 -8.084808 1.520189 15.151536 -1.592249 0.999572
Car -1 -1 -10 579.000000 173.000000 650.000000 238.000000 1.554389 1.632267 3.543381 0.105185 1.266069 19.593113 -1.602205 0.999572
Car -1 -1 -10 434.000000 179.000000 507.000000 231.000000 1.541649 1.598808 3.727394 -4.502099 1.374609 23.789451 -1.603015 0.996992
Car -1 -1 -10 283.000000 179.000000 459.000000 292.000000 1.639819 1.633754 3.932903 -3.832045 1.500429 12.228114 -1.568969 0.996943
Car -1 -1 -10 478.000000 181.000000 525.000000 213.000000 1.473921 1.559549 3.635463 -5.130539 1.208710 34.923688 -1.601428 0.925209
Car -1 -1 -10 505.000000 180.000000 543.000000 205.000000 1.529028 1.613466 3.951804 -4.853263 1.117521 43.415376 -1.656190 0.814836
Car -1 -1 -10 268.000000 183.000000 336.000000 216.000000 1.476492 1.623432 3.943479 -12.631590 1.380930 31.041981 -1.483507 0.167834
Car -1 -1 -10 2.000000 191.000000 109.000000 329.000000 1.477058 1.598353 3.716906 -8.190078 1.743385 8.897747 -1.568316 0.110985
Car -1 -1 -10 291.000000 183.000000 378.000000 236.000000 1.469728 1.587833 3.650140 -12.556878 1.451554 30.827472 -1.873044 0.026302
Car -1 -1 -10 411.000000 180.000000 463.000000 215.000000 1.506916 1.604247 3.854070 -8.776726 1.151103 37.649506 -1.640481 0.017106
