Pedestrian -1 -1 -10 512.000000 169.000000 534.000000 232.000000 1.715081 0.628672 0.644332 -2.197304 1.444588 19.404334 1.865739 0.996836
Pedestrian -1 -1 -10 282.000000 163.000000 333.000000 296.000000 1.698010 0.592252 0.672872 -3.646143 1.421588 8.862139 1.684256 0.992127
Pedestrian -1 -1 -10 649.000000 169.000000 672.000000 224.000000 1.630932 0.599448 0.663115 1.794980 1.285064 21.668739 2.017055 0.981125
Pedestrian -1 -1 -10 1105.000000 148.000000 1208.000000 366.000000 1.660773 0.619466 0.700510 4.278848 1.331339 5.667062 -1.418034 0.961816
Pedestrian -1 -1 -10 383.000000 161.000000 412.000000 247.000000 1.794895 0.638103 0.889395 -4.632052 1.321597 15.839368 -2.272480 0.905895
Pedestrian -1 -1 -10 569.000000 167.000000 588.000000 219.000000 1.723994 0.601413 0.798277 -0.814579 1.265418 24.815817 -0.648837 0.859776
Pedestrian -1 -1 -10 627.000000 166.000000 645.000000 212.000000 1.754209 0.654266 0.879938 1.308145 1.132075 27.319073 1.504133 0.690965
Pedestrian -1 -1 -10 1142.000000 155.000000 1235.000000 328.000000 1.689612 0.571293 0.841722 4.416218 1.362139 5.708844 -1.954434 0.025621
Pedestrian -1 -1 -10 168.000000 151.000000 211.000000 329.000000 1.734269 0.620200 0.620356 -4.929239 2.039560 8.636301 -1.701546 0.018800
Pedestrian -1 -1 -10 621.000000 165.000000 637.000000 208.000000 1.721296 0.567339 0.754110 1.226651 1.040188 27.331450 1.487188 0.011211
Pedestrian -1 -1 -10 258.000000 167.000000 366.000000 310.000000 1.796271 0.690044 0.752286 -3.504664 1.570082 8.517421 1.700974 0.010175
Cyclist -1 -1 -10 1101.000000 158.000000 1232.000000 350.000000 1.720878 0.544381 1.707587 4.340602 1.371720 5.828492 -0.271034 0.240798
Cyclist -1 -1 -10 512.000000 170.000000 534.000000 230.000000 1.756368 0.577343 1.733444 -2.262467 1.477623 19.392714 1.888171 0.040976
Cyclist -1 -1 -10 699.000000 157.000000 736.000000 212.000000 1.808653 0.639396 1.791096 4.334119 0.877705 28.782460 1.259562 0.012895
