Car -1 -1 -10 679.000000 175.000000 857.000000 298.000000 1.602228 1.672566 4.121343 2.219771 1.682204 11.663184 -1.676608 0.999182
Car -1 -1 -10 181.000000 197.000000 457.000000 370.000000 1.464125 1.549520 3.663043 -2.857165 1.694568 7.762770 1.561532 0.999128
Car -1 -1 -10 123.000000 185.000000 364.000000 260.000000 1.518793 1.668719 4.101128 -7.329127 1.767695 15.224852 -1.567672 0.931162
Car -1 -1 -10 295.000000 182.000000 438.000000 245.000000 1.577649 1.651726 4.020571 -6.714012 1.596910 19.967904 -3.267091 0.925682
Car -1 -1 -10 396.000000 179.000000 501.000000 216.000000 1.581188 1.602107 4.026389 -6.621098 1.809569 29.556985 0.249596 0.843075
Car -1 -1 -10 350.000000 181.000000 480.000000 225.000000 1.509417 1.601265 4.009129 -6.916834 1.828411 26.734441 0.226335 0.378135
Car -1 -1 -10 245.000000 187.000000 346.000000 246.000000 1.497005 1.559223 3.717614 -6.968335 1.394817 15.538662 0.761725 0.314345
Car -1 -1 -10 434.000000 177.000000 514.000000 208.000000 1.554898 1.584079 3.739523 -6.984330 1.759933 36.547235 -2.359238 0.060686
Car -1 -1 -10 226.000000 184.000000 450.000000 276.000000 1.521653 1.654762 4.058945 -5.871696 1.775148 15.010388 -0.206476 0.057291
Cyclist -1 -1 -10 302.000000 184.000000 442.000000 257.000000 1.689964 0.762377 1.841532 -6.164813 1.585561 19.081487 -3.064426 0.022903
