Pedestrian -1 -1 -10 447.000000 175.000000 459.000000 211.000000 1.760866 0.616582 0.588326 -6.117287 1.782084 28.083542 -1.741020 0.439599
Pedestrian -1 -1 -10 0.000000 192.000000 56.000000 325.000000 1.665232 0.541023 0.674676 -7.005415 1.697279 8.654375 -0.049731 0.017497
Car -1 -1 -10 400.000000 186.000000 488.000000 243.000000 1.497099 1.618343 3.855945 -4.459890 1.820327 19.867058 1.529491 0.999649
Car -1 -1 -10 709.000000 176.000000 840.000000 275.000000 1.504687 1.658353 4.014488 2.811124 1.632853 13.154243 -1.594104 0.999455
Car -1 -1 -10 59.000000 185.000000 269.000000 264.000000 1.536154 1.600288 3.943594 -9.282421 1.763281 15.236432 0.028587 0.998841
Car -1 -1 -10 684.000000 176.000000 766.000000 240.000000 1.536284 1.599798 3.734877 2.922230 1.626804 19.376871 -1.582256 0.996873
Car -1 -1 -10 448.000000 175.000000 515.000000 228.000000 1.671041 1.616568 3.879755 -4.428733 1.792708 25.335984 1.560128 0.993709
Car -1 -1 -10 850.000000 182.000000 1238.000000 374.000000 1.484345 1.579007 3.537519 3.104743 1.658657 5.450817 -1.544411 0.989764
Car -1 -1 -10 664.000000 176.000000 719.000000 218.000000 1.527107 1.603918 3.836968 2.960516 1.621955 27.821111 -1.551660 0.986791
Car -1 -1 -10 484.000000 175.000000 534.000000 218.000000 1.643108 1.645677 4.052075 -4.304350 1.868568 30.953072 1.577455 0.937503
Car -1 -1 -10 656.000000 174.000000 698.000000 207.000000 1.654677 1.591872 3.683400 3.150571 1.701300 33.986343 -1.591670 0.020178
