Pedestrian -1 -1 -10 27.000000 182.000000 52.000000 238.000000 1.667706 0.524373 0.570259 -19.935164 1.883528 25.225463 1.903371 0.801934
Pedestrian -1 -1 -10 68.000000 184.000000 84.000000 235.000000 1.669187 0.571344 0.591007 -18.702872 1.737472 25.406869 1.905040 0.521872
Pedestrian -1 -1 -10 57.000000 188.000000 91.000000 229.000000 1.659564 0.571730 0.592942 -18.706982 1.702509 25.438086 1.894287 0.178110
Pedestrian -1 -1 -10 14.000000 188.000000 58.000000 247.000000 1.683280 0.612588 0.624023 -16.561110 1.897734 21.252815 1.851098 0.141103
Pedestrian -1 -1 -10 3.000000 195.000000 123.000000 257.000000 1.666429 0.798428 0.829885 -15.608851 2.571477 20.502316 -0.595494 0.027280
Pedestrian -1 -1 -10 53.000000 188.000000 74.000000 232.000000 1.629963 0.568399 0.580580 -10.756780 1.348795 14.501227 -0.585717 0.024954
Pedestrian -1 -1 -10 26.000000 186.000000 96.000000 234.000000 1.690098 0.597953 0.586797 -19.547555 1.979372 25.377774 -1.693900 0.010109
Car -1 -1 -10 598.000000 175.000000 632.000000 204.000000 1.523078 1.641822 3.947179 0.252218 1.806997 44.369248 -1.576593 0.998986
Car -1 -1 -10 393.000000 184.000000 431.000000 209.000000 1.495999 1.557140 3.774188 -12.673959 2.247285 46.237761 1.597151 0.997397
Car -1 -1 -10 0.000000 199.000000 130.000000 256.000000 1.521473 1.587698 3.700437 -16.124781 2.345151 21.446994 1.550492 0.995297
Cyclist -1 -1 -10 62.000000 186.000000 88.000000 231.000000 1.686824 0.601363 1.628663 -22.183655 1.863303 29.945257 -1.646759 0.032901
Cyclist -1 -1 -10 -1.000000 195.000000 132.000000 256.000000 1.684442 0.697881 1.767393 -15.785659 2.490006 20.922055 1.488537 0.018867
Cyclist -1 -1 -10 23.000000 182.000000 52.000000 240.000000 1.715204 0.531945 1.543387 -19.615523 1.701441 25.257107 -2.263176 0.012351
