Pedestrian -1 -1 -10 273.000000 182.000000 314.000000 284.000000 1.803703 0.752091 0.856048 -5.826216 2.014243 13.400425 -1.957755 0.993869
Pedestrian -1 -1 -10 236.000000 194.000000 266.000000 282.000000 1.763518 0.631610 0.603055 -6.478581 2.106293 13.161704 -1.966157 0.905631
Pedestrian -1 -1 -10 578.000000 178.000000 588.000000 204.000000 1.748172 0.606836 0.796349 -2.120683 2.249980 55.780080 -2.102268 0.028025
Pedestrian -1 -1 -10 240.000000 208.000000 308.000000 281.000000 1.737274 0.640039 0.643932 -6.188295 2.184560 13.135788 -1.860809 0.011000
Car -1 -1 -10 711.000000 183.000000 841.000000 282.000000 1.471010 1.580625 3.539332 2.695614 1.631355 12.539256 -1.563724 0.999643
Car -1 -1 -10 657.000000 179.000000 706.000000 221.000000 1.569961 1.609676 3.542479 2.651088 1.834655 28.124035 -1.598309 0.998720
Car -1 -1 -10 472.000000 187.000000 523.000000 225.000000 1.526963 1.584544 3.751034 -4.807717 2.152177 31.610082 1.582377 0.998585
Car -1 -1 -10 366.000000 184.000000 479.000000 265.000000 1.716670 1.643016 3.977174 -4.424046 2.048772 17.692976 -1.552866 0.997364
Car -1 -1 -10 92.000000 215.000000 370.000000 370.000000 1.471591 1.590684 3.706578 -4.182158 1.974361 8.637009 -1.597288 0.995146
Car -1 -1 -10 985.000000 179.000000 1233.000000 375.000000 1.566291 1.533361 3.285315 3.416016 1.633905 3.929898 1.612001 0.951502
Car -1 -1 -10 520.000000 186.000000 549.000000 211.000000 1.562304 1.597389 3.963485 -4.593376 2.421499 47.410499 1.459186 0.895017
Cyclist -1 -1 -10 977.000000 186.000000 1235.000000 371.000000 1.701316 0.647753 1.616810 2.872893 1.743169 4.081886 1.596612 0.029859
Cyclist -1 -1 -10 266.000000 184.000000 319.000000 283.000000 1.666732 0.787811 1.784543 -5.856698 1.737001 13.434939 2.679968 0.027576
