Pedestrian -1 -1 -10 999.000000 153.000000 1051.000000 259.000000 1.810808 0.598395 0.643436 6.893678 1.257955 11.490832 1.621893 0.943286
Pedestrian -1 -1 -10 1021.000000 153.000000 1074.000000 258.000000 1.674838 0.566560 0.754264 7.017653 1.186023 11.385158 1.043032 0.935756
Pedestrian -1 -1 -10 1027.000000 155.000000 1052.000000 246.000000 1.665445 0.599465 0.693673 7.027398 1.139633 11.399100 1.079998 0.045849
Pedestrian -1 -1 -10 1003.000000 153.000000 1045.000000 210.000000 1.719091 0.604132 0.612558 7.365956 1.096385 12.216998 -0.447129 0.036798
Pedestrian -1 -1 -10 1032.000000 156.000000 1059.000000 199.000000 1.643003 0.598764 0.626801 7.216576 0.807174 11.523730 0.626310 0.020060
Pedestrian -1 -1 -10 881.000000 153.000000 899.000000 195.000000 1.791308 0.614142 0.954681 13.395097 0.557623 33.389638 0.984060 0.019346
Pedestrian -1 -1 -10 1002.000000 150.000000 1024.000000 202.000000 1.676577 0.540733 0.595379 11.156787 0.545946 19.242279 1.072597 0.015609
Car -1 -1 -10 453.000000 173.000000 520.000000 210.000000 1.502205 1.599293 3.811281 -5.230562 1.171312 29.865803 1.058672 0.999135
Car -1 -1 -10 1.000000 200.000000 293.000000 367.000000 1.542392 1.619557 3.840117 -3.226743 1.662916 3.680834 -1.596385 0.971215
Cyclist -1 -1 -10 18.000000 199.000000 276.000000 361.000000 1.647673 0.640625 1.772206 -2.631541 1.645063 3.636697 -1.604278 0.019195
