Pedestrian -1 -1 -10 668.000000 173.000000 687.000000 227.000000 1.741366 0.626174 0.769893 1.882541 1.465715 19.623631 2.212724 0.227451
Pedestrian -1 -1 -10 681.000000 168.000000 711.000000 234.000000 1.773426 0.635495 0.840875 2.276447 1.684216 19.445066 0.591392 0.185895
Pedestrian -1 -1 -10 672.000000 171.000000 700.000000 229.000000 1.757901 0.624020 0.745256 1.993605 1.531951 19.467400 -1.614321 0.047275
Pedestrian -1 -1 -10 690.000000 162.000000 731.000000 231.000000 1.764003 0.631814 0.809747 2.622281 1.290281 17.885514 1.168934 0.027135
Pedestrian -1 -1 -10 701.000000 165.000000 724.000000 205.000000 1.677855 0.529867 0.591123 2.789563 1.051333 20.453267 2.672003 0.014229
Car -1 -1 -10 345.000000 180.000000 508.000000 299.000000 1.568043 1.635959 3.880303 -2.841594 1.657148 11.811428 -1.600444 0.999422
Car -1 -1 -10 589.000000 176.000000 615.000000 203.000000 1.628899 1.612584 3.887436 -0.580944 1.899588 46.829246 -1.588464 0.997346
Car -1 -1 -10 62.000000 196.000000 213.000000 263.000000 1.524046 1.582696 3.714857 -12.363677 2.246153 19.423616 1.577272 0.994909
Car -1 -1 -10 371.000000 183.000000 444.000000 238.000000 1.537574 1.530353 3.483727 -6.406934 1.495412 20.623150 -1.331116 0.010344
Cyclist -1 -1 -10 678.000000 161.000000 754.000000 237.000000 1.709124 0.646639 1.758739 2.444138 1.570770 18.024061 -2.475835 0.999418
Cyclist -1 -1 -10 675.000000 169.000000 715.000000 232.000000 1.775149 0.579589 1.707017 1.932477 1.581203 19.586068 -2.966636 0.920857
Cyclist -1 -1 -10 671.000000 171.000000 695.000000 230.000000 1.742150 0.554494 1.702655 1.995256 1.580658 19.751802 -1.354762 0.544613
Cyclist -1 -1 -10 811.000000 177.000000 838.000000 215.000000 1.632591 0.568458 1.705601 7.387867 1.815478 24.620654 1.306758 0.322366
Cyclist -1 -1 -10 695.000000 162.000000 720.000000 232.000000 1.767577 0.567187 1.669688 2.523426 1.503868 18.039127 -2.155336 0.065627
Cyclist -1 -1 -10 699.000000 166.000000 733.000000 198.000000 1.696089 0.509013 1.370278 1.851802 0.600490 13.593490 1.153387 0.020893
Cyclist -1 -1 -10 666.000000 173.000000 684.000000 222.000000 1.685284 0.528838 1.723685 1.706631 1.592919 21.422650 -1.629159 0.010077
