Pedestrian -1 -1 -10 685.000000 170.000000 735.000000 329.000000 1.715564 0.625425 0.763662 1.124066 1.639792 8.245542 0.589343 0.995213
Pedestrian -1 -1 -10 357.000000 190.000000 385.000000 261.000000 1.756120 0.666564 0.750969 -5.301973 2.066817 15.436971 -0.261992 0.222713
Pedestrian -1 -1 -10 821.000000 178.000000 834.000000 221.000000 1.735391 0.635842 0.587629 8.262880 1.736417 27.537571 -0.747391 0.118810
Pedestrian -1 -1 -10 339.000000 190.000000 399.000000 265.000000 1.708897 0.685064 0.893501 -5.044992 2.046748 15.061858 -0.297589 0.052448
Car -1 -1 -10 701.000000 185.000000 903.000000 347.000000 1.540650 1.663289 3.949758 2.115955 1.628727 8.269038 -1.484392 0.999086
Car -1 -1 -10 305.000000 192.000000 426.000000 254.000000 1.516678 1.579876 3.698519 -6.272567 2.002657 16.503830 1.883272 0.982004
Car -1 -1 -10 680.000000 176.000000 738.000000 208.000000 1.502315 1.569131 3.838456 4.172178 1.642824 26.009447 1.272105 0.511677
Car -1 -1 -10 684.000000 178.000000 745.000000 326.000000 1.578813 1.614103 3.849603 2.039097 1.594337 7.317393 1.153024 0.084702
Car -1 -1 -10 -3.000000 172.000000 244.000000 368.000000 1.551948 1.654819 3.858301 -3.223233 1.445665 2.796809 -1.748073 0.012027
Car -1 -1 -10 343.000000 189.000000 395.000000 261.000000 1.461550 1.525702 3.624853 -5.659016 2.049166 15.942966 1.816209 0.011498
Cyclist -1 -1 -10 819.000000 178.000000 837.000000 221.000000 1.700267 0.619698 1.698772 8.550335 1.517296 27.799077 -0.730118 0.176745
Cyclist -1 -1 -10 786.000000 184.000000 864.000000 221.000000 1.690336 0.494189 1.524847 5.427025 1.429147 16.725053 -0.623570 0.076695
Cyclist -1 -1 -10 681.000000 176.000000 744.000000 330.000000 1.719550 0.558038 1.786379 1.114816 1.661452 8.231645 1.562558 0.057424
Cyclist -1 -1 -10 798.000000 186.000000 830.000000 222.000000 1.700509 0.571017 1.585153 6.313951 1.650275 23.021789 -1.289235 0.026769
Cyclist -1 -1 -10 814.000000 182.000000 831.000000 229.000000 1.694082 0.504728 1.473107 8.448623 1.310013 28.674596 1.335466 0.018826
Cyclist -1 -1 -10 778.000000 186.000000 824.000000 228.000000 1.722581 0.639846 1.602440 6.151410 1.729926 23.103302 -0.737535 0.014798
