Pedestrian -1 -1 -10 695.000000 171.000000 703.000000 197.000000 1.769639 0.626409 0.872311 6.521302 1.673571 53.280757 -0.956442 0.040792
Car -1 -1 -10 434.000000 180.000000 501.000000 227.000000 1.506682 1.531532 3.551119 -4.726973 1.749572 24.657988 1.570481 0.999323
Car -1 -1 -10 784.000000 184.000000 1048.000000 339.000000 1.533245 1.642856 3.792989 3.424956 1.716758 8.857748 -1.578263 0.999255
Car -1 -1 -10 8.000000 199.000000 339.000000 362.000000 1.437804 1.632025 4.044053 -4.915169 1.797062 8.728697 1.582481 0.994112
Car -1 -1 -10 705.000000 178.000000 792.000000 239.000000 1.493493 1.660262 4.067108 3.697972 1.689143 19.956623 -1.603221 0.991799
Car -1 -1 -10 739.000000 178.000000 873.000000 273.000000 1.516135 1.619819 3.738694 3.584939 1.675317 14.271206 -1.533579 0.989063
Car -1 -1 -10 938.000000 191.000000 1247.000000 376.000000 1.532405 1.597410 3.705091 3.407753 1.697764 3.942531 -1.589136 0.988661
Car -1 -1 -10 472.000000 178.000000 526.000000 217.000000 1.500213 1.556779 3.786033 -4.563553 1.735768 29.254844 1.634154 0.986573
Car -1 -1 -10 699.000000 178.000000 759.000000 223.000000 1.540630 1.554018 3.627985 4.058485 1.769916 25.442888 -1.556844 0.869608
Car -1 -1 -10 1032.000000 170.000000 1140.000000 219.000000 1.499289 1.570524 3.690812 16.709368 1.770692 24.536496 1.523030 0.704631
Car -1 -1 -10 -1.000000 235.000000 105.000000 366.000000 1.494206 1.585605 3.798378 -5.223312 1.878670 4.216653 1.527222 0.207309
Car -1 -1 -10 -1.000000 188.000000 102.000000 226.000000 1.462374 1.593544 3.948026 -25.423424 1.749690 36.629123 -1.303048 0.184570
