Pedestrian -1 -1 -10 17.000000 239.000000 158.000000 357.000000 1.557254 0.592245 0.615699 -8.785072 2.160187 12.711236 2.373444 0.020105
Car -1 -1 -10 256.000000 188.000000 472.000000 316.000000 1.507407 1.653115 4.110299 -3.287293 1.537541 10.446578 -1.578145 0.999542
Car -1 -1 -10 557.000000 177.000000 620.000000 238.000000 1.560707 1.656677 3.556276 -0.576707 1.416575 21.279076 -1.607913 0.999412
Car -1 -1 -10 500.000000 178.000000 547.000000 219.000000 1.516638 1.587902 3.820604 -3.302546 1.276653 29.331512 -1.586222 0.995295
Car -1 -1 -10 185.000000 183.000000 305.000000 259.000000 1.537639 1.609543 3.804259 -7.710114 1.511669 16.189782 -1.580805 0.979364
Car -1 -1 -10 424.000000 176.000000 517.000000 251.000000 1.636063 1.642672 4.006894 -3.409572 1.437302 17.853903 -1.589140 0.975419
Car -1 -1 -10 2.000000 207.000000 317.000000 376.000000 1.473467 1.629100 4.012094 -3.299062 1.702892 3.880296 -1.561814 0.955733
Car -1 -1 -10 314.000000 183.000000 370.000000 210.000000 1.538781 1.615694 3.813161 -12.882641 1.409690 34.906085 -1.521011 0.229976
Car -1 -1 -10 370.000000 181.000000 429.000000 213.000000 1.596234 1.616280 4.014094 -8.040874 1.225788 28.317186 -1.685730 0.171942
Car -1 -1 -10 257.000000 185.000000 316.000000 215.000000 1.493687 1.602646 3.947297 -16.379641 1.026228 35.088424 -1.347564 0.060611
