Car -1 -1 -10 129.000000 186.000000 380.000000 329.000000 1.472139 1.576409 3.642762 -4.353868 1.538039 9.449655 -1.591471 0.999625
Car -1 -1 -10 752.000000 176.000000 1052.000000 363.000000 1.585245 1.649987 3.927981 3.092134 1.617786 8.530676 -1.582070 0.999338
Car -1 -1 -10 395.000000 186.000000 480.000000 244.000000 1.464913 1.573744 3.641381 -4.640496 1.524748 19.800078 -1.622073 0.999274
Car -1 -1 -10 576.000000 181.000000 619.000000 219.000000 1.570121 1.652058 3.778662 -0.564862 1.451951 31.616671 -1.654436 0.998417
Car -1 -1 -10 461.000000 186.000000 512.000000 226.000000 1.525362 1.541687 3.596543 -4.553630 1.409364 26.282441 1.602690 0.994873
Car -1 -1 -10 82.000000 167.000000 270.000000 273.000000 1.734415 1.642395 3.935977 -8.586517 1.541985 14.543683 -1.621093 0.859909
Car -1 -1 -10 386.000000 183.000000 432.000000 216.000000 1.483797 1.629658 3.728158 -8.246084 1.405560 31.583154 -1.752315 0.840658
Car -1 -1 -10 1.000000 192.000000 82.000000 307.000000 1.500907 1.618220 3.774694 -8.344862 1.725997 8.289823 -1.594720 0.755683
Car -1 -1 -10 567.000000 184.000000 591.000000 211.000000 1.477365 1.586322 3.695317 -1.116845 1.485021 40.360815 -1.077946 0.345320
Car -1 -1 -10 478.000000 183.000000 517.000000 216.000000 1.491431 1.591962 3.851033 -5.296004 1.407611 34.073166 -1.611527 0.285469
Car -1 -1 -10 306.000000 171.000000 378.000000 231.000000 1.535563 1.598336 3.916201 -8.839362 1.316598 23.939919 1.445902 0.214074
Car -1 -1 -10 256.000000 174.000000 367.000000 238.000000 1.687957 1.634505 3.841486 -8.855528 1.354229 22.124650 -1.595764 0.079646
Car -1 -1 -10 70.000000 192.000000 187.000000 251.000000 1.524729 1.557551 3.779828 -10.062393 1.526608 15.730859 -2.762876 0.015337
