Car -1 -1 -10 570.000000 175.000000 655.000000 255.000000 1.545087 1.675663 3.719568 0.058541 1.392561 16.328575 -1.563315 0.999538
Car -1 -1 -10 48.000000 182.000000 201.000000 247.000000 1.539578 1.579141 3.671236 -12.882602 1.556844 19.395363 -1.545726 0.999174
Car -1 -1 -10 312.000000 190.000000 443.000000 269.000000 1.449573 1.578524 3.806772 -4.652615 1.517535 14.983371 -1.558007 0.998978
Car -1 -1 -10 427.000000 182.000000 504.000000 232.000000 1.584151 1.645810 4.069620 -4.506748 1.384913 23.096892 -1.613517 0.998958
Car -1 -1 -10 225.000000 183.000000 348.000000 246.000000 1.463524 1.627865 3.983863 -8.305963 1.458144 19.292920 -1.526428 0.997133
Car -1 -1 -10 607.000000 171.000000 643.000000 212.000000 1.505162 1.602321 3.672710 0.254040 0.475628 9.460173 0.642855 0.171409
Car -1 -1 -10 -1.000000 187.000000 108.000000 255.000000 1.627912 1.676772 4.100548 -16.217499 1.576416 20.938640 0.896158 0.118665
Car -1 -1 -10 339.000000 170.000000 405.000000 206.000000 1.592435 1.656987 3.745709 -12.178407 0.839444 38.086821 -0.128105 0.039318
Car -1 -1 -10 0.000000 190.000000 52.000000 266.000000 1.552273 1.258824 2.149453 -14.488184 2.100349 17.205855 -2.218703 0.039056
Car -1 -1 -10 396.000000 182.000000 446.000000 214.000000 1.548379 1.621001 3.885336 -8.342419 1.236133 32.156940 1.332256 0.030165
Car -1 -1 -10 587.000000 174.000000 648.000000 223.000000 1.562983 1.490790 3.151843 0.146476 0.947397 18.407138 -0.890396 0.016162
