Car -1 -1 -10 728.000000 187.000000 903.000000 310.000000 1.470530 1.591430 3.652443 2.865074 1.703650 10.610802 -1.611252 0.998356
Car -1 -1 -10 -8.000000 186.000000 327.000000 312.000000 1.459789 1.599152 4.044781 -6.099473 1.631197 10.509168 0.382603 0.996621
Car -1 -1 -10 636.000000 177.000000 667.000000 203.000000 1.532726 1.608771 3.941866 2.528668 1.807730 44.432792 -1.672010 0.994039
Car -1 -1 -10 779.000000 173.000000 1013.000000 255.000000 1.610604 1.662157 4.162267 6.434073 1.701417 15.806518 -0.036978 0.989920
Car -1 -1 -10 305.000000 179.000000 452.000000 240.000000 1.602335 1.581924 4.090519 -6.686030 1.682035 18.871291 -3.181646 0.982117
Car -1 -1 -10 716.000000 179.000000 804.000000 222.000000 1.540398 1.575015 3.950658 6.208035 1.799546 26.589173 3.065328 0.969950
Car -1 -1 -10 729.000000 179.000000 858.000000 230.000000 1.527469 1.595995 3.844415 6.519553 1.752127 23.985048 -0.438483 0.945484
Car -1 -1 -10 129.000000 180.000000 403.000000 261.000000 1.497558 1.571132 4.052420 -6.032256 1.667689 13.209146 0.060024 0.826840
Car -1 -1 -10 445.000000 178.000000 529.000000 211.000000 1.542150 1.586329 3.895489 -6.000330 1.881911 38.830466 0.033561 0.534734
Car -1 -1 -10 0.000000 191.000000 186.000000 373.000000 1.434088 1.629548 4.065329 -5.983622 1.766911 6.713085 0.472802 0.256380
Car -1 -1 -10 347.000000 170.000000 479.000000 227.000000 1.662226 1.657236 3.934644 -6.412180 1.807752 25.087385 -3.271082 0.226849
