Car -1 -1 -10 651.000000 170.000000 722.000000 220.000000 1.566735 1.583787 3.573343 2.606954 1.549191 25.612237 -1.811987 0.998534
Car -1 -1 -10 588.000000 174.000000 629.000000 202.000000 1.548721 1.599325 3.739068 -0.162357 1.525659 40.346760 -1.783315 0.996247
Car -1 -1 -10 886.000000 186.000000 1244.000000 374.000000 1.478525 1.647918 3.942946 3.149863 1.599467 3.995419 -1.563929 0.984509
Car -1 -1 -10 816.000000 170.000000 981.000000 238.000000 1.501917 1.629499 3.903985 7.065118 1.568954 18.033217 3.383763 0.953490
Car -1 -1 -10 0.000000 217.000000 250.000000 372.000000 1.470996 1.581769 3.654560 -3.790373 1.777920 4.151743 -1.553884 0.946467
Car -1 -1 -10 1011.000000 168.000000 1224.000000 236.000000 1.577725 1.615806 3.909036 12.017457 1.542392 16.876575 3.322512 0.178224
Car -1 -1 -10 991.000000 171.000000 1234.000000 306.000000 1.522597 1.610494 3.846466 8.940557 1.277406 13.686721 -0.990258 0.044376
Car -1 -1 -10 660.000000 167.000000 712.000000 195.000000 1.563794 1.616251 3.929434 6.348041 0.920872 54.888921 2.121888 0.033377
Cyclist -1 -1 -10 470.000000 171.000000 487.000000 207.000000 1.742967 0.616152 1.795768 -6.663729 1.689834 36.621299 1.043536 0.546046
Cyclist -1 -1 -10 -3.000000 213.000000 252.000000 376.000000 1.649799 0.675540 1.835159 -3.205160 1.838909 4.588478 1.951536 0.021840
Cyclist -1 -1 -10 919.000000 179.000000 1240.000000 361.000000 1.729873 0.667881 1.931330 2.553237 1.643336 3.725164 -1.619405 0.010229
