Car -1 -1 -10 631.000000 179.000000 696.000000 230.000000 1.438211 1.633222 3.965982 1.673013 1.742053 24.251316 -1.635307 0.998911
Car -1 -1 -10 835.000000 167.000000 1190.000000 331.000000 1.462489 1.626739 4.072061 5.517643 1.716200 8.684729 -0.035685 0.991311
Car -1 -1 -10 613.000000 175.000000 650.000000 205.000000 1.553413 1.594944 3.887229 1.136710 1.765711 39.564304 -1.571026 0.975659
Car -1 -1 -10 212.000000 182.000000 443.000000 245.000000 1.511073 1.657660 4.387780 -7.316392 1.778952 18.480286 -3.202279 0.950776
Car -1 -1 -10 1010.000000 188.000000 1233.000000 378.000000 1.505394 1.618516 4.146956 5.921506 1.802776 5.819752 3.075727 0.937415
Car -1 -1 -10 -1.000000 142.000000 183.000000 366.000000 1.716572 1.674916 4.292716 -7.307325 1.659645 7.157301 -0.087799 0.300927
Car -1 -1 -10 444.000000 180.000000 498.000000 210.000000 1.502444 1.472289 3.404652 -6.931357 1.585479 33.731802 0.914816 0.220521
Car -1 -1 -10 337.000000 183.000000 448.000000 242.000000 1.507382 1.594139 3.964091 -6.856388 1.763902 19.544640 -3.238317 0.073105
Car -1 -1 -10 389.000000 181.000000 459.000000 266.000000 1.567356 1.589596 3.568739 -3.438916 1.656117 14.368298 -1.827817 0.011586
Cyclist -1 -1 -10 396.000000 178.000000 458.000000 278.000000 1.719856 0.614238 1.741084 -3.367452 1.815893 13.140467 1.510101 0.999409
Cyclist -1 -1 -10 336.000000 181.000000 467.000000 258.000000 1.652586 0.835111 1.859620 -5.789255 1.764564 18.036331 2.711288 0.138486
Cyclist -1 -1 -10 407.000000 184.000000 458.000000 228.000000 1.694659 0.503831 1.578478 -3.630775 1.512515 16.350522 -1.169057 0.025256
