Car -1 -1 -10 570.000000 181.000000 604.000000 211.000000 1.556065 1.617315 3.658274 -1.170864 1.379797 41.140690 -1.617583 0.999685
Car -1 -1 -10 -11.000000 197.000000 340.000000 371.000000 1.456145 1.659055 4.142395 -4.809639 1.622581 8.229472 -1.582904 0.997775
Car -1 -1 -10 214.000000 184.000000 341.000000 248.000000 1.492191 1.599205 3.638655 -8.170130 1.513585 17.996618 -1.603187 0.987018
Car -1 -1 -10 76.000000 182.000000 248.000000 253.000000 1.477734 1.605088 3.688260 -11.400328 1.322442 19.239769 -1.600485 0.938533
Car -1 -1 -10 307.000000 186.000000 382.000000 234.000000 1.541159 1.623719 3.928613 -9.017260 1.615117 23.437649 -3.136413 0.892637
Car -1 -1 -10 473.000000 187.000000 525.000000 221.000000 1.515814 1.585580 3.862743 -4.818423 1.559140 32.836409 -1.599564 0.601411
Car -1 -1 -10 256.000000 183.000000 324.000000 234.000000 1.482264 1.610386 3.793639 -8.379287 1.446727 17.957553 -1.629226 0.022255
Car -1 -1 -10 496.000000 184.000000 536.000000 211.000000 1.576595 1.623564 3.787574 -5.896574 1.646931 43.751590 -3.122723 0.016166
Car -1 -1 -10 391.000000 196.000000 429.000000 221.000000 1.508464 1.578566 3.599927 -5.319715 1.321477 19.872665 1.291939 0.013854
Car -1 -1 -10 156.000000 186.000000 276.000000 255.000000 1.487863 1.578615 3.932946 -8.560159 1.341841 17.373678 0.490374 0.011737
Car -1 -1 -10 335.000000 187.000000 419.000000 227.000000 1.471332 1.611108 4.046658 -8.406602 1.475497 23.977600 -1.573456 0.010142
