Pedestrian -1 -1 -10 399.000000 162.000000 454.000000 298.000000 1.760112 0.685099 0.857194 -2.459573 1.526744 10.056744 1.379121 0.996649
Pedestrian -1 -1 -10 587.000000 167.000000 627.000000 281.000000 1.758856 0.535151 0.960696 0.038255 1.524494 11.084329 -0.608525 0.995636
Pedestrian -1 -1 -10 792.000000 140.000000 852.000000 324.000000 1.848786 0.652796 0.848342 2.074345 1.395905 7.271519 2.919220 0.994839
Pedestrian -1 -1 -10 918.000000 155.000000 991.000000 316.000000 1.772953 0.641327 0.959399 3.679921 1.363663 7.376443 -1.670852 0.992743
Pedestrian -1 -1 -10 551.000000 170.000000 572.000000 226.000000 1.771902 0.652845 0.871077 -1.323592 1.351357 22.782941 -1.670394 0.973566
Pedestrian -1 -1 -10 522.000000 167.000000 544.000000 221.000000 1.702657 0.634021 0.656380 -2.322257 1.291320 24.508815 -1.646993 0.749169
Pedestrian -1 -1 -10 116.000000 163.000000 204.000000 336.000000 1.826645 0.674633 0.847475 -5.368830 1.528605 8.698667 0.032453 0.672526
Pedestrian -1 -1 -10 577.000000 170.000000 593.000000 221.000000 1.774776 0.599895 0.805812 -0.664443 1.364813 24.003571 2.017497 0.364386
Pedestrian -1 -1 -10 843.000000 149.000000 861.000000 231.000000 1.761054 0.627913 0.737220 5.354345 1.096456 15.479408 -0.235051 0.349382
Pedestrian -1 -1 -10 852.000000 155.000000 866.000000 231.000000 1.714344 0.630147 0.577996 5.334256 1.108447 15.175491 2.920384 0.144428
Pedestrian -1 -1 -10 832.000000 144.000000 863.000000 288.000000 1.769058 0.594265 0.695225 2.988230 1.352436 9.095353 -1.252209 0.079343
Pedestrian -1 -1 -10 823.000000 152.000000 854.000000 236.000000 1.798926 0.661935 0.819302 5.209765 1.170216 15.790815 -0.276580 0.048694
Pedestrian -1 -1 -10 584.000000 167.000000 603.000000 224.000000 1.795999 0.570714 0.972073 -0.532039 1.374617 23.281320 2.511261 0.038703
Pedestrian -1 -1 -10 827.000000 156.000000 845.000000 211.000000 1.693762 0.634294 0.734218 5.185774 0.839972 15.737250 0.405870 0.036242
Pedestrian -1 -1 -10 298.000000 194.000000 331.000000 275.000000 1.741558 0.602080 0.635713 -5.071918 1.626421 13.496500 -1.440511 0.032656
Pedestrian -1 -1 -10 432.000000 179.000000 452.000000 268.000000 1.680009 0.587490 0.598536 -2.538361 1.635966 13.059681 0.337650 0.029552
Pedestrian -1 -1 -10 473.000000 170.000000 496.000000 211.000000 1.741987 0.635524 0.759715 -4.419149 1.286370 26.721105 1.440550 0.029068
Pedestrian -1 -1 -10 271.000000 197.000000 301.000000 266.000000 1.740270 0.622465 0.821596 -5.446795 1.911539 12.274039 -1.574177 0.027191
Pedestrian -1 -1 -10 803.000000 152.000000 845.000000 216.000000 1.736171 0.600921 0.693504 5.063563 1.165943 15.703857 2.907056 0.024181
Pedestrian -1 -1 -10 54.000000 181.000000 266.000000 353.000000 1.779581 0.656980 0.787647 -4.202552 2.073821 6.263814 -1.993299 0.021420
Pedestrian -1 -1 -10 338.000000 189.000000 376.000000 270.000000 1.689211 0.601650 0.680521 -4.084296 1.678676 12.065173 -1.483813 0.014161
Cyclist -1 -1 -10 466.000000 169.000000 525.000000 275.000000 1.738150 0.587874 1.738586 -1.860607 1.576431 12.299798 1.583370 0.998922
Cyclist -1 -1 -10 99.000000 165.000000 218.000000 349.000000 1.691220 0.567117 1.673445 -4.462506 2.043997 6.662124 0.454770 0.707307
Cyclist -1 -1 -10 521.000000 168.000000 545.000000 221.000000 1.763021 0.584922 1.739366 -2.476250 1.363538 24.592768 -1.763543 0.128042
Cyclist -1 -1 -10 473.000000 170.000000 496.000000 211.000000 1.718137 0.641889 1.668077 -4.543504 1.147655 26.877487 0.842151 0.084059
Cyclist -1 -1 -10 9.000000 179.000000 164.000000 361.000000 1.706867 0.519963 1.692432 -4.815121 1.919375 6.545899 -3.147705 0.054704
Cyclist -1 -1 -10 399.000000 161.000000 454.000000 299.000000 1.830789 0.665876 1.767734 -2.531859 1.572066 10.112497 1.441714 0.029931
Cyclist -1 -1 -10 482.000000 174.000000 514.000000 210.000000 1.677954 0.514024 1.434747 -3.694613 1.205883 26.853881 -1.760147 0.025634
Cyclist -1 -1 -10 647.000000 168.000000 689.000000 224.000000 1.646217 0.560154 1.592674 1.990790 1.776076 19.304091 0.193135 0.023142
Cyclist -1 -1 -10 420.000000 162.000000 504.000000 282.000000 1.698976 0.605694 1.822384 -2.375230 1.455443 12.349768 1.352396 0.020169
