Pedestrian -1 -1 -10 627.000000 163.000000 669.000000 291.000000 1.678139 0.653789 0.646910 0.570743 1.432372 9.926736 -1.973968 0.998761
Pedestrian -1 -1 -10 289.000000 162.000000 342.000000 298.000000 1.692626 0.621177 1.000349 -3.846652 1.417191 9.559974 -1.521768 0.998063
Pedestrian -1 -1 -10 686.000000 162.000000 734.000000 288.000000 1.776619 0.698747 0.931062 1.499449 1.463619 10.140190 1.643515 0.997837
Pedestrian -1 -1 -10 453.000000 170.000000 475.000000 221.000000 1.731287 0.649946 1.041246 -4.796748 1.356908 24.726981 -1.323567 0.062853
Pedestrian -1 -1 -10 726.000000 161.000000 748.000000 225.000000 1.739156 0.657508 0.714011 3.846400 1.185963 20.163018 -1.320073 0.037270
Pedestrian -1 -1 -10 696.000000 163.000000 767.000000 274.000000 1.781086 0.617136 0.765862 1.902859 1.483896 11.284273 -0.850352 0.026334
Pedestrian -1 -1 -10 108.000000 172.000000 149.000000 286.000000 1.773710 0.723720 0.794233 -8.305053 1.645619 12.727948 2.175344 0.023688
Pedestrian -1 -1 -10 506.000000 167.000000 535.000000 199.000000 1.683280 0.612588 0.624023 -5.080182 0.908022 42.844304 2.410814 0.017905
Pedestrian -1 -1 -10 419.000000 168.000000 443.000000 215.000000 1.658771 0.497802 0.570529 -6.643752 0.886225 26.469016 0.394276 0.016631
Pedestrian -1 -1 -10 539.000000 170.000000 546.000000 197.000000 1.835262 0.687393 0.857054 -4.422864 1.167107 53.586681 1.449333 0.012969
Car -1 -1 -10 500.000000 168.000000 537.000000 198.000000 1.542663 1.652430 3.754113 -4.882886 1.419246 44.404226 -1.672050 0.073615
Cyclist -1 -1 -10 404.000000 167.000000 467.000000 291.000000 1.747439 0.606855 1.733467 -2.517179 1.531077 10.812304 1.580418 0.999712
Cyclist -1 -1 -10 501.000000 165.000000 541.000000 243.000000 1.731713 0.570312 1.745725 -1.843796 1.444247 16.533287 1.674549 0.999529
Cyclist -1 -1 -10 484.000000 167.000000 517.000000 236.000000 1.765005 0.583622 1.786394 -2.881995 1.387854 20.211788 1.611105 0.989282
Cyclist -1 -1 -10 683.000000 159.000000 742.000000 283.000000 1.791377 0.610795 1.730634 1.388436 1.436865 10.170361 -1.812766 0.754136
Cyclist -1 -1 -10 699.000000 159.000000 785.000000 268.000000 1.667975 0.482910 1.644295 2.427747 1.734805 11.968016 -0.727637 0.571277
Cyclist -1 -1 -10 452.000000 169.000000 476.000000 222.000000 1.779387 0.566298 1.755699 -4.835534 1.422348 24.796994 -1.750828 0.376312
Cyclist -1 -1 -10 500.000000 167.000000 533.000000 199.000000 1.677339 0.631728 1.630856 -5.077239 1.229543 43.057994 -1.065362 0.088295
Cyclist -1 -1 -10 715.000000 161.000000 755.000000 239.000000 1.730965 0.655806 1.736242 3.885305 1.201682 20.107094 1.236770 0.069134
Cyclist -1 -1 -10 431.000000 170.000000 471.000000 262.000000 1.648248 0.522249 1.671969 -2.485293 1.417561 10.985312 1.446271 0.036216
Cyclist -1 -1 -10 414.000000 169.000000 437.000000 215.000000 1.805185 0.589022 1.704710 -6.643077 1.157910 26.552558 0.761438 0.022520
Cyclist -1 -1 -10 493.000000 171.000000 524.000000 217.000000 1.705775 0.513335 1.697754 -2.919187 1.298504 20.436600 1.574400 0.021961
