Car -1 -1 -10 637.000000 196.000000 814.000000 298.000000 1.436809 1.615615 3.867680 1.680980 1.874147 11.606008 -1.788294 0.999859
Car -1 -1 -10 348.000000 190.000000 392.000000 222.000000 1.563218 1.606951 3.721103 -13.332443 2.636948 39.949038 1.390560 0.999233
Car -1 -1 -10 528.000000 188.000000 588.000000 231.000000 1.392355 1.637894 3.878602 -2.059459 1.986697 26.564312 -1.772678 0.998985
Car -1 -1 -10 10.000000 211.000000 244.000000 342.000000 1.474807 1.560993 3.799984 -6.783508 2.109295 10.633286 1.307695 0.984057
Car -1 -1 -10 518.000000 187.000000 567.000000 222.000000 1.478156 1.606192 3.935958 -3.206049 2.097531 32.237842 -1.765494 0.982567
Car -1 -1 -10 712.000000 171.000000 831.000000 217.000000 1.590804 1.642120 4.086414 6.240814 1.517253 27.136751 -2.721800 0.949248
Car -1 -1 -10 -1.000000 226.000000 143.000000 371.000000 1.481099 1.620105 3.804087 -5.586757 2.036527 6.022050 1.321706 0.924745
Car -1 -1 -10 367.000000 190.000000 402.000000 217.000000 1.574811 1.601270 3.846871 -14.356272 2.739149 44.269980 1.390274 0.860244
Car -1 -1 -10 141.000000 197.000000 217.000000 226.000000 1.524240 1.504203 3.205061 -19.032368 2.519254 32.979592 1.045027 0.799837
Car -1 -1 -10 659.000000 179.000000 757.000000 211.000000 1.565912 1.613807 4.000218 4.423542 1.730196 33.015612 -2.638991 0.534888
Car -1 -1 -10 858.000000 102.000000 1242.000000 371.000000 1.805220 1.616590 3.922029 3.321039 1.610585 4.256328 -1.735268 0.446790
Cyclist -1 -1 -10 142.000000 196.000000 217.000000 233.000000 1.723560 0.490986 1.357629 -10.086468 2.208546 17.453905 0.456842 0.010977
