Pedestrian -1 -1 -10 498.000000 174.000000 511.000000 207.000000 1.683145 0.571099 0.621192 -5.827022 1.659361 39.722321 2.387331 0.042539
Pedestrian -1 -1 -10 666.000000 165.000000 671.000000 193.000000 1.684931 0.554062 0.570044 3.388246 1.021880 42.818640 2.680450 0.011104
Car -1 -1 -10 457.000000 180.000000 500.000000 214.000000 1.566614 1.627911 3.888085 -6.043297 1.907249 33.135177 -1.764250 0.988837
Car -1 -1 -10 694.000000 165.000000 791.000000 250.000000 1.648216 1.697373 4.102853 2.892678 1.473495 16.172544 -1.591598 0.962059
Car -1 -1 -10 638.000000 175.000000 692.000000 212.000000 1.519876 1.593462 3.455759 2.157572 1.599902 30.264948 -1.725277 0.952286
Car -1 -1 -10 673.000000 173.000000 739.000000 227.000000 1.487565 1.592867 3.769531 2.833922 1.561450 21.528618 1.522146 0.894389
Car -1 -1 -10 573.000000 176.000000 606.000000 201.000000 1.529643 1.590205 3.540756 -1.546235 1.861472 49.088268 -1.791088 0.345519
Car -1 -1 -10 1118.000000 190.000000 1236.000000 366.000000 1.490510 1.589929 3.759215 2.971794 1.655962 1.578265 -1.567457 0.182987
Car -1 -1 -10 719.000000 179.000000 837.000000 259.000000 1.543990 1.613927 3.705145 3.412233 1.664532 14.984674 0.198843 0.065484
Car -1 -1 -10 608.000000 177.000000 661.000000 206.000000 1.497913 1.600335 3.534571 1.203888 1.554945 36.983385 -1.896156 0.043036
Cyclist -1 -1 -10 497.000000 173.000000 514.000000 207.000000 1.764936 0.616084 1.763119 -5.927014 1.833171 39.934471 1.361543 0.576336
Cyclist -1 -1 -10 517.000000 173.000000 530.000000 206.000000 1.761085 0.552312 1.794338 -5.072911 1.732392 41.526187 -2.125344 0.035048
