Pedestrian -1 -1 -10 978.000000 162.000000 1063.000000 327.000000 1.673733 0.673125 0.968605 4.236031 1.459276 7.334276 -1.107592 0.993008
Pedestrian -1 -1 -10 385.000000 171.000000 421.000000 262.000000 1.759575 0.650017 0.822049 -3.355269 1.583252 12.021731 1.396747 0.978117
Pedestrian -1 -1 -10 519.000000 177.000000 536.000000 234.000000 1.719268 0.596708 0.735084 -2.183795 1.542054 21.041983 -1.116342 0.977385
Pedestrian -1 -1 -10 417.000000 169.000000 440.000000 244.000000 1.765228 0.678532 0.712559 -4.550634 1.482437 18.178766 -2.370337 0.799389
Pedestrian -1 -1 -10 674.000000 177.000000 694.000000 224.000000 1.637068 0.626819 0.754013 2.800666 1.622493 24.503900 2.108193 0.763982
Pedestrian -1 -1 -10 574.000000 177.000000 593.000000 222.000000 1.741131 0.646069 0.814915 -0.647208 1.505229 27.546313 -2.098033 0.692430
Pedestrian -1 -1 -10 627.000000 174.000000 643.000000 218.000000 1.686227 0.609756 0.865829 1.328637 1.398277 29.138928 -1.508463 0.526433
Pedestrian -1 -1 -10 311.000000 152.000000 350.000000 267.000000 1.751857 0.738708 0.605801 -4.234982 1.958689 10.991484 -1.938428 0.246196
Pedestrian -1 -1 -10 657.000000 173.000000 669.000000 207.000000 1.755305 0.660236 0.732647 3.436838 1.495974 39.514027 -1.981862 0.140063
Pedestrian -1 -1 -10 705.000000 168.000000 722.000000 218.000000 1.683280 0.612588 0.624023 4.670609 0.745598 31.016010 2.677787 0.014335
Car -1 -1 -10 -3.000000 204.000000 290.000000 371.000000 1.490568 1.567984 3.788230 -5.671682 1.763174 9.048271 0.339089 0.059756
Car -1 -1 -10 1.000000 217.000000 136.000000 373.000000 1.597496 1.589122 3.658903 -2.259908 2.034186 4.997954 -2.821168 0.033467
Cyclist -1 -1 -10 572.000000 175.000000 593.000000 222.000000 1.741999 0.603429 1.757627 -0.883127 1.522102 27.621040 3.067045 0.367351
Cyclist -1 -1 -10 -4.000000 209.000000 313.000000 369.000000 1.642352 0.746012 1.703991 -4.467350 1.794582 7.340711 -0.494751 0.017343
Cyclist -1 -1 -10 705.000000 168.000000 722.000000 218.000000 1.784336 0.525656 1.391831 1.343091 0.494168 8.231799 -1.983303 0.012251
Cyclist -1 -1 -10 152.000000 232.000000 344.000000 365.000000 1.638983 0.639888 1.799475 -3.038001 1.964137 6.573780 1.636781 0.011415
