Pedestrian -1 -1 -10 198.000000 166.000000 264.000000 331.000000 1.682534 0.612193 0.972622 -4.083163 1.554317 7.850237 -1.676679 0.996633
Pedestrian -1 -1 -10 664.000000 165.000000 727.000000 317.000000 1.720469 0.672063 0.948811 1.069049 1.548363 8.401672 -1.832985 0.994643
Pedestrian -1 -1 -10 611.000000 169.000000 664.000000 320.000000 1.715228 0.595884 0.766815 0.298126 1.543627 8.066839 -1.943219 0.994637
Pedestrian -1 -1 -10 3.000000 168.000000 119.000000 371.000000 1.743622 0.654566 0.701864 -5.676192 1.888055 7.895076 1.961595 0.785616
Pedestrian -1 -1 -10 743.000000 163.000000 770.000000 240.000000 1.686714 0.632091 0.680527 3.468849 1.327086 16.361095 -1.357280 0.139859
Pedestrian -1 -1 -10 724.000000 164.000000 748.000000 233.000000 1.757700 0.649076 0.870380 3.458922 1.339955 19.126274 -0.848773 0.091899
Pedestrian -1 -1 -10 715.000000 160.000000 737.000000 224.000000 1.702948 0.586092 0.823782 3.549431 1.140453 19.368787 2.767312 0.064696
Pedestrian -1 -1 -10 617.000000 173.000000 646.000000 219.000000 1.737885 0.646177 0.848886 1.533119 1.625326 36.734040 0.571906 0.026401
Pedestrian -1 -1 -10 690.000000 167.000000 753.000000 285.000000 1.712072 0.586011 0.762941 1.899289 2.097775 10.461635 0.791604 0.026134
Pedestrian -1 -1 -10 707.000000 165.000000 768.000000 251.000000 1.838922 0.650670 0.660520 3.713256 1.491447 18.131449 1.288120 0.010236
Cyclist -1 -1 -10 337.000000 171.000000 422.000000 335.000000 1.738495 0.549765 1.754525 -2.517676 1.640816 8.140241 1.524406 0.998955
Cyclist -1 -1 -10 413.000000 165.000000 466.000000 275.000000 1.778153 0.563920 1.757143 -2.989217 1.559045 12.989078 1.518017 0.998655
Cyclist -1 -1 -10 674.000000 164.000000 735.000000 306.000000 1.753648 0.583367 1.712599 0.951561 1.519766 8.465515 -1.536740 0.341685
Cyclist -1 -1 -10 693.000000 166.000000 758.000000 271.000000 1.638470 0.532271 1.687125 1.785010 1.775083 10.484700 -1.017179 0.207205
Cyclist -1 -1 -10 368.000000 167.000000 441.000000 306.000000 1.705544 0.510419 1.741941 -2.474427 1.613314 8.254271 1.582155 0.102169
Cyclist -1 -1 -10 717.000000 163.000000 752.000000 242.000000 1.760688 0.613660 1.804489 3.540062 1.371373 19.042828 -0.766326 0.059268
Cyclist -1 -1 -10 662.000000 165.000000 792.000000 282.000000 1.672684 0.638796 1.665799 1.742943 1.926155 10.503359 -0.873401 0.057090
Cyclist -1 -1 -10 0.000000 175.000000 118.000000 369.000000 1.658051 0.508824 1.648629 -5.853789 1.770895 8.087941 2.372316 0.038908
Cyclist -1 -1 -10 732.000000 164.000000 768.000000 242.000000 1.786016 0.657453 1.787162 3.498041 1.371587 16.767585 1.708083 0.030588
Cyclist -1 -1 -10 730.000000 176.000000 875.000000 316.000000 1.709184 0.579809 1.760198 2.515805 1.721728 8.539800 0.403292 0.028901
Cyclist -1 -1 -10 402.000000 171.000000 449.000000 230.000000 1.773722 0.674554 1.843962 -5.581721 1.568045 22.064470 -1.127325 0.016727
Cyclist -1 -1 -10 386.000000 177.000000 432.000000 225.000000 1.689459 0.665021 1.698102 -5.738989 1.812817 21.815722 -1.854198 0.013544
