Car -1 -1 -10 295.000000 180.000000 452.000000 236.000000 1.582568 1.649650 3.931083 -6.476762 1.757725 20.186474 -3.139249 0.996694
Car -1 -1 -10 815.000000 168.000000 1075.000000 268.000000 1.752936 1.740543 4.227094 6.386319 1.747501 14.199660 3.147715 0.994798
Car -1 -1 -10 -10.000000 170.000000 331.000000 290.000000 1.753578 1.628127 3.954881 -6.511659 1.655027 10.510121 0.013174 0.988441
Car -1 -1 -10 359.000000 177.000000 491.000000 225.000000 1.614463 1.687746 4.070503 -5.942933 1.686312 25.229864 -3.330530 0.962091
Car -1 -1 -10 1077.000000 185.000000 1238.000000 370.000000 1.522434 1.588155 3.761113 6.389384 1.708485 6.294719 0.129631 0.881390
Car -1 -1 -10 110.000000 183.000000 340.000000 268.000000 1.498879 1.582010 3.706204 -6.801040 1.720951 12.875931 -3.154201 0.385172
Car -1 -1 -10 479.000000 177.000000 537.000000 203.000000 1.596129 1.600516 3.797887 -6.502272 1.916790 43.244630 -3.281367 0.151144
Car -1 -1 -10 451.000000 175.000000 515.000000 205.000000 1.526257 1.589079 3.706395 -6.432746 2.037725 41.108820 -1.729368 0.076939
Car -1 -1 -10 654.000000 149.000000 743.000000 228.000000 2.310329 1.857137 4.590117 2.784128 1.796217 23.627535 -1.640898 0.067411
Car -1 -1 -10 649.000000 178.000000 698.000000 219.000000 1.554036 1.249590 2.130710 2.725400 1.840062 29.655868 -1.508986 0.048867
Car -1 -1 -10 638.000000 175.000000 682.000000 206.000000 1.617210 1.623596 3.487685 2.843109 1.648599 39.639436 0.112555 0.035253
Car -1 -1 -10 962.000000 166.000000 1066.000000 208.000000 1.575776 1.610502 3.455036 17.129924 1.677740 29.689226 1.581418 0.020565
