Car -1 -1 -10 93.000000 201.000000 315.000000 314.000000 1.492863 1.597172 3.808065 -6.186455 1.967509 11.531709 1.565434 0.999217
Car -1 -1 -10 684.000000 180.000000 775.000000 245.000000 1.489510 1.622920 3.859940 2.851422 1.675423 18.079963 -1.583435 0.999173
Car -1 -1 -10 454.000000 183.000000 504.000000 217.000000 1.505988 1.616135 3.950874 -6.081703 2.060499 33.693224 1.589002 0.994287
Car -1 -1 -10 995.000000 152.000000 1245.000000 265.000000 1.555626 1.621745 4.086198 8.162372 1.399618 10.911080 3.210965 0.982885
Car -1 -1 -10 814.000000 157.000000 1010.000000 219.000000 1.562590 1.671774 4.195709 8.086191 1.189603 20.228197 3.146257 0.953437
Car -1 -1 -10 478.000000 183.000000 516.000000 212.000000 1.535777 1.608903 4.067015 -6.120247 2.062429 39.268686 1.563672 0.334324
Car -1 -1 -10 356.000000 183.000000 454.000000 244.000000 1.605991 1.648853 4.100708 -6.251007 2.000056 22.349821 -1.548836 0.296277
Car -1 -1 -10 875.000000 158.000000 1144.000000 231.000000 1.556893 1.592564 3.882156 7.424160 1.291540 14.974350 3.102772 0.129111
Car -1 -1 -10 707.000000 166.000000 787.000000 196.000000 1.607981 1.659677 3.984028 8.945683 1.244292 46.201362 3.227851 0.025278
Car -1 -1 -10 703.000000 170.000000 775.000000 218.000000 1.502850 1.555703 3.421009 3.765214 1.564678 18.106426 1.710781 0.019905
