Car -1 -1 -10 733.000000 178.000000 871.000000 270.000000 1.481015 1.573760 3.704854 3.343898 1.628427 13.325889 1.493345 0.999499
Car -1 -1 -10 333.000000 184.000000 448.000000 248.000000 1.513576 1.611088 3.927673 -5.639569 1.862450 18.741705 1.677544 0.999044
Car -1 -1 -10 7.000000 198.000000 301.000000 341.000000 1.476165 1.580385 3.707429 -5.744139 1.877676 9.719173 1.569127 0.998503
Car -1 -1 -10 691.000000 178.000000 782.000000 239.000000 1.465690 1.646917 4.048668 3.309004 1.668362 19.226505 -1.623072 0.992156
Car -1 -1 -10 667.000000 174.000000 722.000000 216.000000 1.508229 1.608815 3.802557 3.074507 1.584021 27.784479 -1.619699 0.981653
Car -1 -1 -10 931.000000 175.000000 1229.000000 372.000000 1.536013 1.582010 3.827410 3.286174 1.670627 3.626607 -1.574496 0.963410
Car -1 -1 -10 464.000000 176.000000 511.000000 210.000000 1.498905 1.575659 3.899730 -5.726565 1.947406 33.891666 1.547782 0.853961
Car -1 -1 -10 50.000000 186.000000 200.000000 243.000000 1.481383 1.577787 3.779047 -14.744419 1.813883 23.078110 0.021415 0.436830
Car -1 -1 -10 0.000000 252.000000 34.000000 369.000000 1.503181 1.591647 3.842361 -6.298905 1.878956 5.462801 1.476721 0.048869
Car -1 -1 -10 111.000000 186.000000 236.000000 235.000000 1.510488 1.583268 3.766762 -14.909127 1.734193 23.190798 0.036987 0.048365
Car -1 -1 -10 660.000000 175.000000 701.000000 208.000000 1.533902 1.575815 3.443494 3.118291 1.614804 33.023603 -1.636157 0.041489
Car -1 -1 -10 484.000000 178.000000 522.000000 206.000000 1.481917 1.560406 3.571161 -5.599807 1.806878 38.747797 1.506436 0.033856
Car -1 -1 -10 65.000000 190.000000 142.000000 253.000000 1.447753 1.564360 3.891368 -14.013247 1.766262 23.111881 -3.101879 0.025755
Cyclist -1 -1 -10 75.000000 191.000000 114.000000 257.000000 1.771097 0.532809 1.484294 -11.296531 1.884519 15.512619 -1.472125 0.704716
Cyclist -1 -1 -10 47.000000 187.000000 184.000000 252.000000 1.693567 0.449046 1.256895 -11.373549 2.163074 17.094471 0.426067 0.075720
