Pedestrian -1 -1 -10 119.000000 142.000000 248.000000 372.000000 1.708013 0.586531 0.886432 -2.620439 1.441268 4.445242 -3.651272 0.997775
Pedestrian -1 -1 -10 650.000000 158.000000 686.000000 247.000000 1.857163 0.590643 0.542991 2.338109 1.022599 26.191372 -1.438775 0.896008
Pedestrian -1 -1 -10 646.000000 162.000000 667.000000 244.000000 1.712982 0.592779 0.630264 2.068845 1.147170 26.204587 -1.040542 0.245009
Pedestrian -1 -1 -10 752.000000 153.000000 773.000000 239.000000 1.729731 0.642263 0.651575 3.411410 1.627057 15.411777 -1.456346 0.138613
Pedestrian -1 -1 -10 637.000000 168.000000 710.000000 236.000000 1.746298 0.756813 0.708344 2.512300 1.506546 25.794183 -1.498980 0.025846
Car -1 -1 -10 594.000000 182.000000 859.000000 303.000000 1.452230 1.560707 3.682812 1.730172 1.558909 10.180089 -0.294344 0.997568
Car -1 -1 -10 606.000000 169.000000 775.000000 265.000000 1.487468 1.589605 3.808634 1.713470 1.520367 10.578429 -0.369329 0.010303
Cyclist -1 -1 -10 634.000000 163.000000 696.000000 239.000000 1.663436 0.563675 1.764154 2.196187 0.803833 25.984828 -2.046534 0.581064
Cyclist -1 -1 -10 611.000000 161.000000 730.000000 249.000000 1.713457 0.604082 1.658191 1.343452 1.432544 14.796222 -0.914165 0.183757
Cyclist -1 -1 -10 636.000000 163.000000 661.000000 243.000000 1.713249 0.559601 1.721261 1.903562 1.030430 26.303452 -1.508710 0.027762
Cyclist -1 -1 -10 598.000000 175.000000 854.000000 305.000000 1.658869 0.607889 1.799562 1.434327 1.605736 9.810738 -0.268031 0.027581
Cyclist -1 -1 -10 741.000000 155.000000 779.000000 241.000000 1.708514 0.606614 1.735312 3.649727 1.415383 15.558495 2.835445 0.018486
