Pedestrian -1 -1 -10 437.000000 165.000000 466.000000 241.000000 1.796525 0.684991 0.991117 -3.737078 1.386582 17.325860 1.342023 0.978602
Pedestrian -1 -1 -10 452.000000 165.000000 481.000000 239.000000 1.816544 0.642678 0.883690 -3.435281 1.363680 17.425054 1.413795 0.922565
Pedestrian -1 -1 -10 416.000000 169.000000 430.000000 213.000000 1.720474 0.552346 0.578168 -7.523211 1.410868 29.021822 2.308394 0.845787
Pedestrian -1 -1 -10 450.000000 167.000000 463.000000 230.000000 1.683280 0.612588 0.624024 -3.560634 1.729677 17.649600 2.315758 0.028535
Pedestrian -1 -1 -10 420.000000 165.000000 453.000000 224.000000 1.721813 0.582890 0.642883 -3.958715 1.240096 17.380215 2.271058 0.024388
Pedestrian -1 -1 -10 439.000000 168.000000 458.000000 213.000000 1.716334 0.589198 0.686560 -9.743253 1.462934 42.054197 0.848809 0.023521
Pedestrian -1 -1 -10 440.000000 167.000000 451.000000 204.000000 1.715452 0.577780 0.696455 -9.744484 1.461603 42.038402 0.858303 0.018395
Car -1 -1 -10 553.000000 163.000000 593.000000 208.000000 1.739328 1.702209 3.934636 -1.700877 1.144581 34.332255 -1.714347 0.632111
Cyclist -1 -1 -10 415.000000 169.000000 429.000000 212.000000 1.757900 0.580966 1.715621 -7.645354 1.280588 29.214614 1.243783 0.069847
Cyclist -1 -1 -10 455.000000 165.000000 483.000000 236.000000 1.798593 0.644373 1.741617 -3.520803 1.375606 17.540358 1.481102 0.060470
Cyclist -1 -1 -10 439.000000 164.000000 471.000000 239.000000 1.833074 0.606044 1.701116 -3.734091 1.365929 17.468140 0.788001 0.017782
