Pedestrian -1 -1 -10 657.000000 168.000000 679.000000 233.000000 1.709554 0.595167 0.877392 1.934903 1.485622 21.220001 -1.576490 0.955251
Pedestrian -1 -1 -10 680.000000 172.000000 704.000000 235.000000 1.751387 0.696377 0.989377 2.672801 1.464866 21.343446 -1.575314 0.880712
Pedestrian -1 -1 -10 499.000000 172.000000 524.000000 232.000000 1.730081 0.656901 1.017914 -2.575547 1.368768 20.533360 -1.806389 0.838426
Pedestrian -1 -1 -10 1104.000000 185.000000 1198.000000 319.000000 1.615573 0.769714 0.863085 5.782073 1.642841 7.454207 0.721766 0.518723
Pedestrian -1 -1 -10 836.000000 188.000000 870.000000 294.000000 1.726247 0.641000 0.639739 4.172322 1.789550 12.355478 0.823063 0.106179
Pedestrian -1 -1 -10 461.000000 172.000000 472.000000 205.000000 1.767761 0.614200 0.654222 -5.942940 1.228275 31.645463 -1.799982 0.079016
Pedestrian -1 -1 -10 878.000000 183.000000 936.000000 290.000000 1.698942 0.600091 0.639655 4.023615 2.080656 9.366037 -0.676600 0.058381
Pedestrian -1 -1 -10 1043.000000 172.000000 1092.000000 261.000000 1.706268 0.553637 0.591578 7.620651 1.599785 11.081525 3.590100 0.037963
Pedestrian -1 -1 -10 574.000000 173.000000 587.000000 207.000000 1.747467 0.662911 0.785326 -1.117300 1.373506 37.311875 -1.574769 0.034504
Pedestrian -1 -1 -10 1167.000000 192.000000 1203.000000 313.000000 1.633581 0.543535 0.583459 7.325354 1.912469 8.571033 1.416947 0.023002
Car -1 -1 -10 595.000000 172.000000 627.000000 197.000000 1.517220 1.670462 3.926100 1.239774 1.178798 62.403701 -1.636666 0.012285
Cyclist -1 -1 -10 877.000000 182.000000 936.000000 292.000000 1.745094 0.625251 1.566439 3.781663 1.333656 9.623658 -0.433285 0.101913
Cyclist -1 -1 -10 657.000000 168.000000 679.000000 232.000000 1.778127 0.653035 1.787292 1.872733 1.539290 21.253636 -1.452285 0.046093
Cyclist -1 -1 -10 832.000000 196.000000 875.000000 291.000000 1.673427 0.596340 1.652925 4.212136 1.687388 12.374040 1.902313 0.027449
Cyclist -1 -1 -10 814.000000 190.000000 937.000000 296.000000 1.713355 0.536506 1.508830 3.436308 1.683087 8.760084 3.465118 0.023741
Cyclist -1 -1 -10 1104.000000 186.000000 1205.000000 314.000000 1.721055 0.683252 1.744504 5.718569 1.534548 7.533095 -1.383412 0.021959
