Car -1 -1 -10 629.000000 179.000000 686.000000 223.000000 1.439917 1.629269 3.967129 1.709736 1.715433 27.227341 -1.648075 0.999155
Car -1 -1 -10 889.000000 184.000000 1239.000000 335.000000 1.531617 1.584325 4.118605 5.971760 1.765316 8.651076 3.179938 0.990944
Car -1 -1 -10 795.000000 167.000000 1065.000000 287.000000 1.526232 1.564460 4.004713 5.585366 1.753182 11.586681 -0.089902 0.985568
Car -1 -1 -10 291.000000 180.000000 440.000000 232.000000 1.507197 1.570239 4.141869 -6.951883 1.749897 21.520378 -0.186664 0.978310
Car -1 -1 -10 -1.000000 152.000000 276.000000 316.000000 1.803625 1.684495 3.978451 -6.861849 1.574846 10.163173 -0.096118 0.952206
Car -1 -1 -10 1060.000000 189.000000 1242.000000 366.000000 1.480874 1.606638 3.936608 6.380258 1.674121 6.312181 -0.021326 0.909705
Car -1 -1 -10 613.000000 175.000000 648.000000 203.000000 1.539575 1.539914 3.632050 1.395357 1.829204 41.597804 1.568083 0.822006
Car -1 -1 -10 349.000000 180.000000 472.000000 226.000000 1.514208 1.603549 4.037286 -6.960479 1.845271 23.792998 -3.166640 0.274494
Car -1 -1 -10 457.000000 180.000000 507.000000 207.000000 1.508697 1.562027 3.518733 -5.377376 2.121096 38.783091 -1.046383 0.142598
Cyclist -1 -1 -10 449.000000 176.000000 489.000000 252.000000 1.709920 0.608167 1.756495 -3.403562 1.844372 17.263032 1.515434 0.998896
Cyclist -1 -1 -10 454.000000 179.000000 505.000000 211.000000 1.825686 0.521756 1.667239 -5.996721 1.863064 34.223977 -3.232540 0.220412
Cyclist -1 -1 -10 418.000000 179.000000 485.000000 236.000000 1.734412 0.655964 1.660477 -5.378701 1.963361 23.095186 2.879027 0.140814
Cyclist -1 -1 -10 789.000000 172.000000 1056.000000 283.000000 1.682022 0.773363 1.895582 4.383970 1.774227 11.185455 -0.035670 0.031874
Cyclist -1 -1 -10 384.000000 182.000000 466.000000 227.000000 1.669799 0.648592 1.620108 -5.449565 1.827272 22.255525 -1.260692 0.019642
