Pedestrian -1 -1 -10 336.000000 178.000000 388.000000 317.000000 1.760721 0.616419 0.721935 -3.237305 1.734387 9.652668 -1.396496 0.998338
Pedestrian -1 -1 -10 759.000000 172.000000 812.000000 329.000000 1.774494 0.677143 0.839235 2.111970 1.675797 8.519900 -1.658764 0.997056
Pedestrian -1 -1 -10 912.000000 165.000000 970.000000 313.000000 1.722689 0.602149 0.809694 4.102817 1.520676 8.804501 1.952876 0.996398
Pedestrian -1 -1 -10 640.000000 174.000000 670.000000 250.000000 1.761451 0.667855 1.017991 1.293906 1.632492 18.134443 -1.958200 0.993276
Pedestrian -1 -1 -10 972.000000 167.000000 1029.000000 310.000000 1.703698 0.616689 0.725245 4.677374 1.521301 8.353025 -1.110280 0.990389
Pedestrian -1 -1 -10 715.000000 176.000000 756.000000 290.000000 1.714524 0.649524 0.777325 1.995119 1.643424 11.018035 -1.824483 0.979853
Pedestrian -1 -1 -10 241.000000 177.000000 293.000000 315.000000 1.715511 0.719788 0.773730 -4.595769 1.720287 9.798353 1.126845 0.957924
Pedestrian -1 -1 -10 694.000000 181.000000 727.000000 281.000000 1.721824 0.638634 0.797139 1.862054 1.760849 12.427710 -1.415260 0.854823
Pedestrian -1 -1 -10 795.000000 171.000000 820.000000 252.000000 1.792277 0.631031 0.839642 4.766124 1.499236 16.582959 -1.884441 0.746306
Pedestrian -1 -1 -10 777.000000 173.000000 818.000000 280.000000 1.697953 0.595397 0.684976 3.583121 1.457122 13.541461 -0.869997 0.402818
Pedestrian -1 -1 -10 666.000000 181.000000 687.000000 235.000000 1.657884 0.606358 0.694870 3.012005 1.658576 27.827501 1.251661 0.093448
Pedestrian -1 -1 -10 240.000000 241.000000 323.000000 312.000000 1.721119 0.747415 0.938646 -4.350255 2.431420 9.823075 -3.120936 0.058424
Pedestrian -1 -1 -10 763.000000 177.000000 802.000000 245.000000 1.766938 0.649858 0.748974 3.426165 1.410988 13.487456 -1.875779 0.036391
Car -1 -1 -10 548.000000 185.000000 596.000000 224.000000 1.567670 1.611124 3.835617 -1.217779 1.733533 30.900017 1.652672 0.999062
Cyclist -1 -1 -10 230.000000 180.000000 304.000000 310.000000 1.769857 0.619270 1.741388 -4.608037 1.746542 9.857771 1.099678 0.722105
Cyclist -1 -1 -10 236.000000 240.000000 324.000000 313.000000 1.669478 0.585548 1.714723 -4.459137 2.205686 9.848360 2.153791 0.057778
