Pedestrian -1 -1 -10 579.000000 158.000000 606.000000 237.000000 1.780390 0.610901 0.956855 -0.239069 1.207090 16.077489 -1.114699 0.995745
Pedestrian -1 -1 -10 817.000000 153.000000 858.000000 255.000000 1.718198 0.684401 0.843171 3.871339 1.162607 11.857665 -1.367415 0.992794
Pedestrian -1 -1 -10 28.000000 170.000000 157.000000 367.000000 1.692636 0.542044 0.685187 -3.713017 1.534194 5.140773 -0.067827 0.982173
Pedestrian -1 -1 -10 540.000000 156.000000 566.000000 225.000000 1.816258 0.723257 0.899301 -1.266998 1.185055 19.361771 1.397595 0.965937
Pedestrian -1 -1 -10 1038.000000 141.000000 1169.000000 357.000000 1.707404 0.596717 0.572105 2.932050 1.846192 4.459334 1.693743 0.734679
Pedestrian -1 -1 -10 477.000000 159.000000 508.000000 235.000000 1.721453 0.624509 0.739627 -2.491690 1.248024 16.686020 1.862041 0.524389
Pedestrian -1 -1 -10 618.000000 158.000000 634.000000 208.000000 1.733603 0.655861 0.844095 0.896854 1.013924 27.346842 -1.890510 0.504223
Pedestrian -1 -1 -10 605.000000 160.000000 619.000000 206.000000 1.699009 0.635435 0.852557 0.357517 0.857429 28.300107 -1.541725 0.438962
Pedestrian -1 -1 -10 707.000000 150.000000 754.000000 243.000000 1.733892 0.616681 0.898193 2.423392 1.213464 13.499230 2.740676 0.403313
Pedestrian -1 -1 -10 1070.000000 145.000000 1111.000000 283.000000 1.720547 0.581866 0.532977 4.661845 1.501795 6.811772 3.180796 0.173722
Pedestrian -1 -1 -10 676.000000 156.000000 700.000000 211.000000 1.771957 0.588992 0.589102 3.577359 1.043771 28.678284 -0.898528 0.119234
Pedestrian -1 -1 -10 574.000000 160.000000 593.000000 217.000000 1.664379 0.592598 0.585931 -0.341839 0.970125 14.481633 3.034070 0.096295
Cyclist -1 -1 -10 344.000000 172.000000 443.000000 327.000000 1.664178 0.552471 1.696878 -2.340428 1.506407 7.974912 1.706498 0.997593
Cyclist -1 -1 -10 1026.000000 140.000000 1182.000000 370.000000 1.628724 0.501593 1.655256 2.624411 1.720860 4.102757 1.670517 0.971694
Cyclist -1 -1 -10 703.000000 151.000000 761.000000 246.000000 1.726141 0.554070 1.860774 2.406115 1.211592 13.439741 1.303406 0.944346
Cyclist -1 -1 -10 13.000000 174.000000 162.000000 356.000000 1.709854 0.581030 1.677698 -3.782625 1.487660 5.191363 -1.625143 0.606462
Cyclist -1 -1 -10 669.000000 157.000000 702.000000 214.000000 1.669998 0.707469 1.687069 2.597333 1.515068 23.802421 0.267229 0.106556
Cyclist -1 -1 -10 1056.000000 146.000000 1141.000000 319.000000 1.707143 0.530553 1.708095 4.789836 1.315993 6.933501 -1.485443 0.045100
Cyclist -1 -1 -10 1085.000000 177.000000 1227.000000 370.000000 1.714032 0.522357 1.569199 5.983251 1.701217 7.651366 -0.324091 0.012295
Cyclist -1 -1 -10 475.000000 161.000000 513.000000 234.000000 1.716343 0.629057 1.732732 -2.701187 1.265073 16.854340 2.890330 0.010573
Cyclist -1 -1 -10 657.000000 158.000000 688.000000 206.000000 1.679091 0.539106 1.520414 2.614377 1.148378 26.089248 1.104800 0.010331
