Pedestrian -1 -1 -10 715.000000 158.000000 727.000000 207.000000 1.584810 0.645511 0.727939 1.512983 0.489779 9.147111 1.142930 0.130875
Pedestrian -1 -1 -10 728.000000 160.000000 738.000000 198.000000 1.749105 0.702546 0.730438 5.799844 1.077642 33.825248 -1.250894 0.023683
Car -1 -1 -10 152.000000 192.000000 382.000000 296.000000 1.497902 1.631657 3.968033 -5.591773 1.878554 12.409305 1.658395 0.999479
Car -1 -1 -10 727.000000 177.000000 894.000000 277.000000 1.458258 1.648875 3.941730 3.195074 1.549544 12.629841 -1.638805 0.999007
Car -1 -1 -10 814.000000 178.000000 1204.000000 374.000000 1.474391 1.578553 3.871445 3.448051 1.629025 6.936249 1.532081 0.998297
Car -1 -1 -10 682.000000 175.000000 757.000000 226.000000 1.482690 1.599833 3.700963 3.072118 1.503682 21.248883 -1.613049 0.996905
Car -1 -1 -10 425.000000 176.000000 489.000000 221.000000 1.576740 1.567848 3.618628 -5.693653 1.802483 27.346475 1.565963 0.990538
Car -1 -1 -10 665.000000 173.000000 728.000000 215.000000 1.496945 1.559597 3.621319 3.240821 1.516256 26.606161 -1.643328 0.984828
Car -1 -1 -10 462.000000 177.000000 508.000000 212.000000 1.443388 1.571923 3.872372 -5.549129 1.811121 32.758281 1.522495 0.840748
Car -1 -1 -10 1091.000000 218.000000 1236.000000 374.000000 1.493930 1.601788 3.901916 3.490437 1.644448 6.882908 1.753358 0.066411
Cyclist -1 -1 -10 763.000000 167.000000 778.000000 213.000000 1.745833 0.605039 1.665552 6.312293 1.090719 27.084030 -1.348737 0.012785
