Pedestrian -1 -1 -10 760.000000 144.000000 818.000000 298.000000 1.729156 0.654977 0.837500 2.208117 1.368368 8.743496 -1.779360 0.998484
Pedestrian -1 -1 -10 1093.000000 139.000000 1198.000000 344.000000 1.758737 0.628643 0.775381 4.716240 1.383626 6.330413 3.727217 0.997668
Pedestrian -1 -1 -10 696.000000 158.000000 748.000000 305.000000 1.692099 0.610405 0.756046 1.336293 1.391323 8.345638 -1.862425 0.994681
Pedestrian -1 -1 -10 207.000000 167.000000 249.000000 280.000000 1.711485 0.674478 0.930406 -6.155700 1.457604 11.689076 -1.951213 0.994219
Pedestrian -1 -1 -10 1006.000000 135.000000 1056.000000 278.000000 1.758033 0.533329 0.867183 5.451025 1.198025 9.169462 -2.592949 0.992407
Pedestrian -1 -1 -10 728.000000 154.000000 762.000000 266.000000 1.751477 0.611671 0.732928 2.282145 1.306799 11.464031 -2.022066 0.930938
Pedestrian -1 -1 -10 270.000000 169.000000 328.000000 306.000000 1.667076 0.683975 0.702878 -4.069798 1.568567 9.554782 1.657325 0.853420
Pedestrian -1 -1 -10 1129.000000 135.000000 1224.000000 310.000000 1.730906 0.620896 0.792886 6.143891 1.225655 7.626054 1.190923 0.748743
Pedestrian -1 -1 -10 236.000000 169.000000 278.000000 272.000000 1.721827 0.606560 0.636912 -4.917942 1.419072 9.885451 -1.502966 0.648822
Pedestrian -1 -1 -10 605.000000 163.000000 630.000000 236.000000 1.687650 0.682411 0.745105 0.317960 1.272829 17.286143 -2.042050 0.608364
Pedestrian -1 -1 -10 803.000000 142.000000 821.000000 217.000000 1.813780 0.651085 0.812696 4.850105 0.832611 16.429189 1.790914 0.603809
Pedestrian -1 -1 -10 242.000000 169.000000 310.000000 290.000000 1.697773 0.760261 0.699358 -4.238553 1.511411 9.361617 1.237410 0.239773
Pedestrian -1 -1 -10 228.000000 167.000000 265.000000 240.000000 1.693972 0.601491 0.601475 -7.859418 1.175102 16.211705 -0.392724 0.168665
Pedestrian -1 -1 -10 787.000000 150.000000 805.000000 212.000000 1.696031 0.586651 0.736866 4.492284 0.821196 16.664192 2.887920 0.161093
Pedestrian -1 -1 -10 687.000000 172.000000 711.000000 234.000000 1.738244 0.611555 0.590367 2.408406 1.434016 17.903256 2.804608 0.158695
Pedestrian -1 -1 -10 691.000000 167.000000 730.000000 254.000000 1.680377 0.589142 0.591987 1.684874 1.572509 9.013025 -0.792179 0.156464
Pedestrian -1 -1 -10 794.000000 143.000000 813.000000 218.000000 1.758469 0.508293 0.771082 4.491667 0.893244 16.433850 0.844255 0.089670
Car -1 -1 -10 378.000000 156.000000 475.000000 230.000000 1.949552 1.772896 4.350838 -5.092230 1.253848 21.212157 1.512734 0.983668
Car -1 -1 -10 430.000000 159.000000 497.000000 216.000000 1.632537 1.607438 3.968215 -5.155019 0.881820 27.808742 1.515931 0.523517
Car -1 -1 -10 511.000000 162.000000 566.000000 213.000000 1.728919 1.709230 3.995957 -2.355941 1.085927 26.910237 1.515805 0.474985
Cyclist -1 -1 -10 267.000000 169.000000 326.000000 306.000000 1.683152 0.568329 1.737725 -4.052405 1.519403 9.431340 1.514137 0.636379
Cyclist -1 -1 -10 235.000000 171.000000 296.000000 276.000000 1.662205 0.485487 1.586272 -4.561430 1.284105 9.821185 0.640950 0.139198
Cyclist -1 -1 -10 227.000000 164.000000 261.000000 232.000000 1.692362 0.490842 1.510079 -6.201845 1.493729 13.465526 -1.375761 0.038082
Cyclist -1 -1 -10 691.000000 166.000000 721.000000 239.000000 1.670065 0.538962 1.742795 2.461071 1.376234 17.923367 1.672536 0.021964
Cyclist -1 -1 -10 1122.000000 136.000000 1220.000000 317.000000 1.750553 0.608092 1.744542 6.047000 1.213166 7.513170 2.441953 0.016678
Cyclist -1 -1 -10 694.000000 159.000000 748.000000 304.000000 1.748570 0.504240 1.732709 1.259110 1.456132 8.501240 -1.870446 0.011921
