Pedestrian -1 -1 -10 221.000000 153.000000 269.000000 298.000000 1.728245 0.689485 0.731345 -4.595357 1.497360 9.098329 -1.744617 0.983555
Pedestrian -1 -1 -10 290.000000 163.000000 323.000000 279.000000 1.752510 0.663807 0.805071 -5.020706 1.356771 11.708828 -1.569667 0.852116
Pedestrian -1 -1 -10 265.000000 160.000000 334.000000 284.000000 1.761605 0.622459 0.797614 -5.514767 1.356051 11.914193 2.246468 0.531298
Pedestrian -1 -1 -10 242.000000 158.000000 310.000000 299.000000 1.769934 0.672320 0.657690 -4.451988 1.497236 9.014223 2.130180 0.486073
Pedestrian -1 -1 -10 173.000000 157.000000 335.000000 290.000000 1.754944 0.754776 0.754290 -5.025705 1.374369 9.971375 -2.441309 0.116289
Pedestrian -1 -1 -10 130.000000 177.000000 384.000000 359.000000 1.736647 0.650855 0.875776 -2.155837 1.832063 4.244969 -2.560413 0.094458
Pedestrian -1 -1 -10 230.000000 156.000000 424.000000 298.000000 1.682325 0.828746 0.751710 -2.982377 1.718677 8.593427 -3.513526 0.083459
Pedestrian -1 -1 -10 212.000000 168.000000 247.000000 314.000000 1.701550 0.608547 0.605794 -4.632989 1.441135 9.061419 -1.615669 0.069729
Pedestrian -1 -1 -10 281.000000 172.000000 368.000000 270.000000 1.666253 0.567139 0.553010 -1.965554 1.583364 4.802491 2.166402 0.039489
Car -1 -1 -10 663.000000 173.000000 749.000000 235.000000 1.465719 1.633723 3.891457 2.325802 1.449309 18.904290 -1.605028 0.998978
Car -1 -1 -10 520.000000 171.000000 561.000000 210.000000 1.566555 1.631835 3.812130 -3.128928 1.610469 32.378418 -1.642337 0.996598
Car -1 -1 -10 639.000000 171.000000 689.000000 210.000000 1.572339 1.650707 4.045176 2.238736 1.530686 31.563042 -1.681478 0.988612
Car -1 -1 -10 269.000000 179.000000 447.000000 289.000000 1.503625 1.604777 3.651812 -3.411971 1.661634 9.740029 -1.622870 0.972350
Car -1 -1 -10 0.000000 186.000000 426.000000 370.000000 1.537394 1.625480 3.972021 -2.777545 1.648436 5.295644 -1.533981 0.956070
Car -1 -1 -10 859.000000 176.000000 1229.000000 374.000000 1.479837 1.616835 3.834931 2.524988 1.582272 3.013896 -1.589528 0.928564
Car -1 -1 -10 630.000000 171.000000 668.000000 203.000000 1.555176 1.630951 3.922284 2.106986 1.571118 37.527951 -1.588676 0.553679
Car -1 -1 -10 544.000000 174.000000 569.000000 199.000000 1.520659 1.597763 3.747780 -3.505610 1.694105 46.146745 -1.630213 0.243775
Car -1 -1 -10 194.000000 165.000000 349.000000 318.000000 1.509331 1.635941 3.811530 -2.937154 1.591026 4.008370 1.649719 0.077668
Car -1 -1 -10 625.000000 168.000000 656.000000 196.000000 1.741260 1.656702 3.972354 2.616482 1.521533 47.755857 -0.957894 0.050833
Cyclist -1 -1 -10 274.000000 176.000000 448.000000 294.000000 1.657926 0.670610 1.810408 -2.917899 1.639423 9.274149 -1.463879 0.229681
Cyclist -1 -1 -10 274.000000 172.000000 357.000000 275.000000 1.629944 0.377570 1.613398 -4.944721 1.264543 11.805619 -2.374850 0.183100
Cyclist -1 -1 -10 194.000000 157.000000 341.000000 301.000000 1.685722 0.737159 1.658381 -4.465569 1.231915 9.526421 0.035448 0.150282
Cyclist -1 -1 -10 293.000000 166.000000 326.000000 285.000000 1.679445 0.532193 1.674768 -4.802086 1.118957 11.715796 -1.411690 0.090555
Cyclist -1 -1 -10 211.000000 153.000000 280.000000 311.000000 1.737468 0.644554 1.719951 -4.675301 1.351344 9.220182 -2.008729 0.056662
Cyclist -1 -1 -10 130.000000 177.000000 384.000000 359.000000 1.663225 0.609009 1.735727 -2.237620 1.689956 4.233387 -1.515390 0.020633
