Pedestrian -1 -1 -10 682.000000 175.000000 689.000000 207.000000 1.742814 0.632317 0.738490 4.338328 1.856474 41.356134 -1.024428 0.029940
Pedestrian -1 -1 -10 2.000000 205.000000 248.000000 367.000000 1.732387 0.634104 0.681838 -2.452414 1.967669 3.286861 2.109848 0.011205
Car -1 -1 -10 416.000000 189.000000 528.000000 270.000000 1.500549 1.600529 3.770411 -2.819694 1.797336 15.218119 -1.596616 0.999337
Car -1 -1 -10 760.000000 197.000000 1068.000000 376.000000 1.479429 1.609485 3.924662 2.899596 1.807260 7.712683 -1.586459 0.998834
Car -1 -1 -10 504.000000 181.000000 559.000000 227.000000 1.533361 1.648820 4.136149 -2.836470 1.817821 26.344811 1.573572 0.997804
Car -1 -1 -10 642.000000 176.000000 681.000000 209.000000 1.509349 1.638487 3.915840 2.446256 1.712250 36.093721 -1.584102 0.997150
Car -1 -1 -10 697.000000 183.000000 840.000000 284.000000 1.472324 1.636932 3.828141 2.638466 1.700501 12.915391 -1.683151 0.993443
Car -1 -1 -10 0.000000 208.000000 260.000000 369.000000 1.518222 1.606212 3.745447 -3.068329 1.795596 2.901991 -1.548057 0.955788
Car -1 -1 -10 678.000000 165.000000 777.000000 249.000000 1.712846 1.641047 3.826736 2.716075 1.591113 17.616824 -1.625049 0.933876
Car -1 -1 -10 913.000000 201.000000 1241.000000 374.000000 1.483121 1.625057 3.845209 2.679117 1.719522 2.745229 -1.604406 0.627611
Car -1 -1 -10 631.000000 174.000000 661.000000 200.000000 1.515423 1.540612 3.432316 2.540240 2.420062 47.486302 1.073541 0.092348
Cyclist -1 -1 -10 18.000000 211.000000 246.000000 371.000000 1.685642 0.611945 1.774981 -2.738356 1.810358 2.996080 -1.576591 0.010264
