Car -1 -1 -10 307.000000 180.000000 479.000000 292.000000 1.579225 1.591121 3.800053 -3.522070 1.733993 12.213023 1.598831 0.999151
Car -1 -1 -10 817.000000 145.000000 1257.000000 375.000000 1.700408 1.646588 4.075272 3.341606 1.518803 6.616625 -1.575238 0.997739
Car -1 -1 -10 723.000000 170.000000 810.000000 231.000000 1.473895 1.598877 3.760565 4.305631 1.427830 19.300742 -1.163084 0.997081
Car -1 -1 -10 439.000000 175.000000 506.000000 225.000000 1.509835 1.595712 3.965559 -4.576417 1.611295 23.659668 1.615706 0.992506
Car -1 -1 -10 519.000000 167.000000 604.000000 228.000000 1.698373 1.670413 4.216365 -1.549945 1.554621 23.098977 -1.458149 0.895049
Car -1 -1 -10 770.000000 169.000000 889.000000 216.000000 1.530041 1.632030 3.837915 7.066515 1.376451 23.778845 -0.725953 0.525261
Car -1 -1 -10 965.000000 144.000000 1241.000000 303.000000 1.557973 1.449392 3.094085 5.716097 1.228590 8.880939 2.588941 0.014687
Cyclist -1 -1 -10 834.000000 143.000000 1248.000000 359.000000 1.717685 0.692588 1.830670 2.956454 1.495043 6.014734 -1.569532 0.012807
Cyclist -1 -1 -10 981.000000 139.000000 1204.000000 194.000000 1.695651 0.597428 1.606980 8.955548 0.983215 13.548976 3.717290 0.012392
Cyclist -1 -1 -10 33.000000 231.000000 119.000000 275.000000 1.827017 0.568901 1.389629 -8.491482 2.032538 11.792390 -2.262190 0.011722
