Car -1 -1 -10 680.000000 183.000000 784.000000 255.000000 1.451716 1.659911 4.076076 2.653449 1.698674 16.820998 -1.587826 0.999271
Car -1 -1 -10 -13.000000 177.000000 315.000000 318.000000 1.541101 1.617156 4.075561 -5.959020 1.630272 8.973297 -0.037016 0.996827
Car -1 -1 -10 748.000000 179.000000 886.000000 232.000000 1.452523 1.623757 4.007330 6.578837 1.766438 21.644220 0.056496 0.977369
Car -1 -1 -10 424.000000 174.000000 525.000000 211.000000 1.507458 1.614651 4.288523 -6.284341 1.664841 30.848973 -3.120996 0.972728
Car -1 -1 -10 271.000000 173.000000 471.000000 241.000000 1.559168 1.643833 4.032008 -5.657298 1.611456 18.352985 -0.135989 0.954885
Car -1 -1 -10 696.000000 176.000000 772.000000 214.000000 1.505992 1.589003 3.911327 6.377698 1.538230 34.645847 -0.009688 0.872538
Car -1 -1 -10 670.000000 176.000000 728.000000 203.000000 1.530842 1.663325 3.970289 6.024218 1.907671 45.482388 -0.039697 0.738726
Car -1 -1 -10 364.000000 173.000000 498.000000 222.000000 1.537631 1.686535 3.584149 -4.620660 1.632226 19.769390 0.824401 0.659909
Car -1 -1 -10 183.000000 175.000000 363.000000 256.000000 1.648367 1.610430 3.973748 -6.879940 1.614641 14.432869 0.546968 0.501898
Car -1 -1 -10 1120.000000 228.000000 1236.000000 371.000000 1.531355 1.591457 3.644882 2.320164 1.480708 1.308304 -1.527667 0.254526
Car -1 -1 -10 247.000000 170.000000 363.000000 234.000000 1.636181 1.603980 3.933632 -7.898871 1.178924 20.653852 0.012761 0.045076
Car -1 -1 -10 463.000000 172.000000 540.000000 201.000000 1.599425 1.645409 4.010193 -6.221884 1.340712 40.477211 -3.221608 0.043621
