Car -1 -1 -10 697.000000 185.000000 828.000000 272.000000 1.460782 1.617028 3.811280 2.724553 1.702328 13.723374 -1.588587 0.999647
Car -1 -1 -10 50.000000 180.000000 369.000000 279.000000 1.566431 1.656078 4.093563 -6.483924 1.672392 12.216883 0.057672 0.996816
Car -1 -1 -10 655.000000 174.000000 719.000000 225.000000 1.585117 1.642947 3.939554 2.583180 1.685833 24.664541 -1.572036 0.995157
Car -1 -1 -10 353.000000 178.000000 488.000000 229.000000 1.622618 1.633030 4.077821 -6.371389 1.842425 24.844941 -3.195397 0.951006
Car -1 -1 -10 229.000000 163.000000 434.000000 247.000000 1.735259 1.697868 3.943718 -6.329515 1.616362 17.113031 -3.123873 0.699274
Car -1 -1 -10 -1.000000 191.000000 135.000000 345.000000 1.517257 1.565989 3.658106 -6.600635 1.625847 6.932480 -3.209503 0.378662
Car -1 -1 -10 419.000000 178.000000 508.000000 215.000000 1.550913 1.618059 3.681749 -6.319391 1.720536 34.519232 -1.718748 0.312440
Car -1 -1 -10 7.000000 183.000000 217.000000 285.000000 1.566306 1.622116 3.854156 -7.150347 1.670254 12.181763 -0.002018 0.126787
Car -1 -1 -10 1007.000000 204.000000 1236.000000 370.000000 1.486743 1.588100 3.767402 2.836320 1.653204 1.197047 -1.622239 0.057139
Car -1 -1 -10 645.000000 176.000000 696.000000 215.000000 1.543996 1.639697 4.064495 2.539105 1.825218 30.492595 -1.595120 0.048379
Car -1 -1 -10 754.000000 188.000000 825.000000 238.000000 1.553499 1.597243 3.868037 6.903127 1.674054 26.233278 -0.803871 0.045758
Car -1 -1 -10 448.000000 177.000000 535.000000 206.000000 1.503234 1.607336 4.084232 -6.261656 1.800014 38.449198 0.776451 0.033942
Car -1 -1 -10 637.000000 173.000000 679.000000 205.000000 1.539804 1.608025 3.782468 2.547130 1.794796 39.891195 -1.616222 0.029627
