Pedestrian -1 -1 -10 534.000000 174.000000 547.000000 210.000000 1.759458 0.644580 0.873638 -3.565180 1.811348 37.188640 0.961176 0.365590
Pedestrian -1 -1 -10 549.000000 172.000000 561.000000 206.000000 1.714486 0.609866 0.780178 -2.906407 1.779018 37.642799 1.067970 0.050519
Pedestrian -1 -1 -10 538.000000 175.000000 550.000000 201.000000 1.721135 0.664775 0.855641 -3.494497 1.589384 37.260830 -1.732475 0.031234
Pedestrian -1 -1 -10 525.000000 176.000000 551.000000 203.000000 1.700355 0.746290 0.806467 -3.469184 1.668100 37.158272 -2.080068 0.027651
Pedestrian -1 -1 -10 681.000000 164.000000 691.000000 199.000000 1.732747 0.638268 0.797790 4.200752 1.177437 39.835094 0.191626 0.024449
Pedestrian -1 -1 -10 544.000000 174.000000 555.000000 202.000000 1.726344 0.550572 0.689229 -3.044284 1.890425 37.695775 0.990331 0.017476
Pedestrian -1 -1 -10 555.000000 172.000000 563.000000 201.000000 1.683279 0.612588 0.624023 -3.731409 2.603203 52.605459 2.451582 0.016598
Car -1 -1 -10 674.000000 171.000000 769.000000 249.000000 1.562628 1.609487 3.554440 2.393924 1.582313 16.812232 -1.608863 0.999146
Car -1 -1 -10 378.000000 181.000000 469.000000 247.000000 1.618968 1.636799 3.925624 -5.174378 1.894983 20.349884 1.530709 0.999052
Car -1 -1 -10 477.000000 181.000000 521.000000 213.000000 1.615561 1.642242 3.932029 -5.580955 1.970644 36.086681 1.526413 0.998769
Car -1 -1 -10 -1.000000 178.000000 288.000000 378.000000 1.696335 1.663541 4.021497 -4.598197 1.840106 6.314048 -1.591061 0.915496
Cyclist -1 -1 -10 533.000000 174.000000 548.000000 210.000000 1.813801 0.627880 1.736653 -3.613031 1.860019 37.265074 1.553519 0.924235
Cyclist -1 -1 -10 548.000000 171.000000 563.000000 209.000000 1.816363 0.668143 1.817819 -2.969703 1.892151 37.749174 1.589523 0.862048
Cyclist -1 -1 -10 536.000000 175.000000 561.000000 206.000000 1.744209 0.589494 1.747101 -3.228899 1.667869 37.407630 -0.566312 0.264295
Cyclist -1 -1 -10 555.000000 172.000000 563.000000 201.000000 1.677952 0.514024 1.434746 -3.742470 2.501154 52.843086 -1.688579 0.013319
Cyclist -1 -1 -10 546.000000 175.000000 556.000000 203.000000 1.759083 0.611419 1.771974 -3.110113 1.710465 37.798699 1.092541 0.010593
