Pedestrian -1 -1 -10 396.000000 180.000000 431.000000 261.000000 1.664700 0.716216 0.623758 -4.331406 1.815188 16.022601 1.371392 0.078110
Car -1 -1 -10 675.000000 180.000000 815.000000 275.000000 1.507314 1.601224 3.541759 2.358192 1.685212 13.236201 -1.724375 0.999585
Car -1 -1 -10 291.000000 196.000000 396.000000 268.000000 1.462070 1.569111 3.722635 -5.708707 1.975111 15.824251 -1.784053 0.997864
Car -1 -1 -10 861.000000 185.000000 1243.000000 374.000000 1.500819 1.573720 3.900945 2.964458 1.684765 4.138570 1.540950 0.989731
Car -1 -1 -10 565.000000 182.000000 612.000000 220.000000 1.559992 1.591663 3.693316 -1.115651 2.011020 32.251474 -1.773549 0.989351
Car -1 -1 -10 542.000000 183.000000 574.000000 210.000000 1.524661 1.593950 3.420433 -2.935197 2.184279 41.838435 -1.738733 0.503772
Car -1 -1 -10 343.000000 189.000000 412.000000 246.000000 1.526720 1.636503 4.009821 -6.812378 2.038845 21.111549 1.349743 0.391999
Car -1 -1 -10 415.000000 187.000000 448.000000 217.000000 1.577820 1.619677 3.782966 -8.829351 2.079524 37.134567 1.318844 0.047216
Cyclist -1 -1 -10 436.000000 179.000000 472.000000 252.000000 1.736341 0.572209 1.758768 -3.995042 1.855309 18.074395 1.514399 0.998193
Cyclist -1 -1 -10 394.000000 178.000000 434.000000 266.000000 1.684046 0.541108 1.741987 -4.345572 1.859933 15.813620 1.360553 0.998115
Cyclist -1 -1 -10 353.000000 188.000000 415.000000 255.000000 1.645262 0.583415 1.656952 -5.062272 1.916438 16.493101 0.732177 0.055956
Cyclist -1 -1 -10 285.000000 194.000000 417.000000 268.000000 1.674175 0.741302 1.826674 -5.258449 2.040977 14.738627 2.692362 0.036389
