Pedestrian -1 -1 -10 710.000000 159.000000 729.000000 215.000000 1.787779 0.667913 0.938861 3.939098 1.418841 26.094018 -1.520903 0.295392
Pedestrian -1 -1 -10 491.000000 177.000000 513.000000 223.000000 1.621679 0.671734 0.518424 -3.605136 1.729118 24.101297 1.495523 0.130307
Pedestrian -1 -1 -10 347.000000 183.000000 357.000000 223.000000 1.725629 0.557112 0.701171 -8.238729 1.753574 22.573712 0.330561 0.077687
Pedestrian -1 -1 -10 390.000000 177.000000 416.000000 260.000000 1.683280 0.612588 0.624024 -5.154364 2.412272 16.927546 2.242941 0.027578
Pedestrian -1 -1 -10 343.000000 183.000000 366.000000 229.000000 1.723264 0.535956 0.764629 -8.209703 1.754214 22.388243 0.317576 0.021040
Pedestrian -1 -1 -10 368.000000 181.000000 429.000000 272.000000 1.666791 0.589771 0.702941 -3.046716 1.699461 10.488913 1.750267 0.011560
Car -1 -1 -10 639.000000 178.000000 674.000000 204.000000 1.600389 1.582149 3.730020 2.753855 1.821988 39.732081 -1.506554 0.925567
Car -1 -1 -10 338.000000 190.000000 451.000000 257.000000 1.561257 1.604913 3.921261 -5.445244 1.997626 19.147663 1.577636 0.619440
Car -1 -1 -10 485.000000 183.000000 523.000000 216.000000 1.537891 1.654194 4.130697 -5.353026 2.140164 37.912021 1.553539 0.245566
Cyclist -1 -1 -10 293.000000 182.000000 383.000000 325.000000 1.721987 0.573112 1.722935 -3.616899 1.843053 9.782272 1.608882 0.999529
Cyclist -1 -1 -10 491.000000 175.000000 514.000000 233.000000 1.747884 0.568129 1.760212 -3.643236 1.926567 24.071172 1.536762 0.999484
Cyclist -1 -1 -10 356.000000 178.000000 439.000000 312.000000 1.771130 0.647534 1.761083 -3.066958 1.758723 10.175993 1.369464 0.999426
Cyclist -1 -1 -10 710.000000 161.000000 729.000000 215.000000 1.844372 0.566791 1.718291 3.831141 1.493806 26.261602 -1.031798 0.842111
Cyclist -1 -1 -10 341.000000 191.000000 449.000000 260.000000 1.689732 0.630683 1.706749 -5.242971 2.165155 18.074248 1.817051 0.682018
Cyclist -1 -1 -10 484.000000 183.000000 523.000000 216.000000 1.704203 0.664600 1.707918 -5.343962 2.439885 36.091301 -1.750155 0.294912
Cyclist -1 -1 -10 375.000000 181.000000 427.000000 259.000000 1.690257 0.516651 1.575256 -5.257871 2.616632 17.377552 -1.822615 0.074713
Cyclist -1 -1 -10 343.000000 184.000000 364.000000 232.000000 1.697080 0.563757 1.644036 -8.383586 1.572103 22.382233 -1.501114 0.062670
Cyclist -1 -1 -10 498.000000 177.000000 511.000000 221.000000 1.707790 0.529732 1.785703 -3.583869 1.825155 24.065065 1.480424 0.021794
Cyclist -1 -1 -10 380.000000 183.000000 403.000000 256.000000 1.676741 0.439069 1.607052 -5.436280 2.160376 17.816629 1.264279 0.020303
