Car -1 -1 -10 556.000000 176.000000 594.000000 201.000000 1.551541 1.597602 3.810556 -2.214669 1.749283 45.514765 1.579122 0.999189
Car -1 -1 -10 95.000000 181.000000 374.000000 351.000000 1.604339 1.632080 3.987605 -4.505795 1.764631 9.336929 1.560221 0.999145
Car -1 -1 -10 398.000000 182.000000 495.000000 248.000000 1.465842 1.570362 3.846576 -4.195506 1.785109 18.772076 1.588528 0.997427
Car -1 -1 -10 717.000000 169.000000 799.000000 231.000000 1.700410 1.712111 4.122807 4.555627 1.653939 22.883960 -1.531796 0.994042
Car -1 -1 -10 312.000000 190.000000 446.000000 276.000000 1.474516 1.584584 3.863792 -4.438279 1.845012 14.180647 1.595794 0.992827
Car -1 -1 -10 1.000000 187.000000 171.000000 372.000000 1.573349 1.635305 3.787880 -4.576998 1.761182 4.219062 1.600030 0.801567
Car -1 -1 -10 8.000000 171.000000 151.000000 229.000000 1.515456 1.502543 3.382194 -14.237991 1.568339 19.298461 0.914342 0.776878
Car -1 -1 -10 705.000000 175.000000 745.000000 209.000000 1.569424 1.617218 3.754894 5.446001 1.717336 35.128932 -1.538352 0.502446
Car -1 -1 -10 696.000000 173.000000 723.000000 200.000000 1.516312 1.431094 3.003799 6.055319 1.455571 41.568919 2.149633 0.360577
Car -1 -1 -10 711.000000 171.000000 766.000000 220.000000 1.535673 1.558477 3.652565 5.316168 1.648507 28.678055 -1.477816 0.211075
