Car -1 -1 -10 781.000000 199.000000 1108.000000 374.000000 1.448891 1.603763 3.757626 3.041878 1.758887 7.351630 -1.653218 0.999613
Car -1 -1 -10 678.000000 181.000000 778.000000 254.000000 1.489261 1.632771 4.041859 2.628110 1.687806 17.078369 -1.613748 0.999284
Car -1 -1 -10 163.000000 182.000000 387.000000 267.000000 1.593388 1.644936 4.007886 -6.819262 1.783362 14.985846 -0.042262 0.991010
Car -1 -1 -10 16.000000 191.000000 345.000000 297.000000 1.505129 1.614673 3.919534 -6.447331 1.724696 10.507088 -3.155340 0.990592
Car -1 -1 -10 308.000000 182.000000 483.000000 238.000000 1.485585 1.611565 4.084805 -5.974088 1.849496 20.905870 0.029577 0.985518
Car -1 -1 -10 -3.000000 194.000000 220.000000 346.000000 1.492335 1.615087 3.954928 -6.665019 1.738276 7.970417 -3.188170 0.964681
Car -1 -1 -10 659.000000 179.000000 713.000000 218.000000 1.474111 1.611145 4.032076 2.949910 1.729398 28.017083 -1.588303 0.956460
Car -1 -1 -10 639.000000 171.000000 674.000000 198.000000 1.552473 1.646241 3.811744 3.610697 1.552831 46.598612 -0.070434 0.921821
Car -1 -1 -10 5.000000 198.000000 112.000000 372.000000 1.474774 1.640819 4.042279 -6.340790 1.745041 6.573741 0.481195 0.492903
Car -1 -1 -10 378.000000 174.000000 475.000000 222.000000 1.589255 1.568212 3.714983 -6.306829 1.768305 23.766598 -3.233814 0.422673
Car -1 -1 -10 482.000000 174.000000 545.000000 202.000000 1.590734 1.576080 3.949316 -6.370792 1.613920 42.017555 -3.089341 0.019367
