Pedestrian -1 -1 -10 546.000000 170.000000 554.000000 201.000000 1.611356 0.587652 0.644917 -1.231462 1.177814 16.739066 -0.019164 0.770258
Pedestrian -1 -1 -10 535.000000 169.000000 550.000000 214.000000 1.737742 0.612667 0.823853 -2.871610 1.680703 30.096594 1.560087 0.693288
Pedestrian -1 -1 -10 691.000000 164.000000 704.000000 202.000000 1.713498 0.642560 0.834212 4.299877 1.400823 35.924035 -1.846435 0.362308
Pedestrian -1 -1 -10 518.000000 173.000000 533.000000 216.000000 1.704818 0.602749 0.750056 -3.522378 1.715088 29.589431 1.553905 0.095057
Car -1 -1 -10 699.000000 169.000000 847.000000 285.000000 1.551992 1.621306 3.616121 2.445847 1.603724 11.990239 -1.590243 0.999681
Car -1 -1 -10 303.000000 180.000000 434.000000 267.000000 1.603101 1.616093 3.873427 -5.023600 1.803151 15.593579 1.559146 0.999201
Car -1 -1 -10 459.000000 181.000000 512.000000 217.000000 1.514498 1.612512 3.822896 -5.316953 1.858670 31.301488 1.577827 0.997378
Cyclist -1 -1 -10 516.000000 173.000000 535.000000 218.000000 1.791130 0.658125 1.799586 -3.446788 1.801093 29.521613 1.581876 0.994446
Cyclist -1 -1 -10 534.000000 169.000000 551.000000 215.000000 1.779880 0.687731 1.815166 -2.908607 1.725295 30.123726 1.569244 0.979861
Cyclist -1 -1 -10 544.000000 169.000000 554.000000 201.000000 1.742707 0.519515 1.396781 -0.885422 0.624217 11.307379 0.940199 0.040655
Cyclist -1 -1 -10 692.000000 164.000000 705.000000 203.000000 1.768938 0.673846 1.744014 4.348612 1.409426 36.050341 -1.375174 0.010255
