Pedestrian -1 -1 -10 289.000000 155.000000 376.000000 359.000000 1.797388 0.702039 0.891988 -2.558311 1.542058 6.793110 1.325715 0.997987
Pedestrian -1 -1 -10 623.000000 168.000000 667.000000 303.000000 1.718036 0.548122 0.861593 0.537956 1.525127 9.427954 -0.876415 0.996729
Pedestrian -1 -1 -10 907.000000 122.000000 1036.000000 372.000000 1.753015 0.667664 0.806167 2.730126 1.321509 5.549324 0.940357 0.984632
Pedestrian -1 -1 -10 551.000000 169.000000 572.000000 229.000000 1.749012 0.663069 0.875525 -1.250087 1.346884 21.470737 -1.634720 0.979238
Pedestrian -1 -1 -10 513.000000 171.000000 534.000000 224.000000 1.745278 0.671484 0.867182 -2.468620 1.378613 23.100205 -1.803704 0.957316
Pedestrian -1 -1 -10 977.000000 139.000000 1101.000000 367.000000 1.805940 0.614044 1.003729 3.562152 1.425179 5.930169 1.223290 0.942658
Pedestrian -1 -1 -10 583.000000 170.000000 603.000000 226.000000 1.831695 0.675587 0.841321 -0.388024 1.493968 22.428548 2.649088 0.713650
Pedestrian -1 -1 -10 487.000000 169.000000 505.000000 224.000000 1.757875 0.640441 0.720462 -3.578757 1.351672 23.312092 1.456741 0.693082
Pedestrian -1 -1 -10 468.000000 172.000000 489.000000 226.000000 1.728730 0.698985 0.901887 -4.052585 1.321110 23.602363 1.227675 0.475903
Pedestrian -1 -1 -10 597.000000 171.000000 614.000000 225.000000 1.775099 0.691550 0.932187 0.237816 1.434948 23.188504 -1.592445 0.311583
Pedestrian -1 -1 -10 818.000000 130.000000 1125.000000 366.000000 1.847508 0.686772 0.921325 2.358004 1.365993 5.402001 0.938860 0.308134
Pedestrian -1 -1 -10 223.000000 198.000000 264.000000 293.000000 1.683280 0.612588 0.624024 -5.504168 1.723306 11.654268 2.061043 0.298018
Pedestrian -1 -1 -10 576.000000 168.000000 595.000000 222.000000 1.791350 0.650262 0.818535 -0.595697 1.427853 22.466232 2.015166 0.184531
Pedestrian -1 -1 -10 285.000000 190.000000 322.000000 293.000000 1.717979 0.675273 0.717956 -4.170308 1.789281 9.907006 -1.550974 0.081197
Pedestrian -1 -1 -10 353.000000 192.000000 393.000000 302.000000 1.767769 0.677430 0.612012 -4.029324 1.884720 12.618246 -1.392189 0.057570
Pedestrian -1 -1 -10 199.000000 203.000000 238.000000 286.000000 1.695074 0.604967 0.641871 -6.707794 1.729530 12.245986 2.050356 0.032741
Cyclist -1 -1 -10 399.000000 169.000000 482.000000 335.000000 1.718532 0.594765 1.717265 -1.797181 1.599779 7.954829 1.542483 0.998838
Cyclist -1 -1 -10 862.000000 132.000000 1077.000000 368.000000 1.759613 0.606242 1.747614 2.769881 1.303338 5.634227 0.613628 0.714532
Cyclist -1 -1 -10 975.000000 141.000000 1098.000000 368.000000 1.786385 0.593301 1.770559 3.520032 1.356642 6.144261 -0.439063 0.392343
Cyclist -1 -1 -10 617.000000 177.000000 648.000000 234.000000 1.689141 0.487094 1.629687 0.866228 1.395293 24.029552 -1.675605 0.231971
Cyclist -1 -1 -10 620.000000 170.000000 667.000000 295.000000 1.765360 0.527949 1.741242 0.449847 1.582567 9.497591 -1.960506 0.204143
Cyclist -1 -1 -10 513.000000 171.000000 535.000000 224.000000 1.825326 0.655462 1.779318 -2.638269 1.434912 23.225673 -1.751954 0.018096
Cyclist -1 -1 -10 283.000000 191.000000 323.000000 283.000000 1.697681 0.622077 1.620766 -4.930440 1.433869 11.973435 -2.563018 0.010441
