Car -1 -1 -10 599.000000 205.000000 1037.000000 376.000000 1.488444 1.587354 3.671062 1.414891 1.870659 6.011417 -1.957857 0.999209
Car -1 -1 -10 491.000000 216.000000 719.000000 344.000000 1.497915 1.661415 4.049467 -0.434448 2.147853 10.327714 -2.001986 0.999194
Car -1 -1 -10 374.000000 203.000000 469.000000 273.000000 1.598503 1.618856 3.763045 -5.320702 2.425137 19.156356 -2.050982 0.993695
Car -1 -1 -10 124.000000 209.000000 206.000000 270.000000 1.662148 1.680899 3.931803 -14.913566 2.976336 24.005477 -2.110010 0.991908
Car -1 -1 -10 427.000000 212.000000 562.000000 296.000000 1.441087 1.614287 3.823681 -2.589738 2.213374 14.562728 -2.037751 0.985090
Car -1 -1 -10 25.000000 230.000000 158.000000 323.000000 1.545855 1.251350 2.414496 -9.622983 2.409475 12.741960 -2.104674 0.983420
Car -1 -1 -10 330.000000 210.000000 383.000000 250.000000 1.454615 1.586698 3.656421 -10.577903 3.025888 30.182249 -2.021719 0.974850
Car -1 -1 -10 351.000000 207.000000 424.000000 261.000000 1.519724 1.557407 3.669961 -6.459515 2.463021 19.629434 -0.886528 0.755626
Car -1 -1 -10 189.000000 214.000000 231.000000 241.000000 1.514735 1.586357 3.615593 -24.432996 4.444321 42.292842 1.575730 0.736207
Car -1 -1 -10 0.000000 233.000000 106.000000 367.000000 1.442617 1.572527 3.813818 -6.951738 2.165713 7.902291 1.086320 0.414528
Car -1 -1 -10 317.000000 211.000000 356.000000 241.000000 1.451446 1.594579 3.894205 -10.843784 3.101813 30.364350 -2.019065 0.105710
