Pedestrian -1 -1 -10 0.000000 194.000000 74.000000 323.000000 1.724753 0.600780 0.879429 -7.223232 2.246986 8.902075 -2.412771 0.018129
Car -1 -1 -10 116.000000 196.000000 377.000000 357.000000 1.458449 1.570418 3.630473 -3.902215 1.593404 8.419009 -1.599338 0.999519
Car -1 -1 -10 564.000000 178.000000 605.000000 214.000000 1.528229 1.580376 3.322233 -1.117315 1.233523 34.074134 -1.622660 0.999451
Car -1 -1 -10 59.000000 184.000000 250.000000 280.000000 1.471797 1.601382 3.808133 -8.541511 1.610018 14.174353 -1.554921 0.997513
Car -1 -1 -10 0.000000 195.000000 73.000000 321.000000 1.488238 1.604325 3.805711 -7.888119 1.758732 7.431197 -1.536998 0.617105
Car -1 -1 -10 245.000000 179.000000 293.000000 220.000000 1.534948 1.615578 3.903653 -12.560181 1.392217 28.709076 -1.441426 0.464918
Car -1 -1 -10 377.000000 187.000000 431.000000 220.000000 1.528314 1.619915 4.159745 -8.636448 1.627397 31.363859 1.466231 0.422476
Car -1 -1 -10 345.000000 172.000000 433.000000 225.000000 1.610353 1.587868 3.967751 -8.600088 1.379607 29.949253 1.514295 0.051797
Car -1 -1 -10 409.000000 182.000000 453.000000 214.000000 1.532485 1.631233 3.849669 -8.747596 1.455327 36.432145 -1.796601 0.042423
Car -1 -1 -10 325.000000 160.000000 408.000000 238.000000 2.037680 1.716245 4.458821 -7.748993 1.320335 22.788724 -1.594419 0.023782
Car -1 -1 -10 -9.000000 192.000000 139.000000 299.000000 1.539303 1.580820 3.714200 -8.083278 1.381468 13.621085 -1.620110 0.023055
