Pedestrian -1 -1 -10 1034.000000 221.000000 1185.000000 374.000000 1.722226 0.637671 0.652721 2.665971 2.129528 3.761365 -0.548364 0.928479
Pedestrian -1 -1 -10 561.000000 174.000000 585.000000 225.000000 1.723194 0.556206 0.935324 -0.947521 1.416647 22.625257 -0.664549 0.880236
Pedestrian -1 -1 -10 878.000000 203.000000 918.000000 322.000000 1.667921 0.562985 0.565664 2.485073 1.655724 6.034185 2.898842 0.347754
Pedestrian -1 -1 -10 823.000000 205.000000 870.000000 281.000000 1.683280 0.612588 0.624024 5.167383 1.674641 15.374353 2.851935 0.212222
Pedestrian -1 -1 -10 1092.000000 235.000000 1231.000000 371.000000 1.702124 0.582378 0.599822 2.781496 1.832768 3.566588 -0.390321 0.093505
Pedestrian -1 -1 -10 876.000000 199.000000 904.000000 272.000000 1.701638 0.635513 0.630718 6.142830 1.381698 14.606054 2.963860 0.061686
Pedestrian -1 -1 -10 810.000000 203.000000 894.000000 305.000000 1.704005 0.616178 0.842832 3.273368 1.764946 9.315857 0.874428 0.050256
Pedestrian -1 -1 -10 850.000000 197.000000 906.000000 311.000000 1.728192 0.614955 0.776993 3.511637 1.612435 8.614553 2.987970 0.048127
Pedestrian -1 -1 -10 883.000000 209.000000 917.000000 266.000000 1.647907 0.590631 0.612359 3.179236 1.698468 7.731385 -1.119855 0.019085
Pedestrian -1 -1 -10 780.000000 208.000000 841.000000 293.000000 1.694953 0.521305 0.586457 3.712850 1.624904 11.421059 3.256031 0.018537
Pedestrian -1 -1 -10 865.000000 203.000000 930.000000 275.000000 1.651292 0.521661 0.553031 5.663269 1.640591 13.005073 2.920582 0.015615
Pedestrian -1 -1 -10 856.000000 199.000000 898.000000 267.000000 1.713483 0.616438 0.673293 5.754015 1.720705 14.466065 2.987486 0.015286
Car -1 -1 -10 1134.000000 235.000000 1240.000000 377.000000 1.502895 1.584709 3.554308 1.698540 1.704903 3.688209 -0.248570 0.103558
Car -1 -1 -10 991.000000 225.000000 1225.000000 373.000000 1.515092 1.541307 3.754327 3.460989 1.803461 3.706311 1.622138 0.050833
Cyclist -1 -1 -10 1002.000000 217.000000 1222.000000 370.000000 1.628771 0.678261 1.681133 3.011944 1.841479 4.245038 3.266778 0.125604
Cyclist -1 -1 -10 1112.000000 240.000000 1226.000000 374.000000 1.671986 0.522576 1.446331 2.595888 1.696549 3.222395 -0.943828 0.015374
