Pedestrian -1 -1 -10 874.000000 157.000000 918.000000 269.000000 1.754654 0.714715 0.851504 4.674777 1.564741 11.770448 1.507447 0.868482
Pedestrian -1 -1 -10 385.000000 181.000000 402.000000 210.000000 1.715739 0.657929 0.743355 -11.684721 2.245520 38.494609 -2.358473 0.208643
Pedestrian -1 -1 -10 391.000000 181.000000 408.000000 206.000000 1.683280 0.612588 0.624024 -11.558126 2.016927 38.939576 2.238471 0.011676
Car -1 -1 -10 269.000000 190.000000 403.000000 290.000000 1.469724 1.625058 4.040136 -4.621333 1.778760 12.730198 1.346699 0.999368
Car -1 -1 -10 481.000000 175.000000 578.000000 212.000000 1.563919 1.662496 4.198963 -3.743193 1.718583 32.671186 2.570216 0.994545
Car -1 -1 -10 624.000000 174.000000 723.000000 204.000000 1.565221 1.659599 4.157444 3.110809 1.654109 35.975818 2.761111 0.987734
Car -1 -1 -10 226.000000 179.000000 352.000000 230.000000 1.651663 1.655889 4.059951 -11.053792 1.906831 25.712390 -0.009877 0.986498
Car -1 -1 -10 125.000000 179.000000 199.000000 217.000000 2.083426 1.706897 4.120669 -26.987195 2.605469 45.156518 -3.075081 0.489949
Cyclist -1 -1 -10 872.000000 158.000000 922.000000 272.000000 1.828416 0.664088 1.770995 4.650509 1.569001 11.831500 1.428782 0.710894
Cyclist -1 -1 -10 350.000000 189.000000 388.000000 222.000000 1.708483 0.524446 1.491134 -13.016461 2.339422 39.903761 -1.869637 0.023304
Cyclist -1 -1 -10 323.000000 188.000000 395.000000 229.000000 1.701030 0.601510 1.574916 -11.894610 2.204649 35.336643 -1.897603 0.020788
Cyclist -1 -1 -10 871.000000 165.000000 913.000000 222.000000 1.693954 0.518374 1.373315 6.335862 0.928751 16.262938 1.371235 0.015902
Cyclist -1 -1 -10 273.000000 185.000000 406.000000 289.000000 1.688652 0.776575 1.831585 -4.268685 1.916492 11.542500 0.088442 0.014873
Cyclist -1 -1 -10 373.000000 181.000000 405.000000 224.000000 1.695107 0.619687 1.697862 -11.824551 2.125722 38.782307 -1.771166 0.012415
Cyclist -1 -1 -10 384.000000 181.000000 404.000000 209.000000 1.696742 0.506802 1.707479 -11.790665 2.167467 38.788730 -1.744752 0.010689
