Pedestrian -1 -1 -10 738.000000 155.000000 786.000000 304.000000 1.668154 0.601910 0.673746 1.838606 1.495556 8.308039 -0.317931 0.993336
Pedestrian -1 -1 -10 820.000000 139.000000 880.000000 340.000000 1.682338 0.563712 0.772821 2.290300 1.425339 6.876927 -1.760707 0.991026
Pedestrian -1 -1 -10 863.000000 155.000000 944.000000 376.000000 1.707920 0.631281 0.863840 2.261511 1.438794 5.491088 -1.555227 0.988949
Pedestrian -1 -1 -10 706.000000 161.000000 750.000000 283.000000 1.692570 0.635479 0.775768 1.747980 1.350155 9.865047 -1.827636 0.972798
Pedestrian -1 -1 -10 660.000000 157.000000 677.000000 205.000000 1.725966 0.639119 0.862147 2.468509 0.815692 25.694240 1.163303 0.957375
Pedestrian -1 -1 -10 574.000000 148.000000 609.000000 239.000000 1.785532 0.669507 0.931713 -0.228029 1.109381 15.139435 1.046040 0.933206
Pedestrian -1 -1 -10 673.000000 156.000000 691.000000 205.000000 1.754877 0.656313 0.956499 2.889099 0.873942 25.826128 -1.476797 0.923564
Pedestrian -1 -1 -10 779.000000 164.000000 818.000000 288.000000 1.676681 0.589448 0.724924 2.595027 1.348857 9.586317 1.486892 0.916035
Pedestrian -1 -1 -10 3.000000 133.000000 127.000000 373.000000 1.703629 0.605353 0.642891 -2.839385 1.434615 3.537435 1.972881 0.889653
Pedestrian -1 -1 -10 812.000000 145.000000 847.000000 271.000000 1.806715 0.631336 0.824695 3.429264 1.219322 10.859683 0.361881 0.634648
Pedestrian -1 -1 -10 842.000000 151.000000 905.000000 353.000000 1.719315 0.579050 0.736239 2.152989 1.405606 5.569570 0.462171 0.534248
Pedestrian -1 -1 -10 823.000000 150.000000 861.000000 281.000000 1.740322 0.655169 0.686350 3.620456 1.140939 10.780171 -0.899914 0.316562
Pedestrian -1 -1 -10 726.000000 162.000000 770.000000 271.000000 1.703884 0.643318 0.723653 1.851839 1.311262 9.686027 2.822605 0.160064
Car -1 -1 -10 529.000000 160.000000 587.000000 206.000000 1.590478 1.679068 3.946130 -1.602892 0.872833 26.066617 1.534808 0.990677
Car -1 -1 -10 548.000000 157.000000 607.000000 217.000000 1.551413 1.594192 3.769773 -1.403681 0.907131 25.954061 1.604200 0.018058
Cyclist -1 -1 -10 572.000000 149.000000 611.000000 237.000000 1.814887 0.587146 1.770610 -0.294647 1.118278 15.277193 -2.024425 0.850460
Cyclist -1 -1 -10 822.000000 155.000000 935.000000 327.000000 1.700515 0.564876 1.694906 2.279468 1.339181 5.540602 1.365079 0.043926
Cyclist -1 -1 -10 548.000000 157.000000 607.000000 217.000000 1.712558 0.555530 1.499081 -0.250804 1.120406 17.370469 -0.963277 0.024798
Cyclist -1 -1 -10 2.000000 131.000000 124.000000 374.000000 1.701275 0.653266 1.699596 -3.068539 1.294801 3.518017 2.397752 0.020242
Cyclist -1 -1 -10 811.000000 146.000000 862.000000 279.000000 1.724246 0.566908 1.769088 3.533550 1.181660 10.857694 1.509521 0.016543
