Pedestrian -1 -1 -10 684.000000 153.000000 744.000000 264.000000 1.811084 0.674308 1.023089 1.791544 1.386032 12.077971 1.227273 0.997437
Pedestrian -1 -1 -10 413.000000 152.000000 467.000000 286.000000 1.807682 0.703014 0.892148 -2.560424 1.412262 10.226553 0.244698 0.993228
Pedestrian -1 -1 -10 105.000000 174.000000 133.000000 273.000000 1.723584 0.582389 0.845657 -9.840046 1.623687 14.274367 0.110561 0.862793
Pedestrian -1 -1 -10 960.000000 147.000000 983.000000 211.000000 1.702117 0.542913 0.851346 10.593148 0.827878 20.430729 -1.078566 0.620034
Pedestrian -1 -1 -10 62.000000 169.000000 91.000000 270.000000 1.686729 0.607732 0.654159 -15.688598 2.217926 20.669264 -1.702302 0.432391
Pedestrian -1 -1 -10 84.000000 178.000000 114.000000 280.000000 1.725697 0.642282 0.651517 -9.914793 1.768063 13.938360 -0.023740 0.335939
Pedestrian -1 -1 -10 61.000000 175.000000 140.000000 278.000000 1.775291 0.636324 0.927541 -9.879476 1.658287 13.836539 -0.029496 0.224908
Pedestrian -1 -1 -10 794.000000 155.000000 807.000000 187.000000 1.760036 0.633874 0.781960 12.184279 0.227972 43.829428 2.927932 0.088875
Pedestrian -1 -1 -10 1099.000000 145.000000 1138.000000 192.000000 1.742426 0.679148 0.744030 17.883490 0.512778 24.730602 -0.927595 0.086122
Pedestrian -1 -1 -10 366.000000 164.000000 454.000000 262.000000 1.706258 0.672343 0.918628 -3.443588 1.332743 12.005894 -0.292186 0.033504
Pedestrian -1 -1 -10 115.000000 180.000000 147.000000 272.000000 1.725822 0.600009 0.744135 -9.813716 1.660489 14.419510 0.017469 0.023637
Pedestrian -1 -1 -10 49.000000 170.000000 82.000000 276.000000 1.654174 0.492088 0.546040 -15.702093 2.158658 20.543643 1.893641 0.012218
Car -1 -1 -10 -5.000000 190.000000 389.000000 370.000000 1.454566 1.601841 3.807236 -3.227720 1.570564 5.580699 -1.581181 0.993831
Cyclist -1 -1 -10 348.000000 160.000000 479.000000 270.000000 1.694116 0.759006 1.836430 -3.405720 1.365298 11.984676 -0.256409 0.993720
Cyclist -1 -1 -10 959.000000 146.000000 984.000000 210.000000 1.750708 0.557823 1.824865 10.568845 0.857312 20.471012 -1.060047 0.912633
Cyclist -1 -1 -10 397.000000 161.000000 454.000000 274.000000 1.755988 0.582880 1.688239 -2.791891 1.427197 11.302494 -1.295739 0.344762
Cyclist -1 -1 -10 1099.000000 146.000000 1138.000000 193.000000 1.701250 0.448560 1.695572 17.943968 0.435547 24.947661 -0.565566 0.150985
Cyclist -1 -1 -10 374.000000 171.000000 451.000000 233.000000 1.679167 0.604830 1.659517 -5.316845 2.059365 16.910309 -1.910035 0.060920
Cyclist -1 -1 -10 406.000000 169.000000 449.000000 218.000000 1.690918 0.493662 1.491160 -4.015808 1.241560 16.993558 -2.446769 0.016594
Cyclist -1 -1 -10 44.000000 176.000000 154.000000 278.000000 1.715264 0.600994 1.727851 -9.984001 1.437151 13.848480 -3.740432 0.016455
