Pedestrian -1 -1 -10 550.000000 166.000000 565.000000 200.000000 1.710094 0.607881 0.654613 -2.832565 0.939210 41.614751 1.557275 0.162240
Pedestrian -1 -1 -10 350.000000 179.000000 363.000000 209.000000 1.721671 0.647336 0.770998 -15.972674 1.921366 45.146752 -0.229794 0.051619
Pedestrian -1 -1 -10 507.000000 169.000000 518.000000 202.000000 1.718355 0.603415 0.726731 -5.601184 0.798898 42.738390 0.445231 0.024994
Car -1 -1 -10 509.000000 175.000000 549.000000 205.000000 1.547125 1.654436 3.966996 -3.832597 1.287220 35.821301 -1.608874 0.998457
Car -1 -1 -10 975.000000 140.000000 1130.000000 192.000000 1.577327 1.626520 3.969914 14.070199 0.280004 21.764671 3.131974 0.996058
Car -1 -1 -10 893.000000 150.000000 965.000000 175.000000 1.552787 1.598518 3.862967 15.718210 0.090893 33.492173 0.253944 0.309823
Cyclist -1 -1 -10 371.000000 176.000000 398.000000 217.000000 1.763412 0.497092 1.705921 -10.529199 1.577211 33.531332 -1.526102 0.988222
Cyclist -1 -1 -10 603.000000 165.000000 637.000000 197.000000 1.702200 0.690167 1.823986 0.796821 0.798907 43.584799 0.000024 0.945818
Cyclist -1 -1 -10 661.000000 163.000000 693.000000 195.000000 1.729779 0.731359 1.800217 4.002187 0.842554 40.512961 0.263719 0.401652
Cyclist -1 -1 -10 350.000000 179.000000 363.000000 209.000000 1.721582 0.574617 1.789834 -16.049263 1.833973 45.399662 -1.823593 0.022806
