Pedestrian -1 -1 -10 851.000000 143.000000 904.000000 278.000000 1.723525 0.637420 0.945080 3.608568 1.231549 9.547620 -1.619513 0.998415
Pedestrian -1 -1 -10 567.000000 161.000000 600.000000 254.000000 1.722948 0.566435 0.855546 -0.393200 1.309338 13.510781 2.037877 0.994589
Pedestrian -1 -1 -10 485.000000 158.000000 522.000000 250.000000 1.768939 0.686196 0.870502 -1.951773 1.353365 14.628229 1.410468 0.985194
Pedestrian -1 -1 -10 728.000000 145.000000 786.000000 279.000000 1.730212 0.653975 0.919741 2.168372 1.282236 10.033126 2.315599 0.968589
Pedestrian -1 -1 -10 3.000000 151.000000 209.000000 374.000000 1.657689 0.717163 0.728338 -2.471994 1.528075 3.669781 1.096947 0.968312
Pedestrian -1 -1 -10 359.000000 159.000000 398.000000 269.000000 1.718826 0.689467 0.684179 -4.004846 1.283611 13.053947 2.726733 0.326883
Pedestrian -1 -1 -10 543.000000 164.000000 562.000000 209.000000 1.699684 0.633247 0.763586 -1.802071 0.971430 26.513347 -1.681433 0.169578
Pedestrian -1 -1 -10 568.000000 163.000000 586.000000 228.000000 1.702448 0.552774 0.568152 -0.933679 0.991398 24.843606 0.555735 0.160017
Pedestrian -1 -1 -10 600.000000 163.000000 616.000000 213.000000 1.730277 0.604087 0.737744 0.181954 1.081046 25.380012 -2.058088 0.145346
Pedestrian -1 -1 -10 533.000000 165.000000 560.000000 221.000000 1.688174 0.595217 0.626400 -1.531456 1.513530 20.594928 0.019268 0.090300
Pedestrian -1 -1 -10 522.000000 165.000000 553.000000 235.000000 1.731236 0.751352 0.634697 -1.669995 1.317155 18.379248 1.442164 0.079486
Pedestrian -1 -1 -10 586.000000 162.000000 602.000000 215.000000 1.724685 0.623199 0.730944 -0.304776 1.092082 25.751506 -1.543524 0.061836
Pedestrian -1 -1 -10 -1.000000 190.000000 94.000000 373.000000 1.705009 0.563083 0.775571 -4.280233 2.186827 5.466913 -0.062942 0.045974
Pedestrian -1 -1 -10 658.000000 157.000000 690.000000 217.000000 1.758861 0.657651 0.545405 2.205952 1.670183 21.641838 -1.453495 0.031310
Pedestrian -1 -1 -10 514.000000 159.000000 528.000000 210.000000 1.757436 0.626077 0.680011 -3.546900 0.887875 30.897844 1.434349 0.024139
Pedestrian -1 -1 -10 649.000000 158.000000 676.000000 206.000000 1.714490 0.604702 0.613624 2.079204 1.267801 23.980793 -1.456573 0.020662
Pedestrian -1 -1 -10 811.000000 151.000000 826.000000 209.000000 1.722811 0.563295 0.714406 5.577465 0.835483 18.740560 2.826394 0.018715
Pedestrian -1 -1 -10 409.000000 177.000000 434.000000 249.000000 1.724062 0.600032 0.767114 -3.939122 1.687745 15.353431 0.142076 0.016563
Pedestrian -1 -1 -10 593.000000 161.000000 609.000000 214.000000 1.778574 0.573510 0.876371 -0.174567 1.047420 25.607356 2.495974 0.016366
Pedestrian -1 -1 -10 844.000000 154.000000 861.000000 207.000000 1.780491 0.695327 0.830511 5.223420 0.952677 15.248125 2.395337 0.012476
Cyclist -1 -1 -10 521.000000 164.000000 553.000000 234.000000 1.739355 0.573481 1.763187 -1.700578 1.323702 18.288954 1.464817 0.976814
Cyclist -1 -1 -10 -3.000000 153.000000 211.000000 374.000000 1.662223 0.645160 1.775488 -2.478953 1.472583 3.524848 1.481813 0.883897
Cyclist -1 -1 -10 717.000000 146.000000 798.000000 281.000000 1.734393 0.566828 1.846427 2.125743 1.309067 10.040455 1.292098 0.758968
Cyclist -1 -1 -10 657.000000 160.000000 694.000000 216.000000 1.746562 0.635814 1.527432 2.188726 1.506269 21.400388 1.116930 0.530683
Cyclist -1 -1 -10 -3.000000 182.000000 103.000000 371.000000 1.696205 0.627565 1.633386 -2.818771 1.451895 3.800651 0.356908 0.218600
Cyclist -1 -1 -10 533.000000 165.000000 560.000000 221.000000 1.710002 0.609766 1.635602 -1.899568 0.781388 18.132222 2.076400 0.167742
Cyclist -1 -1 -10 649.000000 158.000000 676.000000 206.000000 1.699352 0.500503 1.435025 2.454877 0.826659 27.162938 0.562670 0.020952
Cyclist -1 -1 -10 484.000000 158.000000 523.000000 249.000000 1.775588 0.637821 1.764061 -2.134347 1.354664 14.845481 -2.046962 0.019665
Cyclist -1 -1 -10 567.000000 161.000000 600.000000 253.000000 1.745553 0.573834 1.748678 -0.463771 1.357361 13.580373 -1.999878 0.010017
