Car -1 -1 -10 708.000000 185.000000 893.000000 302.000000 1.442929 1.654160 4.130631 2.644346 1.663348 11.246460 -1.604829 0.999480
Car -1 -1 -10 392.000000 173.000000 512.000000 216.000000 1.516490 1.608990 4.086162 -6.040800 1.474531 25.612478 -3.222926 0.993619
Car -1 -1 -10 783.000000 180.000000 987.000000 252.000000 1.495821 1.626319 4.178074 6.423962 1.623463 16.258056 0.014095 0.984181
Car -1 -1 -10 0.000000 169.000000 238.000000 316.000000 1.603613 1.656480 4.157368 -6.826903 1.461073 8.358606 -0.082715 0.973679
Car -1 -1 -10 38.000000 171.000000 436.000000 272.000000 1.579137 1.656449 4.368661 -5.785786 1.578167 12.504558 -0.101683 0.971751
Car -1 -1 -10 679.000000 176.000000 745.000000 203.000000 1.550649 1.614771 3.865610 5.950675 1.768328 39.678483 -0.035967 0.938824
Car -1 -1 -10 721.000000 177.000000 802.000000 215.000000 1.504741 1.637694 4.069867 6.386611 1.612870 29.047333 0.024227 0.877125
Car -1 -1 -10 1114.000000 235.000000 1241.000000 371.000000 1.504620 1.576660 3.880657 4.667212 1.458894 4.082201 2.261188 0.403316
Car -1 -1 -10 298.000000 175.000000 500.000000 224.000000 1.487143 1.606389 4.044469 -6.571446 1.621697 22.678048 -3.267744 0.306031
Car -1 -1 -10 439.000000 170.000000 525.000000 208.000000 1.500737 1.525984 3.583966 -5.035264 1.716531 33.523911 0.991446 0.281283
Cyclist -1 -1 -10 1119.000000 236.000000 1242.000000 371.000000 1.647998 0.500237 1.594327 3.123802 1.892457 3.962139 -1.006130 0.036033
