Pedestrian -1 -1 -10 547.000000 139.000000 581.000000 226.000000 1.827825 0.725500 0.849011 -0.931884 0.973949 15.141156 1.376831 0.997239
Pedestrian -1 -1 -10 712.000000 137.000000 779.000000 332.000000 1.838532 0.766768 0.914689 1.358311 1.466907 7.090152 1.209283 0.996579
Pedestrian -1 -1 -10 587.000000 136.000000 616.000000 223.000000 1.779947 0.677345 0.977716 -0.137547 0.832183 15.420868 1.204575 0.995446
Pedestrian -1 -1 -10 507.000000 141.000000 538.000000 217.000000 1.762430 0.705324 0.871139 -2.054372 0.867329 16.654042 1.067748 0.994561
Pedestrian -1 -1 -10 778.000000 136.000000 850.000000 316.000000 1.748663 0.643798 0.880684 2.196861 1.311448 7.453950 1.346752 0.994355
Pedestrian -1 -1 -10 479.000000 138.000000 503.000000 212.000000 1.757184 0.654092 0.809906 -2.823832 0.768263 17.284263 0.994408 0.915350
Pedestrian -1 -1 -10 571.000000 141.000000 590.000000 207.000000 1.749543 0.596383 0.744707 -0.643881 0.690592 19.087106 1.103331 0.736298
Pedestrian -1 -1 -10 457.000000 147.000000 480.000000 215.000000 1.734489 0.636862 0.817357 -3.336881 0.825014 17.277351 0.992145 0.732397
Pedestrian -1 -1 -10 246.000000 136.000000 280.000000 248.000000 1.772460 0.623094 0.804359 -5.905740 1.047315 12.118518 0.064264 0.681821
Pedestrian -1 -1 -10 432.000000 142.000000 457.000000 213.000000 1.703453 0.590768 0.742785 -3.824479 0.892347 16.765151 -2.270342 0.472546
Pedestrian -1 -1 -10 678.000000 144.000000 697.000000 202.000000 1.777447 0.641335 0.791986 2.583689 0.664228 21.902815 0.638349 0.396824
Pedestrian -1 -1 -10 260.000000 136.000000 305.000000 239.000000 1.785431 0.607060 0.888299 -5.504302 1.075812 11.796307 -1.013663 0.386190
Pedestrian -1 -1 -10 562.000000 142.000000 584.000000 210.000000 1.823088 0.619718 0.846713 -0.699780 0.762001 19.055759 1.066983 0.277345
Pedestrian -1 -1 -10 542.000000 142.000000 567.000000 209.000000 1.841683 0.699726 0.852424 -1.427977 0.884845 18.901140 0.980213 0.262945
Pedestrian -1 -1 -10 521.000000 140.000000 538.000000 186.000000 1.770992 0.678041 0.722522 -3.568729 -0.209530 32.651152 -3.228323 0.239494
Pedestrian -1 -1 -10 490.000000 140.000000 508.000000 203.000000 1.685209 0.584012 0.656958 -2.654064 1.475536 17.630615 -1.619079 0.174344
Cyclist -1 -1 -10 427.000000 143.000000 460.000000 220.000000 1.765351 0.569720 1.733798 -3.767790 0.881190 16.480801 0.774512 0.753630
Cyclist -1 -1 -10 271.000000 135.000000 313.000000 232.000000 1.723986 0.549041 1.694607 -5.384315 0.947336 11.875186 -1.524446 0.476515
Cyclist -1 -1 -10 452.000000 144.000000 480.000000 218.000000 1.769249 0.687718 1.687407 -3.470673 0.855718 17.551305 0.856967 0.398565
Cyclist -1 -1 -10 284.000000 150.000000 351.000000 210.000000 1.677954 0.514024 1.434748 -7.628807 1.316167 18.560815 -2.003390 0.210380
Cyclist -1 -1 -10 333.000000 152.000000 386.000000 198.000000 1.675761 0.454048 1.330913 -7.034161 1.242561 20.743488 0.711854 0.183172
Cyclist -1 -1 -10 237.000000 137.000000 323.000000 240.000000 1.714403 0.465472 1.715799 -5.554542 1.029364 11.896278 -2.478535 0.145681
Cyclist -1 -1 -10 306.000000 152.000000 370.000000 200.000000 1.686967 0.502326 1.348882 -5.700739 0.844245 14.936105 0.616513 0.117498
Cyclist -1 -1 -10 520.000000 141.000000 538.000000 183.000000 1.705651 0.499540 1.594568 -3.825952 -0.397408 33.062187 -2.261668 0.081065
Cyclist -1 -1 -10 248.000000 134.000000 282.000000 249.000000 1.783726 0.596301 1.699924 -5.956489 1.052187 12.101276 1.235632 0.063585
Cyclist -1 -1 -10 544.000000 143.000000 573.000000 208.000000 1.755614 0.618758 1.647019 -1.280626 0.703661 18.721608 -1.571632 0.050129
Cyclist -1 -1 -10 509.000000 141.000000 538.000000 212.000000 1.741380 0.616674 1.716611 -1.970492 0.800109 16.718505 1.925240 0.042513
Cyclist -1 -1 -10 450.000000 140.000000 467.000000 207.000000 1.831449 0.634377 1.747899 -3.890540 0.703114 19.483315 -1.218458 0.023749
Cyclist -1 -1 -10 477.000000 139.000000 502.000000 212.000000 1.789268 0.600308 1.758755 -2.905097 0.827817 17.618016 1.516577 0.012330
Cyclist -1 -1 -10 494.000000 142.000000 508.000000 194.000000 1.679951 0.483118 1.217451 -2.629390 0.932482 18.503079 -0.085126 0.010136
