Pedestrian -1 -1 -10 747.000000 168.000000 772.000000 233.000000 1.748685 0.692831 0.826179 3.876393 1.571733 18.962362 1.322118 0.989604
Pedestrian -1 -1 -10 742.000000 172.000000 761.000000 224.000000 1.732998 0.657280 0.749448 3.739813 1.613831 19.063195 1.788593 0.039427
Car -1 -1 -10 316.000000 187.000000 442.000000 274.000000 1.449962 1.566499 3.677279 -4.258879 1.707332 13.651731 1.468942 0.999490
Car -1 -1 -10 107.000000 180.000000 232.000000 221.000000 1.524102 1.630260 3.924037 -18.931987 1.861321 31.251826 0.019175 0.954859
Car -1 -1 -10 495.000000 174.000000 576.000000 205.000000 1.573234 1.632830 4.088980 -4.043113 1.764611 39.335206 2.529876 0.954675
Car -1 -1 -10 619.000000 174.000000 702.000000 200.000000 1.567847 1.637535 4.030850 2.724214 1.762646 42.409827 2.780572 0.865289
Car -1 -1 -10 302.000000 174.000000 371.000000 207.000000 2.037895 1.720084 4.220364 -18.462184 2.284915 50.548058 -3.068350 0.077625
Car -1 -1 -10 61.000000 188.000000 165.000000 244.000000 1.506280 1.596515 3.938576 -11.454422 2.066099 20.114612 0.032247 0.050287
Car -1 -1 -10 318.000000 179.000000 411.000000 207.000000 1.601922 1.646043 4.249111 -16.245769 1.950154 50.109974 -3.048743 0.011391
Car -1 -1 -10 98.000000 184.000000 179.000000 227.000000 1.494490 1.603772 3.829171 -18.471109 2.010377 32.207651 -1.524838 0.010545
Cyclist -1 -1 -10 745.000000 168.000000 771.000000 234.000000 1.808066 0.615334 1.793063 3.806476 1.606836 19.043939 1.215510 0.017655
Cyclist -1 -1 -10 793.000000 177.000000 838.000000 205.000000 1.678120 0.493131 1.397381 5.295545 1.163968 18.233538 1.302326 0.014701
