Pedestrian -1 -1 -10 384.000000 177.000000 451.000000 290.000000 1.739518 0.651797 0.648033 -3.395685 1.946928 11.818620 -1.326604 0.015513
Car -1 -1 -10 631.000000 177.000000 667.000000 208.000000 1.526441 1.601479 3.592381 1.938043 1.746871 37.796993 1.527577 0.999600
Car -1 -1 -10 470.000000 182.000000 542.000000 238.000000 1.485339 1.573601 3.900899 -3.012756 1.746301 21.039613 -1.552233 0.999173
Car -1 -1 -10 553.000000 170.000000 580.000000 195.000000 1.516289 1.602315 3.785745 -3.230412 1.305332 56.318753 1.602744 0.998567
Car -1 -1 -10 771.000000 198.000000 1172.000000 376.000000 1.486111 1.623513 3.669187 2.447104 1.714038 5.780072 -1.514995 0.992620
Car -1 -1 -10 356.000000 177.000000 498.000000 284.000000 1.657106 1.664178 4.024037 -3.124296 1.703536 13.067980 1.535493 0.960496
Car -1 -1 -10 0.000000 177.000000 134.000000 356.000000 1.452300 1.625894 4.146045 -7.230338 1.591482 6.940609 -3.189223 0.181461
Car -1 -1 -10 629.000000 171.000000 650.000000 197.000000 1.394202 1.539391 3.478339 0.935090 1.022811 20.714003 0.744195 0.113492
Car -1 -1 -10 380.000000 175.000000 447.000000 270.000000 1.471875 1.555384 3.788186 -3.732805 1.287934 13.915269 1.761305 0.018192
Cyclist -1 -1 -10 332.000000 171.000000 470.000000 374.000000 1.750219 0.608479 1.759974 -1.542930 1.611079 5.607319 1.657232 0.999739
Cyclist -1 -1 -10 365.000000 171.000000 493.000000 296.000000 1.650033 0.715099 1.780748 -2.704076 1.754543 11.913503 2.412660 0.692370
