Pedestrian -1 -1 -10 875.000000 146.000000 968.000000 363.000000 1.798116 0.687211 0.776815 2.501624 1.500969 5.796717 1.623603 0.998605
Pedestrian -1 -1 -10 792.000000 141.000000 875.000000 367.000000 1.810480 0.664225 0.816862 1.884167 1.483571 5.957428 1.486107 0.998301
Pedestrian -1 -1 -10 1065.000000 144.000000 1197.000000 371.000000 1.677510 0.587311 0.667138 3.786701 1.409244 5.081131 1.217100 0.996920
Pedestrian -1 -1 -10 536.000000 146.000000 599.000000 352.000000 1.778874 0.670410 0.951655 -0.419729 1.487748 6.389936 1.026910 0.996421
Pedestrian -1 -1 -10 706.000000 139.000000 768.000000 309.000000 1.794519 0.711122 0.772950 1.444756 1.384563 8.121174 1.186647 0.994940
Pedestrian -1 -1 -10 678.000000 158.000000 730.000000 316.000000 1.688180 0.588804 0.787669 1.176461 1.413384 7.886307 0.726934 0.988356
Pedestrian -1 -1 -10 620.000000 137.000000 677.000000 325.000000 1.814531 0.667998 0.866554 0.362476 1.373914 7.424065 1.050030 0.980400
Pedestrian -1 -1 -10 516.000000 140.000000 552.000000 246.000000 1.769430 0.694128 0.848805 -1.298624 1.096329 12.097243 1.077591 0.967878
Pedestrian -1 -1 -10 773.000000 154.000000 829.000000 312.000000 1.711246 0.553966 0.668007 2.068215 1.316864 7.858163 1.277767 0.942249
Pedestrian -1 -1 -10 585.000000 156.000000 641.000000 334.000000 1.739416 0.672510 0.837251 0.029702 1.442982 7.259888 1.104183 0.913591
Pedestrian -1 -1 -10 688.000000 140.000000 724.000000 213.000000 1.693151 0.634960 0.779760 1.686495 0.839704 12.535429 1.703796 0.843593
Pedestrian -1 -1 -10 648.000000 140.000000 674.000000 201.000000 1.684698 0.583957 0.628333 1.737033 0.343475 22.146572 2.197090 0.386257
Pedestrian -1 -1 -10 258.000000 135.000000 296.000000 232.000000 1.661156 0.637486 0.755444 -5.490389 0.903544 11.843369 -1.831471 0.352875
Pedestrian -1 -1 -10 1171.000000 133.000000 1222.000000 367.000000 1.711206 0.611029 0.777762 4.319829 1.548190 5.157815 -0.497472 0.346692
Pedestrian -1 -1 -10 549.000000 145.000000 565.000000 192.000000 1.748374 0.609938 0.604708 -2.020197 0.730415 28.851262 -1.584162 0.346645
Pedestrian -1 -1 -10 591.000000 146.000000 625.000000 225.000000 1.724940 0.638659 0.598613 -0.045914 1.057222 12.162830 -1.391068 0.276240
Pedestrian -1 -1 -10 545.000000 148.000000 585.000000 198.000000 1.643648 0.589283 0.586615 -0.794775 0.979857 14.998016 0.011133 0.276183
Pedestrian -1 -1 -10 627.000000 138.000000 668.000000 208.000000 1.704448 0.535819 0.589482 0.983181 1.272337 12.411470 3.050501 0.220975
Pedestrian -1 -1 -10 305.000000 141.000000 330.000000 217.000000 1.751613 0.628221 0.798533 -6.154031 1.620544 15.364571 -2.513545 0.212465
Cyclist -1 -1 -10 551.000000 146.000000 588.000000 194.000000 1.689317 0.544113 1.518896 -1.682706 0.142435 28.831192 0.977193 0.574532
Cyclist -1 -1 -10 247.000000 137.000000 306.000000 231.000000 1.695813 0.747061 1.725509 -5.468931 0.785687 11.935637 -0.006750 0.351500
Cyclist -1 -1 -10 298.000000 142.000000 337.000000 219.000000 1.701436 0.539014 1.570590 -6.220871 1.424265 15.819799 -2.552816 0.297038
Cyclist -1 -1 -10 591.000000 148.000000 627.000000 220.000000 1.690718 0.487924 1.515564 0.355513 1.405454 14.139121 -2.195507 0.186273
Cyclist -1 -1 -10 286.000000 141.000000 320.000000 226.000000 1.747395 0.535803 1.682067 -7.208741 0.905969 16.860430 -1.293305 0.140410
Cyclist -1 -1 -10 547.000000 146.000000 568.000000 192.000000 1.717888 0.542506 1.440227 -2.009523 0.457549 34.208149 -1.003320 0.134952
Cyclist -1 -1 -10 517.000000 140.000000 553.000000 248.000000 1.828670 0.702484 1.765284 -1.328592 1.135603 12.240680 1.029337 0.115376
Cyclist -1 -1 -10 643.000000 140.000000 674.000000 202.000000 1.835555 0.604351 1.774109 1.679497 0.662556 22.354690 1.690278 0.083606
Cyclist -1 -1 -10 341.000000 152.000000 387.000000 198.000000 1.676843 0.503024 1.364997 -4.491008 0.614267 12.854720 0.655186 0.072847
Cyclist -1 -1 -10 686.000000 140.000000 733.000000 236.000000 1.695950 0.656209 1.734517 1.714927 0.828367 12.634073 1.121189 0.057886
Cyclist -1 -1 -10 618.000000 147.000000 675.000000 309.000000 1.777094 0.673340 1.760220 0.470853 1.327712 7.468718 1.051460 0.046639
Cyclist -1 -1 -10 540.000000 142.000000 557.000000 196.000000 1.681527 0.503130 1.362175 -1.238414 0.698174 14.373668 0.900413 0.036728
Cyclist -1 -1 -10 533.000000 139.000000 551.000000 202.000000 1.699476 0.502754 1.497813 -1.129031 1.106267 16.655675 -1.001992 0.032934
Cyclist -1 -1 -10 626.000000 137.000000 665.000000 220.000000 1.665175 0.723837 1.719251 0.705051 0.741117 12.445836 0.111724 0.032624
Cyclist -1 -1 -10 585.000000 153.000000 646.000000 330.000000 1.784526 0.495720 1.712078 0.150987 1.404182 7.356587 -0.545788 0.019278
Cyclist -1 -1 -10 1171.000000 133.000000 1222.000000 367.000000 1.648907 0.360250 1.628024 4.248811 1.460906 5.237554 -0.615750 0.012231
