Pedestrian -1 -1 -10 854.000000 175.000000 940.000000 374.000000 1.640753 0.638474 0.549674 2.355959 1.626415 5.925049 1.879658 0.994752
Pedestrian -1 -1 -10 999.000000 147.000000 1160.000000 379.000000 1.612537 0.612804 0.610149 2.694004 1.294756 4.071125 1.754988 0.927597
Pedestrian -1 -1 -10 888.000000 145.000000 1250.000000 380.000000 1.634392 0.610130 0.660793 2.649989 1.322989 4.109679 -1.488985 0.232467
Pedestrian -1 -1 -10 996.000000 141.000000 1096.000000 318.000000 1.718098 0.582027 0.628565 3.112397 1.263901 5.074920 3.130278 0.180157
Pedestrian -1 -1 -10 88.000000 193.000000 119.000000 244.000000 1.680852 0.621803 0.718726 -15.512840 2.236795 22.162937 2.459626 0.108265
Car -1 -1 -10 602.000000 184.000000 630.000000 210.000000 1.499329 1.631734 3.997033 0.495111 2.030990 46.352057 -1.585167 0.998856
Car -1 -1 -10 316.000000 194.000000 396.000000 238.000000 1.486993 1.617830 3.953616 -9.523709 2.295478 27.729311 1.572903 0.996559
Car -1 -1 -10 352.000000 190.000000 405.000000 223.000000 1.494872 1.606215 3.840358 -9.473253 2.368788 28.187260 1.592095 0.623268
Cyclist -1 -1 -10 882.000000 148.000000 1236.000000 379.000000 1.655530 0.644232 1.723989 2.555216 1.299767 4.212799 2.749769 0.997333
Cyclist -1 -1 -10 958.000000 137.000000 1119.000000 370.000000 1.686818 0.620683 1.710926 2.572323 1.274381 4.369240 -1.033281 0.380876
Cyclist -1 -1 -10 851.000000 167.000000 964.000000 375.000000 1.682886 0.495653 1.718061 2.274912 1.674512 5.839048 1.482379 0.200169
Cyclist -1 -1 -10 890.000000 161.000000 1053.000000 381.000000 1.713560 0.652052 1.679869 2.442407 1.543520 4.694389 1.480433 0.193823
Cyclist -1 -1 -10 1148.000000 184.000000 1234.000000 374.000000 1.679612 0.632681 1.643846 3.419661 2.015869 4.625932 -0.887900 0.050498
Cyclist -1 -1 -10 1006.000000 136.000000 1097.000000 318.000000 1.689679 0.540802 1.592447 2.775746 0.797065 4.706065 -0.438186 0.017075
