Car -1 -1 -10 297.000000 181.000000 453.000000 274.000000 1.480210 1.635706 4.091642 -4.387237 1.443419 14.073100 -1.566414 0.999642
Car -1 -1 -10 588.000000 175.000000 668.000000 252.000000 1.549470 1.651461 3.643772 0.427456 1.371077 17.016973 -1.546642 0.999491
Car -1 -1 -10 153.000000 181.000000 271.000000 232.000000 1.448537 1.610445 3.911720 -12.299877 1.362134 22.818405 -1.582985 0.992216
Car -1 -1 -10 0.000000 186.000000 206.000000 274.000000 1.476208 1.601750 3.818307 -8.275399 1.468637 11.441246 -1.600979 0.932676
Car -1 -1 -10 -5.000000 206.000000 258.000000 372.000000 1.454907 1.607405 3.891045 -4.526385 1.634072 5.689480 -1.571948 0.929277
Car -1 -1 -10 623.000000 178.000000 667.000000 215.000000 1.489234 1.593800 3.706692 1.950432 1.132427 39.010421 -1.411429 0.264606
Car -1 -1 -10 99.000000 174.000000 166.000000 211.000000 1.577829 1.595953 3.827963 -30.161401 1.496549 45.682830 -1.607069 0.102030
Car -1 -1 -10 619.000000 169.000000 652.000000 198.000000 1.471009 1.553124 3.618262 0.432156 0.377804 12.670278 0.684814 0.043577
Car -1 -1 -10 295.000000 184.000000 371.000000 220.000000 1.562236 1.645380 3.942930 -11.767109 1.152465 29.507749 -1.921726 0.030137
Car -1 -1 -10 0.000000 191.000000 60.000000 266.000000 1.524240 1.504203 3.205061 -25.563286 1.564683 30.395540 0.906881 0.013342
Car -1 -1 -10 0.000000 194.000000 135.000000 347.000000 1.507138 1.586043 3.682871 -8.328832 1.416183 8.920054 -1.531214 0.011216
