Pedestrian -1 -1 -10 394.000000 164.000000 441.000000 278.000000 1.702799 0.620382 0.800897 -3.101688 1.515708 11.590843 0.238101 0.996501
Pedestrian -1 -1 -10 977.000000 141.000000 1052.000000 313.000000 1.827506 0.631977 1.219591 4.316116 1.356492 7.850344 -0.018702 0.987470
Pedestrian -1 -1 -10 943.000000 149.000000 998.000000 308.000000 1.767082 0.612033 0.810749 4.236320 1.353955 8.384387 -0.085840 0.986445
Pedestrian -1 -1 -10 366.000000 167.000000 404.000000 280.000000 1.680496 0.541184 0.711682 -3.455369 1.521105 10.937780 0.155073 0.879617
Pedestrian -1 -1 -10 372.000000 170.000000 390.000000 203.000000 1.705571 0.521853 0.589301 -4.136699 1.455825 14.036507 2.679170 0.054363
Pedestrian -1 -1 -10 994.000000 144.000000 1034.000000 258.000000 1.735981 0.587309 0.647977 5.755312 1.066462 9.813741 1.560826 0.034552
Pedestrian -1 -1 -10 999.000000 147.000000 1023.000000 212.000000 1.683280 0.612588 0.624024 10.487483 0.339069 18.353451 3.044420 0.021597
Car -1 -1 -10 658.000000 169.000000 704.000000 195.000000 1.610101 1.650874 3.890190 4.418477 0.933064 41.534944 -1.821969 0.997651
Car -1 -1 -10 448.000000 173.000000 480.000000 198.000000 1.638897 1.673008 3.924188 -8.805296 1.119776 43.789763 1.385630 0.996906
Car -1 -1 -10 3.000000 206.000000 296.000000 365.000000 1.532694 1.616920 3.836399 -3.145178 1.678471 3.693570 -1.562320 0.973935
Cyclist -1 -1 -10 367.000000 166.000000 405.000000 280.000000 1.736949 0.575369 1.737594 -3.412971 1.558468 11.118760 -1.442224 0.020843
Cyclist -1 -1 -10 946.000000 147.000000 1015.000000 310.000000 1.717177 0.419506 1.696613 4.241884 1.354880 8.143431 -1.453114 0.020039
Cyclist -1 -1 -10 373.000000 170.000000 391.000000 203.000000 1.690730 0.488668 1.538979 -5.022233 1.460155 16.950151 -1.224547 0.017136
