Car -1 -1 -10 634.000000 187.000000 674.000000 217.000000 1.455812 1.609403 3.780343 2.000257 2.151317 36.597130 -1.666759 0.998255
Car -1 -1 -10 756.000000 189.000000 930.000000 256.000000 1.561881 1.578464 4.122900 6.070651 2.024601 18.377302 3.080838 0.991494
Car -1 -1 -10 13.000000 194.000000 306.000000 317.000000 1.509734 1.588808 3.940621 -6.610682 1.809311 10.250107 -3.183516 0.991096
Car -1 -1 -10 921.000000 188.000000 1242.000000 328.000000 1.577392 1.666546 4.045029 6.130187 1.680264 8.725101 0.014355 0.985142
Car -1 -1 -10 819.000000 191.000000 1012.000000 278.000000 1.515425 1.570100 3.734184 5.913542 1.896220 13.212697 0.029646 0.984876
Car -1 -1 -10 230.000000 178.000000 426.000000 256.000000 1.651459 1.647772 4.003600 -6.976747 1.922543 17.218701 -3.337622 0.980442
Car -1 -1 -10 729.000000 184.000000 862.000000 243.000000 1.624351 1.636888 4.149308 5.816503 2.058788 21.298496 0.018816 0.967555
Car -1 -1 -10 876.000000 193.000000 1110.000000 298.000000 1.492189 1.577333 3.916910 6.353408 1.802016 10.194501 -0.053006 0.906273
Car -1 -1 -10 -4.000000 190.000000 171.000000 359.000000 1.481866 1.587669 3.889175 -6.526381 1.605956 8.259354 -3.305280 0.824292
Car -1 -1 -10 97.000000 189.000000 359.000000 281.000000 1.516967 1.586737 3.772712 -6.477088 1.839890 12.646538 -3.157436 0.788087
Car -1 -1 -10 394.000000 186.000000 509.000000 221.000000 1.489437 1.545570 3.895419 -6.614400 2.079635 31.019455 -0.084295 0.730704
Cyclist -1 -1 -10 526.000000 183.000000 546.000000 223.000000 1.656553 0.511323 1.686739 -3.217461 2.181353 30.867355 1.430382 0.657201
