Pedestrian -1 -1 -10 244.000000 145.000000 360.000000 375.000000 1.711199 0.568886 0.558801 -1.992091 2.097343 4.510859 2.205701 0.998711
Pedestrian -1 -1 -10 754.000000 155.000000 769.000000 205.000000 1.694989 0.623030 0.758614 5.695956 0.745083 25.708050 -1.362866 0.482075
Pedestrian -1 -1 -10 1067.000000 120.000000 1238.000000 373.000000 1.715059 0.667405 0.701908 2.050536 1.300385 2.675323 -0.507493 0.430927
Pedestrian -1 -1 -10 1038.000000 182.000000 1082.000000 309.000000 1.769744 0.737098 0.656043 5.555853 1.318861 8.502236 -1.054081 0.402240
Pedestrian -1 -1 -10 111.000000 139.000000 402.000000 370.000000 1.810000 0.694128 0.875387 -2.462907 1.589943 5.060147 0.693643 0.082472
Pedestrian -1 -1 -10 557.000000 162.000000 566.000000 192.000000 1.759329 0.640763 0.741141 -2.669647 0.511325 47.475683 -1.553990 0.042465
Pedestrian -1 -1 -10 1029.000000 170.000000 1180.000000 359.000000 1.692485 0.642187 0.699822 2.455635 1.465561 3.593708 1.085608 0.024631
Pedestrian -1 -1 -10 585.000000 166.000000 596.000000 192.000000 1.689389 0.670934 0.757463 -0.703595 0.846170 46.443286 -1.548922 0.024501
Car -1 -1 -10 84.000000 139.000000 484.000000 375.000000 1.954421 1.713736 4.279423 -2.613621 1.515915 7.587674 1.632545 0.862752
Car -1 -1 -10 397.000000 151.000000 546.000000 264.000000 1.741373 1.598293 3.879131 -2.207156 1.222195 13.930164 1.620501 0.539223
Car -1 -1 -10 212.000000 143.000000 395.000000 371.000000 1.523795 1.589038 3.615219 -1.402709 1.273156 5.166109 -2.470985 0.377889
Cyclist -1 -1 -10 1049.000000 107.000000 1242.000000 371.000000 1.674408 0.698839 1.703886 2.084450 1.173353 2.608341 -0.930578 0.123106
Cyclist -1 -1 -10 231.000000 139.000000 361.000000 371.000000 1.711385 0.523690 1.554159 -2.244691 1.482452 5.275207 -1.384690 0.011348
