Pedestrian -1 -1 -10 157.000000 170.000000 184.000000 258.000000 1.724166 0.712345 0.744725 -12.084353 1.594550 19.851766 -1.763818 0.749265
Car -1 -1 -10 658.000000 179.000000 726.000000 236.000000 1.745871 1.718306 4.188101 2.590702 2.002845 24.823822 -1.620106 0.997303
Car -1 -1 -10 363.000000 185.000000 482.000000 238.000000 1.567123 1.559084 4.046791 -6.442152 1.983467 23.599171 -3.144136 0.996218
Car -1 -1 -10 268.000000 186.000000 445.000000 253.000000 1.523662 1.637332 3.990842 -6.155619 1.849598 18.922366 -0.267131 0.967616
Car -1 -1 -10 803.000000 209.000000 1241.000000 377.000000 1.484493 1.635115 4.084500 3.004016 1.803886 5.186916 -1.604708 0.960488
Car -1 -1 -10 402.000000 180.000000 504.000000 226.000000 1.539054 1.590989 3.888314 -6.522558 2.003321 29.791376 -0.087425 0.537630
Car -1 -1 -10 642.000000 185.000000 691.000000 221.000000 1.487595 1.604596 3.920502 2.632837 2.123487 35.721914 -1.580275 0.259774
Car -1 -1 -10 -2.000000 193.000000 191.000000 281.000000 1.536342 1.600985 3.394880 -13.954766 1.453569 19.789745 1.414846 0.161173
Car -1 -1 -10 439.000000 181.000000 521.000000 216.000000 1.521288 1.531302 3.580895 -5.729010 1.921356 36.508640 1.486455 0.139106
Car -1 -1 -10 467.000000 181.000000 540.000000 208.000000 1.538857 1.627963 3.809945 -5.554984 2.461381 46.705277 -1.695421 0.041960
Car -1 -1 -10 129.000000 193.000000 264.000000 252.000000 1.504114 1.506138 3.407939 -9.163265 1.341191 15.935526 1.059607 0.016495
