Pedestrian -1 -1 -10 244.000000 160.000000 337.000000 350.000000 1.786745 0.661911 0.861487 -3.078306 1.569762 6.889287 1.609462 0.997795
Pedestrian -1 -1 -10 627.000000 159.000000 655.000000 241.000000 1.755379 0.676804 0.959889 0.870659 1.292038 16.937900 1.226430 0.996349
Pedestrian -1 -1 -10 1072.000000 143.000000 1194.000000 372.000000 1.775373 0.670033 0.804533 4.005751 1.501815 5.525181 1.657351 0.995833
Pedestrian -1 -1 -10 808.000000 168.000000 867.000000 345.000000 1.716798 0.595988 0.911535 2.233855 1.539878 7.010555 -1.729368 0.992691
Pedestrian -1 -1 -10 103.000000 163.000000 182.000000 340.000000 1.743335 0.696352 0.853540 -4.633683 1.558828 7.265532 1.437409 0.965333
Pedestrian -1 -1 -10 729.000000 174.000000 770.000000 294.000000 1.756310 0.631936 0.765116 1.906082 1.502607 9.769483 -1.789669 0.953726
Pedestrian -1 -1 -10 700.000000 171.000000 740.000000 277.000000 1.719081 0.617100 0.811864 1.884859 1.507762 11.227405 -1.414550 0.937223
Pedestrian -1 -1 -10 794.000000 170.000000 844.000000 323.000000 1.718100 0.593023 0.857433 2.264578 1.513903 8.275050 0.862990 0.801302
Pedestrian -1 -1 -10 1174.000000 139.000000 1237.000000 371.000000 1.737527 0.612848 0.604277 4.501511 1.399351 5.317619 1.187672 0.587166
Pedestrian -1 -1 -10 747.000000 173.000000 784.000000 287.000000 1.718729 0.608749 0.808682 2.641951 1.548980 11.203119 3.278201 0.573306
Car -1 -1 -10 544.000000 170.000000 597.000000 212.000000 1.551339 1.628733 3.873805 -1.179814 1.092102 28.733958 1.628069 0.999124
Cyclist -1 -1 -10 1177.000000 143.000000 1238.000000 369.000000 1.795043 0.633572 1.713354 4.529509 1.417189 5.207886 1.673509 0.086424
Cyclist -1 -1 -10 97.000000 166.000000 198.000000 332.000000 1.803152 0.760261 1.772932 -4.717722 1.597115 7.243622 1.049783 0.077527
Cyclist -1 -1 -10 805.000000 169.000000 869.000000 325.000000 1.755000 0.550715 1.739634 2.227908 1.514830 7.163434 -1.207938 0.062115
Cyclist -1 -1 -10 792.000000 167.000000 837.000000 316.000000 1.730151 0.538505 1.665246 2.401435 1.498827 8.260771 -1.149268 0.031442
