Car -1 -1 -10 520.000000 173.000000 577.000000 220.000000 1.735507 1.696354 4.093564 -2.374059 1.753674 28.248025 1.543707 0.999188
Car -1 -1 -10 703.000000 180.000000 786.000000 260.000000 1.600004 1.583413 3.207750 3.153064 1.816059 15.534747 -1.521855 0.998944
Car -1 -1 -10 217.000000 183.000000 487.000000 357.000000 1.444061 1.577670 3.707856 -2.719104 1.645537 8.345878 -1.528326 0.998723
Car -1 -1 -10 348.000000 171.000000 472.000000 223.000000 1.484974 1.629094 4.087172 -6.529190 1.561292 22.034483 -3.180108 0.987238
Car -1 -1 -10 684.000000 186.000000 738.000000 241.000000 1.506394 1.589094 3.741270 2.944803 1.876862 20.828828 -1.489188 0.984280
Car -1 -1 -10 558.000000 179.000000 593.000000 210.000000 1.504606 1.588322 3.785995 -1.734249 1.804678 36.115271 -1.495711 0.958244
Car -1 -1 -10 -2.000000 199.000000 117.000000 371.000000 1.507162 1.596248 3.790231 -3.398509 1.370887 2.066593 1.529756 0.412966
Cyclist -1 -1 -10 612.000000 172.000000 626.000000 205.000000 1.756441 0.607035 1.783358 0.491460 1.729138 39.945522 1.437831 0.992762
Cyclist -1 -1 -10 0.000000 205.000000 118.000000 372.000000 1.686545 0.625321 1.700174 -2.516280 1.633482 2.732407 -1.716332 0.013551
Cyclist -1 -1 -10 346.000000 169.000000 474.000000 220.000000 1.764179 0.685508 1.824575 -5.818333 1.509486 21.290439 -3.009477 0.013191
