Car -1 -1 -10 724.000000 193.000000 898.000000 306.000000 1.467322 1.610288 3.664133 2.917777 1.779644 11.008081 -1.672012 0.999556
Car -1 -1 -10 660.000000 184.000000 740.000000 242.000000 1.511748 1.651445 4.099771 2.414618 1.787523 20.779431 -1.626080 0.999217
Car -1 -1 -10 1.000000 192.000000 261.000000 325.000000 1.457404 1.568053 4.037923 -6.607867 1.706673 9.332769 0.330800 0.996568
Car -1 -1 -10 222.000000 187.000000 424.000000 251.000000 1.534942 1.587236 3.863823 -6.737403 1.838570 16.780552 -3.327841 0.986796
Car -1 -1 -10 58.000000 196.000000 336.000000 285.000000 1.520927 1.599655 3.858738 -6.627368 1.820774 11.863166 -3.179315 0.937853
Car -1 -1 -10 334.000000 184.000000 492.000000 231.000000 1.496819 1.630285 4.157314 -6.299633 2.003311 24.548077 0.060745 0.931973
Car -1 -1 -10 647.000000 181.000000 695.000000 215.000000 1.502092 1.627159 4.063291 2.676307 1.844669 31.570966 -1.627144 0.807785
Car -1 -1 -10 631.000000 174.000000 662.000000 199.000000 1.526407 1.617853 3.788020 2.792969 1.899700 50.550754 -1.611170 0.332903
Car -1 -1 -10 400.000000 174.000000 484.000000 221.000000 1.517783 1.588683 4.007174 -6.746379 1.740022 26.957175 0.092521 0.181466
Car -1 -1 -10 476.000000 182.000000 539.000000 208.000000 1.598340 1.436833 3.205586 -5.029160 1.747030 43.447937 -1.113955 0.093457
Car -1 -1 -10 458.000000 182.000000 516.000000 212.000000 1.566463 1.581917 3.739952 -5.938563 1.809993 35.306841 -1.677104 0.063519
