Car -1 -1 -10 337.000000 193.000000 438.000000 253.000000 1.470302 1.598874 3.983467 -6.016851 2.027351 19.887256 1.566311 0.997858
Car -1 -1 -10 681.000000 176.000000 757.000000 227.000000 1.530309 1.665288 4.016338 3.169550 1.553918 21.696096 -1.601107 0.997595
Car -1 -1 -10 207.000000 200.000000 367.000000 294.000000 1.462905 1.570206 3.747602 -5.985870 2.054427 13.884230 1.553133 0.997439
Car -1 -1 -10 416.000000 189.000000 487.000000 232.000000 1.462564 1.614809 3.986603 -5.901695 2.108679 27.454934 1.594258 0.995718
Car -1 -1 -10 904.000000 142.000000 1140.000000 218.000000 1.547220 1.668973 4.201360 9.216231 1.041482 15.801578 3.208079 0.989565
Car -1 -1 -10 -2.000000 211.000000 272.000000 371.000000 1.478969 1.605496 3.834653 -5.960753 2.021625 9.124424 1.583203 0.987013
Car -1 -1 -10 668.000000 175.000000 727.000000 218.000000 1.543304 1.641170 3.967113 3.106796 1.586591 27.321083 -1.574456 0.887915
Car -1 -1 -10 456.000000 186.000000 507.000000 220.000000 1.507206 1.564113 3.865340 -5.790341 2.153084 33.217096 1.577356 0.792001
Car -1 -1 -10 652.000000 177.000000 698.000000 207.000000 1.525739 1.596387 3.936711 3.219174 1.787792 37.092779 1.486015 0.782503
Car -1 -1 -10 790.000000 156.000000 959.000000 207.000000 1.469209 1.657624 4.187067 8.146326 1.234428 23.616528 3.264580 0.666239
Car -1 -1 -10 829.000000 147.000000 1039.000000 210.000000 1.554007 1.668545 4.051639 9.244663 1.007333 19.974969 3.114743 0.345582
Car -1 -1 -10 489.000000 184.000000 530.000000 210.000000 1.588819 1.598935 3.961318 -5.894597 2.229433 42.502384 1.715882 0.081444
