Pedestrian -1 -1 -10 877.000000 187.000000 908.000000 283.000000 1.695007 0.591541 0.689974 4.363855 1.692466 11.245423 2.941218 0.559556
Car -1 -1 -10 715.000000 175.000000 903.000000 311.000000 1.595577 1.638283 3.701660 2.505883 1.670878 10.431182 -1.613002 0.998978
Car -1 -1 -10 523.000000 175.000000 567.000000 210.000000 1.528619 1.630839 3.622635 -3.032585 1.725557 34.152982 1.554115 0.998940
Car -1 -1 -10 312.000000 187.000000 489.000000 315.000000 1.492605 1.553779 3.505194 -2.679066 1.684575 10.100683 1.572687 0.995215
Car -1 -1 -10 662.000000 169.000000 746.000000 239.000000 1.647337 1.667292 4.085689 2.508271 1.621100 20.436139 -1.611502 0.990376
Car -1 -1 -10 688.000000 180.000000 778.000000 263.000000 1.496786 1.596271 3.707595 2.517072 1.685050 15.074843 -1.555550 0.988160
Car -1 -1 -10 649.000000 167.000000 699.000000 212.000000 1.698092 1.684081 3.934320 2.815041 1.524202 34.202998 -1.602708 0.950826
Car -1 -1 -10 638.000000 169.000000 679.000000 205.000000 1.584032 1.583920 3.716921 2.658960 1.535356 36.377769 -1.615798 0.112072
Car -1 -1 -10 431.000000 191.000000 482.000000 236.000000 1.548721 1.595705 3.831354 -6.296289 1.784839 25.194242 -1.267802 0.019706
Car -1 -1 -10 789.000000 188.000000 918.000000 283.000000 1.498021 1.582612 3.667930 4.670317 1.643553 12.693402 -1.221740 0.015307
Car -1 -1 -10 636.000000 175.000000 662.000000 201.000000 1.518293 1.629877 3.859217 2.614253 1.629372 42.053678 -1.646050 0.013852
Car -1 -1 -10 361.000000 192.000000 481.000000 263.000000 1.458323 1.559725 3.745061 -5.320833 1.552496 15.030858 1.708267 0.010769
Cyclist -1 -1 -10 873.000000 186.000000 912.000000 282.000000 1.717164 0.561153 1.703638 4.351042 1.728783 11.453637 -1.316494 0.840742
