Pedestrian -1 -1 -10 769.000000 159.000000 830.000000 300.000000 1.785678 0.651171 0.814047 2.487313 1.494552 9.311074 -2.324456 0.998462
Pedestrian -1 -1 -10 1026.000000 136.000000 1142.000000 328.000000 1.762637 0.571773 1.095455 4.507772 1.378036 6.881926 -2.112954 0.998425
Pedestrian -1 -1 -10 139.000000 177.000000 238.000000 372.000000 1.710718 0.648865 1.011538 -3.505704 1.676330 6.027578 -2.660623 0.995118
Pedestrian -1 -1 -10 254.000000 182.000000 294.000000 299.000000 1.758202 0.635624 0.878689 -5.225590 1.762640 11.370885 1.173438 0.991182
Pedestrian -1 -1 -10 511.000000 178.000000 529.000000 232.000000 1.742332 0.655089 0.751415 -2.774248 1.655290 23.741007 1.504607 0.975488
Pedestrian -1 -1 -10 346.000000 187.000000 367.000000 251.000000 1.666443 0.574671 0.729067 -6.530332 1.725281 19.166498 -1.861428 0.806829
Pedestrian -1 -1 -10 245.000000 185.000000 277.000000 288.000000 1.733436 0.587467 0.650866 -5.305814 1.664064 11.342406 0.055168 0.751184
Pedestrian -1 -1 -10 165.000000 184.000000 229.000000 316.000000 1.706693 0.653119 0.674117 -4.559906 1.423929 8.285706 2.055305 0.430141
Pedestrian -1 -1 -10 176.000000 177.000000 216.000000 278.000000 1.731853 0.609451 0.791609 -8.041746 1.447550 14.198533 -2.195730 0.411017
Pedestrian -1 -1 -10 726.000000 187.000000 752.000000 254.000000 1.674505 0.590021 0.545060 3.420270 1.983668 17.070332 2.635354 0.124394
Pedestrian -1 -1 -10 594.000000 174.000000 613.000000 233.000000 1.690016 0.596942 0.818372 -0.041976 1.560903 23.029364 -1.719633 0.114613
Pedestrian -1 -1 -10 142.000000 184.000000 176.000000 304.000000 1.706062 0.574389 0.717545 -8.439089 1.275448 14.087125 1.576064 0.109803
Pedestrian -1 -1 -10 619.000000 175.000000 639.000000 233.000000 1.774334 0.645278 0.908674 0.797038 1.536056 22.820402 -2.590178 0.108222
Pedestrian -1 -1 -10 147.000000 182.000000 205.000000 278.000000 1.695292 0.657301 0.787852 -8.194728 1.306811 14.044533 -2.483262 0.082886
Pedestrian -1 -1 -10 154.000000 182.000000 178.000000 261.000000 1.650951 0.667166 0.744531 -9.733187 1.631580 16.021784 -2.489173 0.030111
Pedestrian -1 -1 -10 768.000000 186.000000 788.000000 247.000000 1.745499 0.611339 0.528368 4.137642 1.308577 16.406180 -1.322414 0.018548
Car -1 -1 -10 359.000000 170.000000 477.000000 260.000000 2.027581 1.788219 4.416123 -4.600670 1.693558 18.464288 1.508360 0.960551
Car -1 -1 -10 432.000000 173.000000 506.000000 236.000000 1.741993 1.630114 4.148649 -4.442976 1.614342 25.263123 1.547849 0.566064
Car -1 -1 -10 0.000000 183.000000 128.000000 372.000000 1.508797 1.597764 3.752262 -2.833881 1.214715 1.274337 1.573324 0.150699
Cyclist -1 -1 -10 173.000000 178.000000 218.000000 272.000000 1.728060 0.691464 1.645246 -8.287258 1.499320 14.298083 2.621393 0.060089
Cyclist -1 -1 -10 143.000000 182.000000 214.000000 307.000000 1.729211 0.667521 1.729309 -8.486831 1.303445 14.108405 2.498223 0.025338
