Car -1 -1 -10 706.000000 176.000000 824.000000 261.000000 1.474810 1.624763 3.893510 2.958446 1.573357 14.517744 -1.574166 0.999261
Car -1 -1 -10 869.000000 149.000000 1112.000000 224.000000 1.535714 1.673448 4.215624 8.310706 1.064994 16.620315 3.154540 0.987654
Car -1 -1 -10 438.000000 181.000000 497.000000 219.000000 1.523684 1.611164 3.833526 -5.896387 1.869343 30.168558 1.577803 0.987116
Car -1 -1 -10 2.000000 209.000000 219.000000 371.000000 1.489059 1.600714 3.740419 -6.080035 1.954053 8.093247 1.580309 0.985954
Car -1 -1 -10 722.000000 161.000000 811.000000 203.000000 1.625258 1.675259 4.205072 9.320380 1.068318 42.553841 3.149097 0.912902
Car -1 -1 -10 312.000000 181.000000 432.000000 255.000000 1.621557 1.652383 4.042122 -6.186473 1.904435 18.871261 -1.556617 0.732948
Car -1 -1 -10 1011.000000 133.000000 1251.000000 267.000000 1.748185 1.658851 4.060467 8.340434 1.174733 10.451310 3.179441 0.719608
Car -1 -1 -10 460.000000 181.000000 510.000000 213.000000 1.548490 1.621118 4.046059 -6.169535 1.961886 35.217007 1.778158 0.515204
Car -1 -1 -10 1131.000000 123.000000 1242.000000 294.000000 1.519674 1.595872 3.832733 7.803261 1.655903 8.291954 -0.839874 0.114600
Car -1 -1 -10 480.000000 181.000000 523.000000 206.000000 1.511433 1.596926 3.944362 -5.796886 1.922410 40.654490 1.601803 0.058418
Car -1 -1 -10 734.000000 170.000000 803.000000 223.000000 1.512743 1.580369 3.747089 6.198707 0.880329 23.346340 -1.388366 0.020483
Car -1 -1 -10 702.000000 164.000000 766.000000 191.000000 1.638095 1.639125 3.966132 7.814102 1.494496 47.315228 2.328090 0.020201
Car -1 -1 -10 917.000000 152.000000 971.000000 180.000000 1.549328 1.647435 3.895938 22.502362 0.494391 47.581615 1.535318 0.019486
Car -1 -1 -10 3.000000 209.000000 142.000000 307.000000 1.519949 1.574984 3.761515 -6.288664 1.862273 8.537262 1.344246 0.014223
Cyclist -1 -1 -10 723.000000 162.000000 812.000000 209.000000 1.681295 0.604849 1.611148 3.664417 1.282184 16.605098 3.322823 0.013188
