Pedestrian -1 -1 -10 713.000000 162.000000 731.000000 220.000000 1.679018 0.553826 0.595729 3.834060 1.661013 25.177211 0.667090 0.638424
Pedestrian -1 -1 -10 485.000000 181.000000 506.000000 234.000000 1.691168 0.716950 0.601883 -3.552724 1.904300 22.466072 1.513321 0.246622
Pedestrian -1 -1 -10 239.000000 181.000000 340.000000 353.000000 1.763096 0.772842 0.862145 -3.716777 1.973155 8.305809 0.048783 0.052466
Pedestrian -1 -1 -10 344.000000 186.000000 388.000000 232.000000 1.634568 0.563053 0.581846 -5.865565 1.866133 18.093573 2.715290 0.015807
Car -1 -1 -10 338.000000 196.000000 447.000000 266.000000 1.526378 1.606949 3.926750 -5.441934 2.070534 18.326903 1.567229 0.981258
Car -1 -1 -10 638.000000 182.000000 674.000000 209.000000 1.572902 1.568209 3.750391 2.663588 1.976118 38.548662 -0.004025 0.946987
Car -1 -1 -10 483.000000 185.000000 515.000000 224.000000 1.515603 1.476317 3.034244 -3.705835 1.499908 26.019432 0.756517 0.048439
Car -1 -1 -10 393.000000 198.000000 443.000000 237.000000 1.570508 1.494573 3.044370 -5.927903 1.462998 22.445800 0.563941 0.010689
Cyclist -1 -1 -10 483.000000 179.000000 509.000000 240.000000 1.716096 0.544063 1.745361 -3.640809 2.003682 22.445805 1.500914 0.999490
Cyclist -1 -1 -10 230.000000 186.000000 340.000000 359.000000 1.720431 0.581631 1.762475 -3.641930 1.906823 8.311703 1.521284 0.999482
Cyclist -1 -1 -10 314.000000 180.000000 410.000000 346.000000 1.773402 0.664481 1.775576 -3.096103 1.829981 8.764799 1.296977 0.999040
Cyclist -1 -1 -10 328.000000 191.000000 434.000000 286.000000 1.695302 0.572803 1.674894 -5.018125 2.342038 16.767098 -1.354279 0.932611
Cyclist -1 -1 -10 713.000000 163.000000 731.000000 219.000000 1.817215 0.566796 1.791536 3.818814 1.608410 25.507149 1.683544 0.818567
Cyclist -1 -1 -10 335.000000 187.000000 393.000000 247.000000 1.686591 0.597080 1.604032 -6.092798 2.082067 17.605409 2.783195 0.037313
Cyclist -1 -1 -10 339.000000 193.000000 364.000000 242.000000 1.707386 0.602913 1.471650 -8.283980 1.812456 22.338942 0.611080 0.035619
