Pedestrian -1 -1 -10 414.000000 180.000000 433.000000 234.000000 1.776384 0.674725 0.705820 -6.092220 2.017768 23.509008 -1.746550 0.896890
Pedestrian -1 -1 -10 397.000000 186.000000 409.000000 232.000000 1.752466 0.628681 0.582543 -6.749499 2.137903 23.440488 2.363545 0.038663
Pedestrian -1 -1 -10 412.000000 185.000000 423.000000 229.000000 1.711994 0.597956 0.565152 -6.174146 1.952072 23.502719 -1.357673 0.025339
Pedestrian -1 -1 -10 415.000000 180.000000 430.000000 207.000000 1.646355 0.570454 0.581705 -4.987074 1.593677 20.045671 2.227579 0.014061
Car -1 -1 -10 719.000000 183.000000 887.000000 299.000000 1.485373 1.622309 3.761241 2.767411 1.671853 11.334438 -1.632458 0.999469
Car -1 -1 -10 375.000000 197.000000 475.000000 264.000000 1.439504 1.551296 3.590892 -4.386586 2.046517 17.385066 -1.615056 0.998874
Car -1 -1 -10 664.000000 182.000000 728.000000 237.000000 1.491053 1.569426 3.441124 2.489062 1.815532 21.431647 -1.589450 0.996738
Car -1 -1 -10 442.000000 182.000000 508.000000 235.000000 1.631491 1.622026 3.898824 -4.761576 2.104340 26.490744 -1.590148 0.990133
Car -1 -1 -10 639.000000 179.000000 673.000000 212.000000 1.558458 1.627806 3.809356 2.282693 1.971404 37.218478 -1.611530 0.954869
Car -1 -1 -10 495.000000 185.000000 533.000000 215.000000 1.575035 1.595549 3.877390 -5.283796 2.238612 40.575220 1.554733 0.695408
