Pedestrian -1 -1 -10 654.000000 137.000000 702.000000 271.000000 1.782241 0.696456 0.797501 1.035637 1.184891 10.163398 1.239733 0.997176
Pedestrian -1 -1 -10 524.000000 142.000000 553.000000 213.000000 1.782556 0.681971 0.919497 -1.779089 0.776607 18.007931 1.158937 0.994351
Pedestrian -1 -1 -10 583.000000 134.000000 631.000000 281.000000 1.804545 0.724600 1.042965 -0.018011 1.230525 9.777722 0.974786 0.993612
Pedestrian -1 -1 -10 603.000000 139.000000 649.000000 278.000000 1.811009 0.603854 0.951069 0.291091 1.228062 10.023870 0.726449 0.990725
Pedestrian -1 -1 -10 550.000000 139.000000 575.000000 211.000000 1.756410 0.648508 0.894775 -1.192759 0.700562 18.321079 1.356183 0.987368
Pedestrian -1 -1 -10 486.000000 145.000000 510.000000 210.000000 1.807293 0.679063 0.898124 -2.954485 0.830412 18.549343 0.963973 0.974961
Pedestrian -1 -1 -10 1038.000000 176.000000 1198.000000 365.000000 1.716753 0.611688 0.775875 2.559387 1.625699 3.534774 -0.894784 0.963358
Pedestrian -1 -1 -10 465.000000 139.000000 488.000000 208.000000 1.796247 0.696530 0.854194 -3.618824 0.772898 19.121779 1.831625 0.861290
Pedestrian -1 -1 -10 476.000000 142.000000 502.000000 208.000000 1.756529 0.528152 0.790526 -3.321028 0.817222 19.279492 0.469602 0.608607
Pedestrian -1 -1 -10 517.000000 143.000000 540.000000 203.000000 1.704296 0.607670 0.693665 -2.300459 0.638160 19.588280 1.422948 0.557962
Pedestrian -1 -1 -10 402.000000 142.000000 429.000000 207.000000 1.675152 0.658298 0.802414 -5.023766 0.645562 18.480887 1.283846 0.506239
Pedestrian -1 -1 -10 241.000000 141.000000 302.000000 258.000000 1.773311 0.683012 0.973178 -5.591118 1.124682 11.680739 2.098607 0.453196
Pedestrian -1 -1 -10 1120.000000 165.000000 1217.000000 364.000000 1.694745 0.510496 0.823033 2.926559 1.555326 3.690423 1.286197 0.442622
Pedestrian -1 -1 -10 542.000000 140.000000 562.000000 188.000000 1.765860 0.650626 0.802041 -2.099637 0.264946 26.418523 0.467205 0.272471
Pedestrian -1 -1 -10 433.000000 145.000000 457.000000 213.000000 1.655840 0.642053 0.712232 -4.186683 0.775011 18.817103 0.950963 0.250139
Pedestrian -1 -1 -10 510.000000 142.000000 527.000000 197.000000 1.741142 0.595830 0.741754 -2.810372 0.543809 22.073605 1.035738 0.223814
Pedestrian -1 -1 -10 1078.000000 177.000000 1156.000000 289.000000 1.670270 0.588478 0.574465 2.021515 1.515900 2.881723 3.229409 0.218925
Pedestrian -1 -1 -10 496.000000 141.000000 514.000000 197.000000 1.752027 0.587636 0.724838 -3.033575 0.569210 22.251367 1.844989 0.181388
Cyclist -1 -1 -10 249.000000 145.000000 334.000000 248.000000 1.769390 0.656985 1.756640 -5.239856 1.134482 11.654986 -2.048527 0.565884
Cyclist -1 -1 -10 433.000000 145.000000 462.000000 225.000000 1.703202 0.528868 1.693226 -4.287144 0.772768 18.911896 0.790566 0.308901
Cyclist -1 -1 -10 326.000000 151.000000 380.000000 199.000000 1.668750 0.429351 1.275078 -7.294710 1.252591 21.048487 0.711139 0.196274
Cyclist -1 -1 -10 399.000000 142.000000 430.000000 209.000000 1.722345 0.628655 1.680381 -5.068143 0.621624 18.562271 0.751385 0.182924
Cyclist -1 -1 -10 587.000000 142.000000 612.000000 189.000000 1.675512 0.497891 1.350917 -0.210774 0.668406 14.086386 0.966357 0.141018
Cyclist -1 -1 -10 251.000000 135.000000 293.000000 262.000000 1.747264 0.533767 1.827033 -5.676048 1.069356 11.783755 -2.393242 0.073750
Cyclist -1 -1 -10 585.000000 138.000000 630.000000 268.000000 1.842867 0.536677 1.733726 0.072132 1.220974 9.976896 -1.123590 0.061684
Cyclist -1 -1 -10 430.000000 142.000000 451.000000 213.000000 1.810101 0.636104 1.419158 -4.796641 0.761699 21.309423 0.791798 0.041161
Cyclist -1 -1 -10 1087.000000 169.000000 1215.000000 367.000000 1.698189 0.689054 1.732889 2.561515 1.364869 3.697236 -0.375444 0.040632
Cyclist -1 -1 -10 464.000000 142.000000 488.000000 206.000000 1.757992 0.590882 1.729957 -3.598289 0.725454 19.141853 0.892923 0.014764
Cyclist -1 -1 -10 550.000000 139.000000 576.000000 210.000000 1.816910 0.614957 1.776722 -1.224112 0.752754 18.278236 1.392377 0.014102
Cyclist -1 -1 -10 536.000000 140.000000 559.000000 195.000000 1.699467 0.543017 1.675634 -2.199813 0.225191 26.405639 -1.643166 0.010386
