Pedestrian -1 -1 -10 885.000000 130.000000 972.000000 370.000000 1.806328 0.716688 0.911448 2.517666 1.421435 5.709770 1.546939 0.998604
Pedestrian -1 -1 -10 681.000000 145.000000 735.000000 282.000000 1.750297 0.611328 0.737844 1.316233 1.201379 9.524770 1.726415 0.998059
Pedestrian -1 -1 -10 785.000000 136.000000 889.000000 373.000000 1.751477 0.682062 0.798423 1.700307 1.471260 5.500553 1.391876 0.997955
Pedestrian -1 -1 -10 645.000000 139.000000 701.000000 273.000000 1.798468 0.674047 0.876212 0.826262 1.267629 9.810996 2.152727 0.995840
Pedestrian -1 -1 -10 486.000000 139.000000 529.000000 273.000000 1.793085 0.707801 0.938432 -1.437381 1.241890 10.009432 0.923062 0.994308
Pedestrian -1 -1 -10 547.000000 139.000000 587.000000 263.000000 1.811857 0.687254 0.855256 -0.719855 1.186008 10.755512 0.966274 0.993286
Pedestrian -1 -1 -10 776.000000 142.000000 818.000000 271.000000 1.705447 0.629243 0.620938 2.537737 1.115190 9.782303 1.379452 0.986818
Pedestrian -1 -1 -10 590.000000 156.000000 630.000000 258.000000 1.744271 0.647417 0.777434 0.124149 1.252466 11.497781 0.454673 0.985163
Pedestrian -1 -1 -10 518.000000 147.000000 555.000000 266.000000 1.763386 0.620560 0.775136 -1.039836 1.282679 10.483457 0.528404 0.984792
Pedestrian -1 -1 -10 605.000000 139.000000 636.000000 239.000000 1.769648 0.626005 0.758247 0.255125 1.063944 11.874263 1.103626 0.931385
Pedestrian -1 -1 -10 463.000000 141.000000 492.000000 225.000000 1.803364 0.700902 0.875856 -2.831453 0.978980 15.363392 0.993119 0.916784
Pedestrian -1 -1 -10 1035.000000 178.000000 1071.000000 257.000000 1.811928 0.614375 0.892987 11.071173 1.780602 17.619523 3.201189 0.864541
Pedestrian -1 -1 -10 837.000000 142.000000 869.000000 236.000000 1.744048 0.577181 0.756779 3.466619 1.264423 9.976258 1.800444 0.829159
Pedestrian -1 -1 -10 625.000000 141.000000 653.000000 219.000000 1.784137 0.653112 0.837580 0.723687 0.807101 16.048936 1.212414 0.822996
Pedestrian -1 -1 -10 574.000000 139.000000 600.000000 218.000000 1.742702 0.612555 0.821314 -0.472233 0.786146 15.917596 1.536078 0.683604
Pedestrian -1 -1 -10 489.000000 138.000000 505.000000 187.000000 1.795260 0.635912 0.930184 -5.768833 -0.009052 36.785859 2.317482 0.585858
Pedestrian -1 -1 -10 258.000000 135.000000 299.000000 239.000000 1.725933 0.670075 0.898193 -5.488714 1.036633 11.699657 0.690617 0.585634
Pedestrian -1 -1 -10 800.000000 147.000000 877.000000 252.000000 1.753773 0.617112 0.895564 3.314956 1.169451 9.878574 1.400750 0.373104
Cyclist -1 -1 -10 255.000000 139.000000 317.000000 238.000000 1.793641 0.535071 1.725150 -5.378681 1.031955 12.139883 0.171383 0.747342
Cyclist -1 -1 -10 284.000000 144.000000 340.000000 216.000000 1.678749 0.557376 1.593118 -6.764132 1.346464 16.311770 -1.403208 0.570568
Cyclist -1 -1 -10 489.000000 140.000000 523.000000 190.000000 1.770204 0.611907 1.696801 -5.532755 -0.050660 36.947624 0.841681 0.167460
Cyclist -1 -1 -10 363.000000 144.000000 395.000000 195.000000 1.702534 0.539166 1.604148 -7.762963 0.282180 24.030082 -2.759329 0.144586
Cyclist -1 -1 -10 327.000000 151.000000 384.000000 196.000000 1.689954 0.500049 1.350864 -5.644221 0.919065 15.924818 0.638036 0.082147
Cyclist -1 -1 -10 833.000000 144.000000 868.000000 232.000000 1.747145 0.705963 1.719504 3.444010 1.205196 10.082854 1.296157 0.065804
Cyclist -1 -1 -10 508.000000 140.000000 529.000000 198.000000 1.688781 0.537487 1.520359 -4.248146 0.999886 36.894453 -1.735105 0.037490
Cyclist -1 -1 -10 534.000000 143.000000 566.000000 214.000000 1.755093 0.545593 1.641742 -0.991649 0.717013 15.833025 -1.706135 0.035433
Cyclist -1 -1 -10 463.000000 142.000000 492.000000 224.000000 1.829507 0.684320 1.775952 -2.848703 0.998843 15.404213 1.378606 0.034148
Cyclist -1 -1 -10 800.000000 147.000000 877.000000 252.000000 1.702985 0.582669 1.678425 3.405324 1.151949 9.835284 2.846884 0.033964
Cyclist -1 -1 -10 486.000000 136.000000 505.000000 195.000000 1.694297 0.505161 1.474483 -2.234959 1.130632 16.041137 -2.353831 0.027240
Cyclist -1 -1 -10 546.000000 139.000000 586.000000 259.000000 1.814100 0.631909 1.767245 -0.709431 1.171135 10.810555 1.679540 0.020588
Cyclist -1 -1 -10 776.000000 145.000000 825.000000 273.000000 1.798560 0.639482 1.743839 2.559439 1.197525 9.752127 1.396515 0.020020
Cyclist -1 -1 -10 486.000000 142.000000 531.000000 267.000000 1.801009 0.506798 1.754541 -1.385852 1.260052 10.274716 -1.218646 0.017969
Cyclist -1 -1 -10 518.000000 150.000000 559.000000 232.000000 1.694709 0.487656 1.554915 -1.195842 1.509720 15.874111 -1.013859 0.014432
