Pedestrian -1 -1 -10 203.000000 169.000000 230.000000 228.000000 1.742683 0.658631 0.744274 -11.989344 1.562279 22.131877 1.557423 0.455322
Pedestrian -1 -1 -10 1199.000000 184.000000 1241.000000 247.000000 1.685011 0.658431 0.841137 17.683100 2.321054 20.813039 -0.495740 0.013993
Car -1 -1 -10 776.000000 202.000000 1138.000000 373.000000 1.446485 1.634994 4.227947 3.006468 1.820918 7.350681 -1.611133 0.998774
Car -1 -1 -10 657.000000 176.000000 718.000000 230.000000 1.712572 1.715439 4.145805 2.670789 1.918533 26.722688 -1.608134 0.997545
Car -1 -1 -10 377.000000 179.000000 498.000000 231.000000 1.542120 1.564529 3.728591 -5.998275 2.010613 25.215734 -3.158285 0.978830
Car -1 -1 -10 300.000000 184.000000 456.000000 241.000000 1.609558 1.641815 3.914234 -6.255095 1.791969 20.775924 -1.378720 0.950903
Car -1 -1 -10 415.000000 177.000000 520.000000 219.000000 1.641805 1.623153 3.859604 -6.447545 1.995481 32.255583 0.239648 0.788077
Car -1 -1 -10 645.000000 181.000000 694.000000 218.000000 1.509910 1.607292 3.883688 2.649034 1.993474 37.668790 -1.591260 0.106087
Car -1 -1 -10 477.000000 178.000000 548.000000 206.000000 1.553838 1.625149 3.889045 -5.802615 2.293971 48.528088 1.481968 0.095550
Car -1 -1 -10 0.000000 184.000000 191.000000 261.000000 1.535727 1.518334 3.175056 -9.113141 1.819423 13.509588 0.927858 0.024478
Car -1 -1 -10 213.000000 190.000000 357.000000 231.000000 1.532069 1.576807 3.705767 -9.139943 1.904460 21.526394 -3.064002 0.023884
Car -1 -1 -10 757.000000 207.000000 899.000000 290.000000 1.540723 1.650077 4.049597 3.156870 1.572890 6.501965 1.450171 0.017702
Cyclist -1 -1 -10 1199.000000 184.000000 1241.000000 247.000000 1.648697 0.561247 1.733680 17.801180 2.213618 20.711811 3.358626 0.050267
Cyclist -1 -1 -10 313.000000 185.000000 443.000000 249.000000 1.672084 0.722904 1.773353 -4.874627 1.858899 15.969684 2.736459 0.014093
