Pedestrian -1 -1 -10 1092.000000 155.000000 1123.000000 212.000000 1.754272 0.612927 0.567236 21.986374 0.729084 31.326622 -0.526009 0.037901
Pedestrian -1 -1 -10 1114.000000 149.000000 1144.000000 214.000000 1.677466 0.594544 0.641560 16.164405 0.911026 21.985419 -0.437664 0.017708
Car -1 -1 -10 862.000000 171.000000 994.000000 220.000000 1.518753 1.609462 3.985611 9.899908 1.414316 22.305328 3.121684 0.998344
Car -1 -1 -10 1006.000000 159.000000 1188.000000 214.000000 1.644364 1.667051 4.167737 15.023447 1.118199 22.507941 3.278836 0.992028
Car -1 -1 -10 62.000000 184.000000 263.000000 258.000000 1.958031 1.748516 4.240491 -13.126451 2.489728 21.319960 -3.123846 0.780567
Car -1 -1 -10 211.000000 190.000000 309.000000 226.000000 1.511548 1.604787 3.863488 -14.261819 2.253091 30.801310 0.954995 0.313687
Car -1 -1 -10 1.000000 204.000000 86.000000 240.000000 1.542684 1.603567 4.006722 -20.953983 2.727926 26.816400 0.380549 0.234185
Car -1 -1 -10 1182.000000 159.000000 1241.000000 239.000000 1.445422 1.611608 3.942450 13.332702 1.267603 13.772612 0.042516 0.162800
Car -1 -1 -10 54.000000 197.000000 160.000000 235.000000 1.563541 1.551069 3.551782 -20.830032 2.612567 30.393647 0.880186 0.023088
Car -1 -1 -10 271.000000 187.000000 376.000000 217.000000 1.502604 1.603220 4.078994 -12.675619 2.541695 33.748001 1.801637 0.016735
Car -1 -1 -10 1172.000000 161.000000 1237.000000 202.000000 1.473874 1.583903 3.867203 25.629389 0.905197 32.096846 2.733058 0.012998
