Pedestrian -1 -1 -10 429.000000 175.000000 456.000000 245.000000 1.673399 0.585863 0.756464 -4.102250 1.563815 18.560315 -1.768149 0.995742
Pedestrian -1 -1 -10 634.000000 170.000000 667.000000 265.000000 1.789210 0.627099 0.892288 0.898276 1.579858 13.319963 -1.097136 0.994629
Pedestrian -1 -1 -10 406.000000 175.000000 428.000000 240.000000 1.749366 0.612431 0.806689 -5.002358 1.538102 19.330101 1.701529 0.992071
Pedestrian -1 -1 -10 675.000000 171.000000 709.000000 264.000000 1.694536 0.587953 0.859853 1.579137 1.537771 13.247678 -1.511119 0.960051
Pedestrian -1 -1 -10 610.000000 170.000000 640.000000 235.000000 1.754222 0.823485 0.869526 0.612802 1.472646 21.674619 1.495924 0.944548
Pedestrian -1 -1 -10 710.000000 168.000000 735.000000 242.000000 1.768625 0.612704 0.784189 2.909062 1.411692 17.398722 -1.434327 0.866224
Pedestrian -1 -1 -10 743.000000 168.000000 764.000000 233.000000 1.639077 0.582705 0.738982 3.990276 1.361435 19.326401 1.270304 0.824062
Pedestrian -1 -1 -10 692.000000 171.000000 726.000000 246.000000 1.713564 0.609916 0.768693 2.422993 1.534844 16.230001 -1.959687 0.647894
Pedestrian -1 -1 -10 25.000000 228.000000 243.000000 372.000000 1.770400 0.870555 0.693141 -2.791126 2.168257 4.249705 1.138493 0.572318
Pedestrian -1 -1 -10 648.000000 171.000000 678.000000 256.000000 1.728134 0.637067 0.798181 1.021578 1.464118 13.268222 -1.965965 0.378279
Pedestrian -1 -1 -10 661.000000 169.000000 696.000000 252.000000 1.677308 0.606662 0.800667 1.570684 1.540297 16.273435 -1.011581 0.275689
Pedestrian -1 -1 -10 121.000000 217.000000 222.000000 368.000000 1.718152 0.711782 0.482434 -3.791412 1.954295 6.391489 -1.684516 0.246416
Pedestrian -1 -1 -10 0.000000 234.000000 26.000000 343.000000 1.668472 0.591791 0.550717 -4.670681 1.752200 5.716814 1.926030 0.201064
Pedestrian -1 -1 -10 141.000000 178.000000 187.000000 276.000000 1.667782 0.642973 0.760020 -7.499195 1.551714 12.318545 -2.612245 0.136897
Car -1 -1 -10 537.000000 181.000000 575.000000 211.000000 1.485760 1.591948 3.850845 -2.435392 1.485908 38.403714 1.609225 0.998967
Cyclist -1 -1 -10 6.000000 234.000000 242.000000 373.000000 1.621708 0.657371 1.694610 -2.890716 2.004307 4.285225 -2.693084 0.670368
Cyclist -1 -1 -10 900.000000 188.000000 1139.000000 371.000000 1.608089 0.598565 1.713340 2.100241 1.910300 4.052682 -0.539250 0.647289
Cyclist -1 -1 -10 112.000000 213.000000 226.000000 364.000000 1.645888 0.560189 1.684079 -2.882850 1.915713 4.328142 -1.632843 0.109663
Cyclist -1 -1 -10 133.000000 195.000000 199.000000 313.000000 1.735874 0.654089 1.494073 -6.307444 1.623272 10.278262 0.506712 0.048051
Cyclist -1 -1 -10 0.000000 226.000000 113.000000 368.000000 1.785772 0.533637 1.430317 -7.341442 1.805975 9.876610 0.339889 0.047595
Cyclist -1 -1 -10 2.000000 233.000000 39.000000 351.000000 1.702902 0.519127 1.585217 -7.210659 1.551458 9.375613 -1.610676 0.029836
Cyclist -1 -1 -10 165.000000 209.000000 259.000000 312.000000 1.721215 0.550039 1.430253 -4.046527 1.735449 7.635662 0.505471 0.022483
Cyclist -1 -1 -10 612.000000 170.000000 644.000000 236.000000 1.827160 0.546358 1.760323 0.560641 1.564350 21.662068 -1.937810 0.012501
