Pedestrian -1 -1 -10 696.000000 171.000000 703.000000 206.000000 1.713994 0.600733 0.620114 4.921557 1.534835 39.447102 -0.982190 0.028685
Car -1 -1 -10 487.000000 189.000000 549.000000 238.000000 1.508688 1.562510 3.557827 -2.796434 1.980112 22.530954 1.575642 0.999520
Car -1 -1 -10 148.000000 194.000000 464.000000 376.000000 1.516618 1.654527 4.172291 -2.796701 1.793903 7.551706 1.539474 0.999255
Car -1 -1 -10 659.000000 181.000000 727.000000 236.000000 1.587990 1.633713 3.614510 2.471072 1.903249 22.974494 -1.589097 0.999123
Car -1 -1 -10 545.000000 184.000000 576.000000 209.000000 1.590426 1.621071 3.959249 -2.982422 2.296308 47.124497 1.627608 0.998335
Car -1 -1 -10 752.000000 178.000000 957.000000 351.000000 1.619709 1.575808 3.626876 2.760874 1.754828 8.676837 1.505957 0.986490
Car -1 -1 -10 646.000000 181.000000 696.000000 225.000000 1.498381 1.404646 2.935298 2.758632 1.835473 30.345554 -1.643835 0.917603
Car -1 -1 -10 841.000000 213.000000 1235.000000 376.000000 1.501081 1.614596 3.847597 2.467115 1.808940 3.316011 1.528996 0.872151
Car -1 -1 -10 636.000000 177.000000 666.000000 212.000000 1.524240 1.504203 3.205061 2.061382 1.632512 46.131968 1.639596 0.390406
Car -1 -1 -10 806.000000 194.000000 1051.000000 370.000000 1.543536 1.656596 4.000599 2.632999 1.738233 3.111649 1.476634 0.109536
