Car -1 -1 -10 800.000000 189.000000 1166.000000 367.000000 1.454304 1.655262 4.214522 3.556181 1.716953 7.825746 -1.605577 0.999482
Car -1 -1 -10 465.000000 180.000000 522.000000 220.000000 1.486177 1.539197 3.550716 -4.564811 1.790625 28.711036 1.599628 0.999310
Car -1 -1 -10 233.000000 191.000000 421.000000 289.000000 1.451949 1.619632 4.084782 -4.848106 1.805059 12.790654 1.555003 0.999162
Car -1 -1 -10 5.000000 190.000000 303.000000 373.000000 1.504817 1.611448 3.823776 -4.782183 1.826079 7.501678 1.577520 0.997630
Car -1 -1 -10 743.000000 183.000000 903.000000 282.000000 1.522921 1.633391 3.801271 3.432789 1.723828 12.782621 -1.592342 0.996561
Car -1 -1 -10 693.000000 179.000000 760.000000 228.000000 1.487840 1.637390 4.013293 3.839364 1.769243 23.937201 -1.602692 0.992624
Car -1 -1 -10 717.000000 180.000000 811.000000 248.000000 1.522849 1.641802 3.894846 3.767660 1.759676 18.466744 -1.533575 0.991445
Car -1 -1 -10 497.000000 179.000000 541.000000 213.000000 1.538155 1.558711 3.745741 -4.280881 1.796910 33.415844 1.630095 0.979232
Car -1 -1 -10 1082.000000 205.000000 1244.000000 373.000000 1.504262 1.640665 3.858237 3.466828 1.806891 2.123609 1.567905 0.797902
Car -1 -1 -10 1069.000000 175.000000 1209.000000 232.000000 1.702879 1.633668 3.967473 13.749265 1.439576 18.365835 1.272553 0.203382
Cyclist -1 -1 -10 944.000000 192.000000 1033.000000 229.000000 1.712356 0.662751 1.562206 11.148457 1.828031 21.088066 1.475986 0.042430
Cyclist -1 -1 -10 991.000000 194.000000 1090.000000 228.000000 1.674040 0.658974 1.626246 12.359684 2.037692 20.240860 3.229720 0.031240
Cyclist -1 -1 -10 1068.000000 202.000000 1245.000000 376.000000 1.686039 0.513396 1.703463 3.246941 1.970505 3.116733 -1.530201 0.010781
