Pedestrian -1 -1 -10 679.000000 166.000000 690.000000 203.000000 1.719438 0.662419 0.566026 2.413994 1.279807 23.655391 -1.444409 0.170138
Pedestrian -1 -1 -10 690.000000 171.000000 698.000000 198.000000 1.714152 0.634397 0.617766 3.388641 1.014689 28.444685 -0.905585 0.015654
Pedestrian -1 -1 -10 870.000000 176.000000 912.000000 208.000000 1.736994 0.703530 0.828774 12.246307 1.727188 31.824961 0.374937 0.011533
Pedestrian -1 -1 -10 683.000000 169.000000 699.000000 202.000000 1.788017 0.759686 0.546756 3.063966 1.255748 27.730280 -1.444043 0.010054
Car -1 -1 -10 888.000000 169.000000 1021.000000 271.000000 1.626070 1.664685 3.842877 6.100672 1.602924 13.293934 -1.254253 0.999511
Car -1 -1 -10 647.000000 176.000000 739.000000 245.000000 1.565407 1.646324 4.024405 2.108256 1.601952 17.406580 -1.298517 0.999404
Car -1 -1 -10 691.000000 177.000000 772.000000 231.000000 1.508454 1.608205 4.011998 3.757404 1.633998 22.394220 -1.216380 0.995249
Car -1 -1 -10 871.000000 176.000000 913.000000 208.000000 1.480535 1.597101 3.809037 13.003273 1.581992 33.294135 -1.249908 0.851792
Car -1 -1 -10 862.000000 175.000000 897.000000 200.000000 1.546780 1.592041 3.753841 16.863684 1.582875 44.436677 1.839328 0.038619
Car -1 -1 -10 1164.000000 227.000000 1239.000000 370.000000 1.524240 1.504203 3.205061 7.020400 2.343464 8.200927 2.270513 0.017887
