Car -1 -1 -10 615.000000 198.000000 700.000000 259.000000 1.500898 1.599581 3.635558 1.308811 2.180956 19.790625 -1.740402 0.998752
Car -1 -1 -10 681.000000 190.000000 774.000000 226.000000 1.599591 1.590963 4.022261 5.089575 2.224333 31.411770 -0.690259 0.995565
Car -1 -1 -10 745.000000 188.000000 832.000000 221.000000 1.497314 1.617210 3.963859 8.707245 2.232159 34.442451 -0.719591 0.995540
Car -1 -1 -10 553.000000 192.000000 632.000000 226.000000 1.492067 1.581587 3.875580 -0.828179 2.575034 35.209210 2.481571 0.988639
Car -1 -1 -10 812.000000 195.000000 1241.000000 373.000000 1.586936 1.575733 3.565808 2.910112 1.759710 5.198548 -1.640514 0.979655
Car -1 -1 -10 809.000000 189.000000 876.000000 218.000000 1.513398 1.589839 3.650252 12.219674 2.357175 37.262046 -0.686379 0.806672
Car -1 -1 -10 854.000000 183.000000 926.000000 216.000000 1.659552 1.617937 3.666507 15.534894 2.332718 39.841707 -0.751447 0.066967
Car -1 -1 -10 953.000000 192.000000 1211.000000 300.000000 1.401543 1.516099 3.145500 13.485510 1.510440 20.324656 1.388493 0.038563
Car -1 -1 -10 663.000000 193.000000 716.000000 223.000000 1.510648 1.578486 3.677331 4.494565 2.436728 39.254886 2.160104 0.029114
Cyclist -1 -1 -10 860.000000 183.000000 1240.000000 367.000000 1.681897 0.644019 1.817612 2.492649 1.555968 4.662864 -2.053876 0.060524
Cyclist -1 -1 -10 937.000000 194.000000 1070.000000 245.000000 1.692552 0.694858 1.725478 17.333000 2.149302 31.926270 3.553637 0.020885
