Car -1 -1 -10 20.000000 203.000000 292.000000 331.000000 1.478427 1.590035 3.726298 -6.144593 1.941992 10.288680 1.570195 0.999581
Car -1 -1 -10 690.000000 179.000000 790.000000 250.000000 1.522472 1.629457 3.891543 2.925622 1.629216 16.876337 -1.583240 0.998664
Car -1 -1 -10 449.000000 182.000000 502.000000 217.000000 1.510731 1.587270 3.751436 -5.992405 1.995044 32.401300 1.586128 0.993744
Car -1 -1 -10 827.000000 155.000000 1049.000000 220.000000 1.541371 1.654955 4.168864 8.150187 1.176040 19.056969 3.163538 0.967454
Car -1 -1 -10 343.000000 182.000000 449.000000 245.000000 1.617671 1.677589 4.143211 -6.259150 1.913533 21.259424 -1.571636 0.920272
Car -1 -1 -10 1025.000000 146.000000 1236.000000 264.000000 1.623138 1.565591 3.769880 8.145035 1.227369 9.969658 3.251378 0.823547
Car -1 -1 -10 704.000000 163.000000 788.000000 203.000000 1.509374 1.604619 3.916555 9.017102 1.160045 44.866076 3.207776 0.737061
Car -1 -1 -10 473.000000 183.000000 513.000000 211.000000 1.513424 1.586177 3.842063 -6.627861 2.164891 36.447776 -1.249163 0.414573
Car -1 -1 -10 918.000000 155.000000 1199.000000 240.000000 1.585859 1.634950 3.984610 8.315347 1.236283 13.078237 3.143377 0.247506
Car -1 -1 -10 307.000000 200.000000 399.000000 256.000000 1.455141 1.582790 4.040390 -6.211756 1.979197 18.813578 1.350888 0.111784
Car -1 -1 -10 486.000000 181.000000 525.000000 207.000000 1.518509 1.595980 3.813876 -6.050262 2.008647 42.976185 1.607336 0.042275
Car -1 -1 -10 2.000000 234.000000 60.000000 351.000000 1.544671 1.597882 3.861474 -5.528244 2.164313 9.171109 -2.874489 0.026972
Cyclist -1 -1 -10 693.000000 178.000000 790.000000 247.000000 1.739932 0.821649 1.901910 2.646414 1.652301 15.290276 0.313792 0.018324
