Car -1 -1 -10 376.000000 193.000000 455.000000 243.000000 1.494373 1.538220 3.583889 -6.164068 2.183349 23.455915 1.609716 0.998925
Car -1 -1 -10 661.000000 176.000000 720.000000 221.000000 1.525194 1.633032 3.893776 2.846260 1.679640 27.084216 -1.605290 0.989906
Car -1 -1 -10 420.000000 191.000000 488.000000 229.000000 1.480940 1.561470 3.826087 -6.173531 2.189659 28.909833 1.569436 0.989850
Car -1 -1 -10 42.000000 205.000000 162.000000 244.000000 1.500959 1.639670 4.015538 -20.768165 2.848490 30.551075 -1.535297 0.961838
Car -1 -1 -10 1039.000000 135.000000 1150.000000 181.000000 1.957525 1.733174 4.230225 25.040054 0.279814 37.218921 -1.676250 0.783504
Car -1 -1 -10 6.000000 209.000000 96.000000 247.000000 1.528172 1.638960 3.775255 -23.400994 3.102716 31.125367 -1.555658 0.537267
Car -1 -1 -10 0.000000 210.000000 52.000000 245.000000 1.499220 1.646619 4.079911 -23.594463 3.058436 31.211425 -1.334875 0.164307
Car -1 -1 -10 468.000000 181.000000 512.000000 217.000000 1.603191 1.596549 3.881562 -6.242321 2.106951 37.556535 1.563662 0.162309
Car -1 -1 -10 487.000000 184.000000 527.000000 211.000000 1.512088 1.577958 3.628268 -4.787957 2.290184 43.323594 2.287068 0.156981
Car -1 -1 -10 118.000000 206.000000 219.000000 241.000000 1.574143 1.631395 3.774834 -20.565125 2.806903 30.397112 -1.537828 0.033772
