Pedestrian -1 -1 -10 681.000000 156.000000 720.000000 246.000000 1.732037 0.641281 0.891523 1.853958 1.207714 13.771525 1.271967 0.996942
Pedestrian -1 -1 -10 40.000000 186.000000 98.000000 319.000000 1.679733 0.770687 0.800390 -7.890734 1.355245 10.576067 1.062420 0.869228
Pedestrian -1 -1 -10 368.000000 172.000000 388.000000 225.000000 1.690267 0.569029 0.869667 -7.396950 1.337265 23.558121 -1.951106 0.847166
Pedestrian -1 -1 -10 2.000000 183.000000 34.000000 320.000000 1.824763 0.686755 0.940425 -9.263955 1.766917 11.212769 -0.310169 0.086346
Pedestrian -1 -1 -10 428.000000 161.000000 438.000000 197.000000 1.842922 0.635235 0.934366 -12.608883 0.432860 53.333159 2.291603 0.073252
Pedestrian -1 -1 -10 17.000000 184.000000 121.000000 350.000000 1.752367 0.752791 0.670449 -5.501730 1.952902 7.203655 -0.522191 0.064740
Pedestrian -1 -1 -10 8.000000 165.000000 293.000000 376.000000 1.627140 0.737406 0.578999 -2.535655 1.516726 4.120108 1.474934 0.045857
Pedestrian -1 -1 -10 495.000000 170.000000 512.000000 220.000000 1.693685 0.606208 0.838995 -3.558131 1.247420 25.798760 -1.805560 0.033240
Pedestrian -1 -1 -10 49.000000 194.000000 136.000000 282.000000 1.711898 0.736747 0.581898 -7.704816 1.731688 11.220844 -2.197485 0.018656
Pedestrian -1 -1 -10 458.000000 171.000000 467.000000 203.000000 1.734791 0.603180 0.758713 -8.097587 1.181865 41.661961 -1.841845 0.017013
Pedestrian -1 -1 -10 433.000000 170.000000 441.000000 196.000000 1.744531 0.629519 0.730481 -11.930663 1.489054 52.617062 1.431563 0.011650
Car -1 -1 -10 5.000000 180.000000 321.000000 368.000000 1.518177 1.617107 3.834626 -4.209092 1.601802 7.113199 -1.578658 0.315347
Car -1 -1 -10 6.000000 180.000000 126.000000 361.000000 1.508019 1.591609 3.877894 -2.362155 1.365863 5.672304 -1.626611 0.039301
Car -1 -1 -10 1.000000 181.000000 37.000000 343.000000 1.569872 1.613889 3.731706 -5.487348 1.621242 6.976732 -2.241627 0.010215
Cyclist -1 -1 -10 23.000000 165.000000 281.000000 376.000000 1.616710 0.569014 1.665089 -2.564380 1.459748 4.261205 1.540915 0.997375
Cyclist -1 -1 -10 7.000000 175.000000 155.000000 369.000000 1.777988 0.760846 1.543113 -4.245168 1.560256 5.985987 0.392299 0.059000
Cyclist -1 -1 -10 43.000000 187.000000 108.000000 311.000000 1.728805 0.671185 1.695734 -8.060657 1.430392 11.080984 0.995258 0.041252
Cyclist -1 -1 -10 367.000000 172.000000 388.000000 225.000000 1.785560 0.604648 1.746885 -7.517703 1.393195 23.650434 -2.261958 0.014991
Cyclist -1 -1 -10 2.000000 183.000000 34.000000 320.000000 1.744916 0.574274 1.724632 -9.231159 1.765333 11.331576 0.797950 0.014648
Cyclist -1 -1 -10 68.000000 191.000000 119.000000 285.000000 1.677960 0.584967 1.682079 -7.838395 1.480951 11.027211 -1.636193 0.012661
