Car -1 -1 -10 634.000000 177.000000 706.000000 230.000000 1.450456 1.619288 3.883523 1.770158 1.586944 22.288561 -1.623402 0.999234
Car -1 -1 -10 616.000000 172.000000 654.000000 204.000000 1.541509 1.593106 3.887691 1.799257 1.664502 37.132326 1.541389 0.964314
Car -1 -1 -10 885.000000 159.000000 1238.000000 369.000000 1.706083 1.706754 4.231612 4.913897 1.614589 7.974405 1.711907 0.921692
Car -1 -1 -10 185.000000 182.000000 428.000000 249.000000 1.475131 1.687371 4.453234 -7.013892 1.663016 16.622895 -3.160372 0.878726
Car -1 -1 -10 426.000000 178.000000 496.000000 211.000000 1.486833 1.593245 3.853363 -7.183035 1.860729 33.615171 -2.882332 0.649467
Car -1 -1 -10 306.000000 181.000000 437.000000 238.000000 1.503678 1.554914 3.840459 -6.666294 1.850069 19.115161 -3.045698 0.532325
Car -1 -1 -10 405.000000 181.000000 472.000000 213.000000 1.562374 1.651056 3.944914 -8.358921 1.735682 34.270115 -1.764603 0.039999
Car -1 -1 -10 1203.000000 266.000000 1240.000000 373.000000 1.528368 1.542777 3.440530 4.677339 2.006749 3.920824 1.649209 0.033027
Car -1 -1 -10 252.000000 183.000000 379.000000 241.000000 1.411890 1.649565 4.039964 -8.223493 1.438568 21.319854 0.621319 0.014707
Car -1 -1 -10 912.000000 162.000000 1180.000000 281.000000 1.704112 1.627859 3.815181 5.376904 1.438197 9.296058 0.124773 0.012769
Cyclist -1 -1 -10 343.000000 176.000000 423.000000 304.000000 1.711973 0.621698 1.727942 -3.224254 1.776681 10.359405 1.463024 0.999326
Cyclist -1 -1 -10 295.000000 180.000000 432.000000 252.000000 1.643273 0.808381 1.827277 -5.792512 1.747413 16.288909 1.804045 0.147038
