Car -1 -1 -10 574.000000 174.000000 611.000000 208.000000 1.717771 1.669999 3.954665 -0.770167 1.406883 37.092320 -1.636695 0.999569
Car -1 -1 -10 463.000000 180.000000 512.000000 217.000000 1.481839 1.569846 3.760040 -4.777420 1.259513 29.364719 -1.580512 0.998965
Car -1 -1 -10 172.000000 182.000000 393.000000 319.000000 1.468599 1.596867 3.744569 -4.288020 1.496939 10.199642 -1.550446 0.998830
Car -1 -1 -10 384.000000 181.000000 478.000000 239.000000 1.488935 1.623319 3.989716 -4.777510 1.373952 19.976439 -1.582450 0.997764
Car -1 -1 -10 197.000000 174.000000 328.000000 254.000000 1.501533 1.580791 3.781364 -8.442086 1.428492 18.200679 -1.562855 0.933558
Car -1 -1 -10 336.000000 180.000000 411.000000 221.000000 1.509471 1.625135 3.805717 -8.819638 1.325123 26.920241 -1.711727 0.426122
Car -1 -1 -10 0.000000 158.000000 145.000000 272.000000 1.975391 1.706542 4.263666 -12.333731 1.572748 15.601666 -1.554520 0.364792
Car -1 -1 -10 130.000000 161.000000 210.000000 203.000000 1.523701 1.567469 3.972546 -17.052854 1.132339 28.864322 1.577962 0.053802
Car -1 -1 -10 388.000000 178.000000 442.000000 205.000000 1.524240 1.504203 3.205061 -8.984805 0.905273 38.988861 1.321132 0.015192
Car -1 -1 -10 1017.000000 184.000000 1226.000000 371.000000 1.476203 1.580800 3.700253 2.982048 2.016264 2.937261 1.527975 0.011084
Car -1 -1 -10 453.000000 172.000000 484.000000 199.000000 1.646930 1.667308 3.945272 -8.578948 0.910153 48.068828 -0.028245 0.010884
