Car -1 -1 -10 667.000000 188.000000 745.000000 241.000000 1.458531 1.585588 3.657896 2.806139 1.903343 21.534135 -1.672519 0.998943
Car -1 -1 -10 14.000000 190.000000 313.000000 308.000000 1.565461 1.619290 3.875518 -6.883843 1.824572 10.303947 -3.132863 0.992431
Car -1 -1 -10 245.000000 191.000000 439.000000 254.000000 1.476831 1.634805 4.131107 -6.672954 1.922209 17.388055 -3.148034 0.989095
Car -1 -1 -10 967.000000 193.000000 1239.000000 334.000000 1.517283 1.615770 3.769369 6.542229 1.778251 9.092919 -2.059552 0.981034
Car -1 -1 -10 313.000000 186.000000 481.000000 236.000000 1.493362 1.598612 4.008848 -6.397024 1.946619 23.650783 0.119367 0.977256
Car -1 -1 -10 642.000000 184.000000 691.000000 221.000000 1.463687 1.633136 4.009978 2.289729 2.025108 31.268118 -1.616245 0.975010
Car -1 -1 -10 429.000000 186.000000 523.000000 218.000000 1.593208 1.588436 3.818203 -5.793257 2.236197 36.225343 -3.226060 0.593324
Car -1 -1 -10 133.000000 194.000000 342.000000 283.000000 1.484606 1.606802 3.979005 -6.943748 1.837986 12.576284 -3.128263 0.533556
Car -1 -1 -10 4.000000 165.000000 194.000000 346.000000 1.475756 1.588517 3.757577 -4.687231 1.421801 4.577901 1.599560 0.335517
Car -1 -1 -10 382.000000 185.000000 506.000000 226.000000 1.578829 1.614715 3.788829 -6.745107 2.101348 28.443727 0.153986 0.175282
