Pedestrian -1 -1 -10 658.000000 162.000000 698.000000 274.000000 1.776113 0.569243 1.060556 1.190297 1.495042 11.389434 -2.445895 0.998250
Pedestrian -1 -1 -10 560.000000 161.000000 611.000000 309.000000 1.719706 0.633320 0.854202 -0.198336 1.527436 8.647753 -1.915247 0.997379
Pedestrian -1 -1 -10 926.000000 151.000000 1075.000000 374.000000 1.652202 0.683576 0.852806 2.441793 1.445438 4.411488 -1.559520 0.996768
Pedestrian -1 -1 -10 737.000000 168.000000 801.000000 338.000000 1.763737 0.602038 0.988112 1.670188 1.578662 7.070378 -2.398907 0.994163
Pedestrian -1 -1 -10 771.000000 163.000000 827.000000 329.000000 1.677459 0.598315 0.730054 2.114331 1.547268 7.929846 -1.864055 0.982993
Pedestrian -1 -1 -10 891.000000 160.000000 964.000000 373.000000 1.677182 0.591461 0.743119 2.731325 1.486575 5.923255 1.627885 0.968792
Pedestrian -1 -1 -10 701.000000 166.000000 744.000000 267.000000 1.798276 0.644045 1.096807 2.127328 1.545290 12.304292 -2.443198 0.960975
Pedestrian -1 -1 -10 792.000000 161.000000 835.000000 297.000000 1.755905 0.629379 0.841237 2.772566 1.439808 9.377820 -1.391285 0.932050
Pedestrian -1 -1 -10 613.000000 167.000000 638.000000 218.000000 1.733544 0.642769 0.967427 0.745776 1.232766 23.396473 -2.012677 0.696644
Pedestrian -1 -1 -10 575.000000 164.000000 600.000000 226.000000 1.819992 0.644406 0.784802 -0.674314 0.741113 45.164373 2.504052 0.274257
Pedestrian -1 -1 -10 656.000000 164.000000 674.000000 219.000000 1.779648 0.585659 0.830008 2.119323 1.126221 25.702307 -0.604788 0.256212
Pedestrian -1 -1 -10 517.000000 167.000000 527.000000 199.000000 1.715663 0.652325 0.628117 -4.188764 0.497653 38.021041 2.561113 0.162725
Pedestrian -1 -1 -10 406.000000 157.000000 458.000000 259.000000 1.767728 0.644429 0.926101 -3.166592 1.372606 13.398389 1.290543 0.144985
Pedestrian -1 -1 -10 734.000000 171.000000 774.000000 282.000000 1.703255 0.613820 0.661823 2.019659 1.450829 9.677801 0.750027 0.137988
Car -1 -1 -10 490.000000 173.000000 569.000000 233.000000 1.550323 1.632660 3.943242 -1.930822 1.323558 20.147103 1.624629 0.998930
Car -1 -1 -10 516.000000 173.000000 569.000000 211.000000 1.467213 1.544377 3.885356 -1.830152 1.252845 20.542005 1.606567 0.010941
Cyclist -1 -1 -10 403.000000 158.000000 463.000000 261.000000 1.750037 0.535143 1.714673 -3.218505 1.364347 13.465367 1.217908 0.970704
Cyclist -1 -1 -10 732.000000 169.000000 770.000000 262.000000 1.720364 0.689576 1.608099 2.214626 1.861448 12.456768 3.324842 0.053954
Cyclist -1 -1 -10 572.000000 165.000000 602.000000 226.000000 1.736262 0.558356 1.347523 -0.839714 0.907558 46.931197 -1.568372 0.047998
Cyclist -1 -1 -10 570.000000 166.000000 586.000000 212.000000 1.677954 0.514024 1.434748 -0.928449 0.268083 45.414219 -1.649782 0.036635
Cyclist -1 -1 -10 564.000000 163.000000 609.000000 299.000000 1.769249 0.570551 1.717005 -0.272498 1.546404 8.675015 -1.961083 0.030003
Cyclist -1 -1 -10 705.000000 166.000000 748.000000 271.000000 1.750284 0.616069 1.787109 2.036763 1.467044 12.390083 1.021449 0.023149
Cyclist -1 -1 -10 114.000000 211.000000 331.000000 371.000000 1.630331 0.661487 1.747376 -2.845291 1.626274 5.650414 2.538160 0.020129
Cyclist -1 -1 -10 937.000000 159.000000 1043.000000 332.000000 1.671740 0.630045 1.762680 2.320489 1.334721 4.530724 -0.991214 0.011961
Cyclist -1 -1 -10 656.000000 164.000000 674.000000 219.000000 1.811784 0.605189 1.779919 2.001770 1.218938 25.833355 -0.940655 0.011417
