Pedestrian -1 -1 -10 43.000000 161.000000 97.000000 315.000000 1.696555 0.620491 0.603999 -4.496266 1.489405 6.385159 -1.600290 0.254531
Pedestrian -1 -1 -10 10.000000 175.000000 114.000000 291.000000 1.717421 0.719312 0.754458 -12.351479 1.876197 15.645918 -1.906397 0.026284
Pedestrian -1 -1 -10 700.000000 173.000000 732.000000 208.000000 1.745053 0.654086 0.689823 4.275936 1.533792 27.705221 2.722449 0.025323
Car -1 -1 -10 675.000000 175.000000 817.000000 270.000000 1.486540 1.631111 3.932178 2.187301 1.495263 12.675762 -1.613090 0.999591
Car -1 -1 -10 633.000000 172.000000 704.000000 221.000000 1.545930 1.639005 3.947781 1.909216 1.531469 25.231257 -1.692758 0.997785
Car -1 -1 -10 485.000000 172.000000 539.000000 223.000000 1.546070 1.630825 3.671016 -3.441959 1.669569 25.991098 -1.642332 0.997761
Car -1 -1 -10 84.000000 186.000000 283.000000 260.000000 1.513494 1.611459 3.926936 -9.350246 1.869236 16.278361 -3.140797 0.995300
Car -1 -1 -10 -4.000000 203.000000 261.000000 372.000000 1.515156 1.642686 3.896266 -3.560365 1.702358 3.807129 -1.667624 0.983509
Car -1 -1 -10 528.000000 176.000000 553.000000 205.000000 1.544825 1.602350 3.645362 -3.608202 1.834670 40.030809 -1.648761 0.587161
Car -1 -1 -10 623.000000 173.000000 673.000000 209.000000 1.602953 1.529183 3.506211 1.622456 1.618415 31.269415 -1.635784 0.521455
Car -1 -1 -10 617.000000 169.000000 656.000000 202.000000 1.723409 1.682583 3.955998 1.570827 1.645914 41.680338 -1.627385 0.480196
Car -1 -1 -10 6.000000 180.000000 168.000000 329.000000 1.534880 1.673468 3.572863 -13.179667 1.435386 18.636526 0.441139 0.146554
Car -1 -1 -10 18.000000 174.000000 118.000000 283.000000 1.505028 1.563910 3.581193 -13.379096 1.715302 16.558724 0.315933 0.070333
Car -1 -1 -10 610.000000 169.000000 640.000000 196.000000 1.543465 1.560810 3.618425 1.177719 1.496754 41.777376 2.004673 0.054535
Car -1 -1 -10 506.000000 174.000000 544.000000 208.000000 1.512508 1.606115 3.760119 -4.397619 1.871607 39.990919 -1.653362 0.034700
Cyclist -1 -1 -10 25.000000 163.000000 107.000000 294.000000 1.740178 0.679967 1.767200 -12.414683 1.774371 15.894933 -1.818311 0.045007
Cyclist -1 -1 -10 701.000000 173.000000 731.000000 208.000000 1.651551 0.530429 1.688789 4.503381 1.183200 27.846134 -1.918595 0.043723
