Car -1 -1 -10 73.000000 187.000000 412.000000 286.000000 1.522510 1.662094 4.275805 -5.903610 1.774424 11.704481 0.087248 0.999537
Car -1 -1 -10 748.000000 189.000000 1093.000000 374.000000 1.513277 1.642489 4.228690 2.859970 1.777319 7.830104 -1.592402 0.999477
Car -1 -1 -10 691.000000 183.000000 785.000000 240.000000 1.432353 1.614404 3.888625 3.223916 1.609599 18.439624 -1.582143 0.998694
Car -1 -1 -10 657.000000 172.000000 698.000000 206.000000 1.584606 1.672343 4.137835 3.479947 1.642759 38.123153 -1.572266 0.993647
Car -1 -1 -10 449.000000 173.000000 535.000000 208.000000 1.528155 1.603683 4.030832 -6.146605 1.535026 33.013583 -3.117019 0.937374
Car -1 -1 -10 221.000000 174.000000 407.000000 249.000000 1.721144 1.686509 4.180615 -6.019954 1.625892 16.271186 -3.383773 0.907952
Car -1 -1 -10 0.000000 209.000000 109.000000 374.000000 1.444968 1.595865 3.917546 -6.477567 1.810683 6.086632 -2.907677 0.696692
Car -1 -1 -10 418.000000 178.000000 524.000000 219.000000 1.527351 1.540722 3.796123 -4.579620 1.902810 30.109546 -3.210121 0.452047
Car -1 -1 -10 479.000000 172.000000 555.000000 202.000000 1.603825 1.572222 3.711168 -5.527651 1.741025 43.421422 -3.144658 0.441687
Car -1 -1 -10 374.000000 178.000000 479.000000 232.000000 1.507343 1.594914 3.737523 -5.493121 1.657392 21.677065 -3.191539 0.230551
