Car -1 -1 -10 766.000000 176.000000 1024.000000 338.000000 1.475784 1.641039 4.068420 3.099911 1.591758 8.744349 -1.559938 0.999635
Car -1 -1 -10 403.000000 184.000000 479.000000 233.000000 1.549768 1.604689 3.845379 -5.644755 1.930967 24.584335 1.572646 0.998961
Car -1 -1 -10 1009.000000 143.000000 1242.000000 256.000000 1.584176 1.626263 4.101428 8.371084 1.115218 10.776688 3.192621 0.983411
Car -1 -1 -10 449.000000 183.000000 502.000000 222.000000 1.514372 1.583821 3.832960 -5.597538 1.968813 29.948545 1.576027 0.969178
Car -1 -1 -10 177.000000 184.000000 378.000000 293.000000 1.672703 1.634765 3.890894 -5.910349 1.915250 13.137658 -1.525937 0.772997
Car -1 -1 -10 656.000000 174.000000 689.000000 199.000000 1.561866 1.595611 3.680273 3.818451 1.684891 42.810456 -1.595155 0.489615
Car -1 -1 -10 747.000000 161.000000 846.000000 194.000000 1.544050 1.642701 4.127272 9.999965 1.103018 36.714412 3.301641 0.473899
Car -1 -1 -10 13.000000 229.000000 236.000000 341.000000 1.496516 1.607427 3.854936 -5.868140 2.080043 10.008065 -1.540036 0.401736
Car -1 -1 -10 472.000000 183.000000 514.000000 216.000000 1.464302 1.535249 3.708972 -5.564642 1.963160 34.863052 1.577615 0.354214
Car -1 -1 -10 1027.000000 147.000000 1134.000000 184.000000 1.602146 1.672467 4.212002 23.465435 0.678452 35.837526 -0.015542 0.347651
Car -1 -1 -10 492.000000 182.000000 531.000000 208.000000 1.539838 1.618512 4.092928 -5.507449 1.919028 40.801409 1.572360 0.254881
Car -1 -1 -10 722.000000 164.000000 807.000000 191.000000 1.507039 1.564460 4.067121 8.087945 1.522529 42.693036 1.250922 0.107194
