Pedestrian -1 -1 -10 802.000000 143.000000 850.000000 272.000000 1.808470 0.660347 0.934580 3.219421 1.324362 10.497585 1.434410 0.997485
Pedestrian -1 -1 -10 1053.000000 137.000000 1111.000000 284.000000 1.776699 0.563929 0.953239 5.756491 1.253432 8.724527 1.073524 0.989322
Pedestrian -1 -1 -10 367.000000 164.000000 419.000000 310.000000 1.745378 0.684916 0.752267 -2.879242 1.540106 10.533206 2.725844 0.941863
Pedestrian -1 -1 -10 494.000000 166.000000 512.000000 214.000000 1.760714 0.646295 0.760607 -3.793715 1.211418 27.544926 1.377779 0.928002
Pedestrian -1 -1 -10 1149.000000 140.000000 1235.000000 312.000000 1.688078 0.612802 0.708433 6.116931 1.295296 7.399875 3.487967 0.788721
Pedestrian -1 -1 -10 355.000000 162.000000 390.000000 304.000000 1.686771 0.680186 0.706235 -2.671673 1.379048 8.163804 0.129095 0.700617
Pedestrian -1 -1 -10 599.000000 165.000000 617.000000 219.000000 1.771048 0.639533 0.874066 0.231693 1.164280 23.976226 -1.521181 0.506339
Pedestrian -1 -1 -10 388.000000 163.000000 427.000000 277.000000 1.712697 0.580777 0.558619 -3.153979 1.457379 10.843404 2.332929 0.304218
Pedestrian -1 -1 -10 578.000000 163.000000 598.000000 221.000000 1.708312 0.647611 0.882899 -0.477935 1.173274 23.782388 -1.999584 0.176706
Pedestrian -1 -1 -10 360.000000 161.000000 452.000000 254.000000 1.737246 0.598766 0.796150 -4.420399 1.486445 16.397267 -3.365657 0.143841
Pedestrian -1 -1 -10 629.000000 162.000000 646.000000 209.000000 1.753987 0.641362 0.724889 1.592071 0.925306 30.577707 -1.601127 0.089250
Pedestrian -1 -1 -10 686.000000 177.000000 710.000000 233.000000 1.680749 0.545194 0.537650 3.363773 1.188441 23.467281 2.756076 0.076494
Pedestrian -1 -1 -10 301.000000 165.000000 432.000000 293.000000 1.730111 0.660488 0.807696 -2.665181 1.505776 8.877577 -2.346553 0.031561
Pedestrian -1 -1 -10 1209.000000 131.000000 1236.000000 196.000000 1.744804 0.660626 0.538461 10.297984 0.690649 11.879165 1.814863 0.030118
Pedestrian -1 -1 -10 717.000000 176.000000 739.000000 222.000000 1.692858 0.590545 0.666364 2.575419 1.752833 14.010294 -2.006846 0.020890
Pedestrian -1 -1 -10 396.000000 164.000000 420.000000 242.000000 1.724684 0.601977 0.701027 -4.385561 1.313958 16.124292 2.367109 0.013555
Car -1 -1 -10 6.000000 150.000000 394.000000 372.000000 1.618785 1.660348 4.099270 -2.662276 1.512460 3.961755 1.547569 0.989835
Car -1 -1 -10 423.000000 162.000000 492.000000 219.000000 1.683567 1.628614 4.000736 -5.223336 0.992343 27.704541 1.540396 0.368970
Car -1 -1 -10 379.000000 160.000000 468.000000 234.000000 1.933400 1.761783 4.289988 -5.210103 1.251484 20.865702 1.484030 0.342294
Car -1 -1 -10 305.000000 164.000000 430.000000 308.000000 1.653364 1.509281 3.217220 -3.566147 1.491229 9.251625 -1.814230 0.012655
Cyclist -1 -1 -10 362.000000 166.000000 424.000000 297.000000 1.724262 0.647883 1.719130 -3.386583 1.580381 10.796870 2.792783 0.028135
Cyclist -1 -1 -10 494.000000 167.000000 512.000000 214.000000 1.759835 0.601977 1.730745 -3.783265 1.226649 27.601095 1.078924 0.020230
Cyclist -1 -1 -10 1209.000000 131.000000 1236.000000 196.000000 1.761624 0.670541 1.496652 10.360240 0.508795 12.279887 1.699871 0.012302
Cyclist -1 -1 -10 367.000000 161.000000 467.000000 234.000000 1.715406 0.688145 1.833921 -4.650462 1.489372 19.133272 -2.973850 0.011064
