Pedestrian -1 -1 -10 1.000000 192.000000 66.000000 369.000000 1.710080 0.601421 0.789820 -5.073042 2.088504 6.278913 -2.768036 0.080073
Car -1 -1 -10 -8.000000 194.000000 344.000000 304.000000 1.463624 1.603542 3.975973 -6.246088 1.774102 10.543331 -3.152008 0.999596
Car -1 -1 -10 692.000000 188.000000 818.000000 270.000000 1.469770 1.619553 3.799917 2.814181 1.794089 14.669697 -1.719124 0.999567
Car -1 -1 -10 651.000000 181.000000 717.000000 229.000000 1.485655 1.653792 4.040882 2.321210 1.824022 24.338408 -1.604085 0.998123
Car -1 -1 -10 210.000000 189.000000 428.000000 250.000000 1.457847 1.603190 3.977684 -6.659191 1.777865 17.260858 -3.083077 0.975442
Car -1 -1 -10 291.000000 185.000000 456.000000 238.000000 1.519930 1.579464 3.726433 -6.622897 1.880056 20.193392 -3.262437 0.916792
Car -1 -1 -10 377.000000 182.000000 506.000000 224.000000 1.534466 1.592127 4.107000 -6.300380 2.143921 28.213681 0.085519 0.890132
Car -1 -1 -10 116.000000 189.000000 378.000000 273.000000 1.535367 1.536758 4.031891 -6.425850 1.835988 13.082675 -0.078216 0.716493
Car -1 -1 -10 0.000000 196.000000 61.000000 368.000000 1.484209 1.606302 3.898025 -6.854252 1.738309 5.658075 -3.140126 0.277436
Car -1 -1 -10 642.000000 180.000000 679.000000 210.000000 1.482226 1.608335 3.929621 2.487299 1.787218 35.097736 -1.623151 0.090013
