Pedestrian -1 -1 -10 571.000000 146.000000 623.000000 307.000000 1.754292 0.691119 0.806059 -0.170569 1.397046 8.116496 1.059965 0.996046
Pedestrian -1 -1 -10 738.000000 138.000000 795.000000 300.000000 1.802408 0.712022 0.850855 1.891895 1.322041 8.507906 1.276567 0.995769
Pedestrian -1 -1 -10 688.000000 150.000000 739.000000 305.000000 1.724833 0.605688 0.759157 1.147628 1.342743 8.380608 1.286144 0.994144
Pedestrian -1 -1 -10 495.000000 149.000000 586.000000 368.000000 1.675006 0.620867 0.725735 -0.532970 1.561777 4.676260 0.934392 0.992750
Pedestrian -1 -1 -10 1113.000000 153.000000 1220.000000 367.000000 1.641047 0.578419 0.667699 3.253307 1.446293 4.024872 1.185476 0.986874
Pedestrian -1 -1 -10 959.000000 135.000000 1079.000000 368.000000 1.655144 0.478831 0.538187 1.306577 1.289525 2.435863 1.165833 0.986296
Pedestrian -1 -1 -10 808.000000 131.000000 1093.000000 362.000000 1.717821 0.574288 0.721481 1.203214 1.469187 2.432172 0.974139 0.981820
Pedestrian -1 -1 -10 790.000000 158.000000 908.000000 370.000000 1.704823 0.615027 0.737939 1.228815 1.562255 3.624419 0.869283 0.978022
Pedestrian -1 -1 -10 862.000000 126.000000 988.000000 366.000000 1.722649 0.644588 0.655083 1.255555 1.428081 2.568704 -0.999512 0.972063
Pedestrian -1 -1 -10 602.000000 140.000000 627.000000 211.000000 1.783042 0.589896 0.992838 0.296786 0.682156 19.382194 -2.633539 0.832229
Pedestrian -1 -1 -10 816.000000 133.000000 876.000000 260.000000 1.762738 0.712346 0.934708 2.943687 1.207347 8.741020 1.504350 0.824821
Pedestrian -1 -1 -10 615.000000 147.000000 636.000000 207.000000 1.730100 0.563945 0.857868 0.551943 0.887116 19.948783 0.651182 0.619982
Pedestrian -1 -1 -10 245.000000 135.000000 282.000000 254.000000 1.847149 0.661062 0.905453 -5.704919 1.051777 11.820544 0.114948 0.613482
Pedestrian -1 -1 -10 592.000000 141.000000 625.000000 252.000000 1.672997 0.594595 0.556272 0.058391 1.740445 7.258627 2.629077 0.374982
Pedestrian -1 -1 -10 638.000000 145.000000 656.000000 198.000000 1.735813 0.649809 0.572964 1.299355 0.567193 22.095515 2.117932 0.254691
Pedestrian -1 -1 -10 236.000000 126.000000 265.000000 274.000000 1.760466 0.642063 0.700945 -5.758004 1.448345 11.731678 -1.518092 0.223363
Pedestrian -1 -1 -10 551.000000 145.000000 569.000000 195.000000 1.775297 0.670965 0.713038 -1.840535 0.458246 28.806529 0.335485 0.170736
Cyclist -1 -1 -10 535.000000 144.000000 560.000000 191.000000 1.745448 0.593850 1.747019 -2.183046 0.306779 28.761781 1.963778 0.467408
Cyclist -1 -1 -10 288.000000 151.000000 384.000000 212.000000 1.726874 0.551989 1.573473 -4.922113 0.776202 13.611954 -1.314559 0.433744
Cyclist -1 -1 -10 305.000000 147.000000 356.000000 203.000000 1.761151 0.602797 1.665843 -7.942470 0.531692 20.504572 -1.373271 0.272222
Cyclist -1 -1 -10 552.000000 144.000000 569.000000 195.000000 1.755964 0.522975 1.695691 -1.873528 0.438851 28.923326 -2.061040 0.164661
Cyclist -1 -1 -10 269.000000 146.000000 323.000000 217.000000 1.754980 0.527734 1.696116 -7.643709 0.776405 17.430840 -1.087364 0.113153
Cyclist -1 -1 -10 328.000000 150.000000 380.000000 201.000000 1.688652 0.489736 1.344527 -5.703177 0.923748 16.009248 0.635119 0.102413
Cyclist -1 -1 -10 586.000000 143.000000 623.000000 207.000000 1.707827 0.537765 1.701291 0.159002 0.602831 19.390592 -2.109694 0.081250
Cyclist -1 -1 -10 244.000000 132.000000 285.000000 257.000000 1.881937 0.643194 1.789810 -5.748410 1.050326 11.773524 0.668988 0.052145
Cyclist -1 -1 -10 796.000000 155.000000 908.000000 369.000000 1.641590 0.700003 1.730568 1.468435 1.422187 3.443466 0.883369 0.042274
Cyclist -1 -1 -10 811.000000 140.000000 883.000000 285.000000 1.701842 0.669821 1.727033 3.005893 0.998279 8.883660 0.741290 0.041984
Cyclist -1 -1 -10 427.000000 145.000000 451.000000 181.000000 1.756231 0.677702 1.656146 -8.227516 0.124018 34.832145 0.800810 0.028484
Cyclist -1 -1 -10 495.000000 151.000000 592.000000 376.000000 1.701949 0.566751 1.676134 -0.429614 1.491059 4.690418 0.818263 0.011561
