Car -1 -1 -10 854.000000 168.000000 979.000000 215.000000 1.498340 1.614628 3.994357 10.118983 1.360276 23.448616 3.112710 0.998434
Car -1 -1 -10 1011.000000 158.000000 1163.000000 206.000000 1.473730 1.640127 4.069724 15.780343 1.167856 23.659035 3.187182 0.988932
Car -1 -1 -10 94.000000 180.000000 280.000000 250.000000 1.974626 1.746578 4.230199 -12.992186 2.428817 22.582343 -3.121057 0.632737
Car -1 -1 -10 237.000000 187.000000 327.000000 220.000000 1.524544 1.569964 3.767662 -14.035664 2.391180 32.018325 0.680457 0.378111
Car -1 -1 -10 1141.000000 159.000000 1241.000000 229.000000 1.462995 1.599815 3.935725 13.390533 1.244322 14.769875 0.022562 0.084956
Car -1 -1 -10 1.000000 203.000000 29.000000 258.000000 1.457118 1.599193 3.892413 -20.252947 2.641956 22.098052 1.545550 0.057274
Car -1 -1 -10 28.000000 198.000000 108.000000 232.000000 1.617811 1.595504 3.886908 -20.741726 2.807965 28.316229 0.389178 0.037889
Car -1 -1 -10 289.000000 183.000000 385.000000 213.000000 1.480808 1.574881 4.067413 -12.551570 2.454567 35.247498 0.594137 0.019561
Car -1 -1 -10 90.000000 192.000000 198.000000 228.000000 1.474739 1.556705 3.719616 -20.491244 2.314534 31.515604 0.801476 0.011215
Car -1 -1 -10 1197.000000 149.000000 1237.000000 244.000000 1.498038 1.557320 3.628624 12.772160 1.057830 14.463476 2.285970 0.010254
Cyclist -1 -1 -10 773.000000 172.000000 822.000000 210.000000 1.702777 0.693140 1.706555 6.819188 1.721585 26.081851 -0.063526 0.017566
