Pedestrian -1 -1 -10 1040.000000 118.000000 1240.000000 372.000000 1.737399 0.668191 0.720653 2.308503 1.942176 3.024112 2.813040 0.026850
Pedestrian -1 -1 -10 407.000000 185.000000 429.000000 217.000000 1.721374 0.635704 0.649601 -7.318240 1.833746 26.410188 0.282140 0.017064
Car -1 -1 -10 736.000000 186.000000 928.000000 309.000000 1.497947 1.648361 3.888272 2.964946 1.721198 10.595509 -1.604326 0.999646
Car -1 -1 -10 287.000000 186.000000 449.000000 296.000000 1.667122 1.613421 3.924425 -4.247449 1.937642 13.397999 1.583154 0.998889
Car -1 -1 -10 5.000000 180.000000 336.000000 375.000000 1.731071 1.597545 3.785374 -4.401275 1.899427 7.974603 1.562251 0.996588
Car -1 -1 -10 696.000000 183.000000 817.000000 258.000000 1.495412 1.624511 3.835757 3.103042 1.711142 16.488318 -1.608600 0.993256
Car -1 -1 -10 1040.000000 168.000000 1239.000000 368.000000 1.523355 1.642251 3.792226 2.831752 1.584403 1.589909 -1.591435 0.929133
Car -1 -1 -10 630.000000 184.000000 660.000000 209.000000 1.552864 1.616648 3.705067 2.195479 2.286297 45.995166 -1.538596 0.088465
Car -1 -1 -10 651.000000 183.000000 683.000000 218.000000 1.567236 1.608570 3.887629 2.685535 1.854558 31.346236 1.494356 0.028245
Cyclist -1 -1 -10 1037.000000 137.000000 1240.000000 378.000000 1.641724 0.532274 1.644162 2.458236 1.719087 2.444782 -1.548975 0.045729
