Car -1 -1 -10 566.000000 202.000000 957.000000 377.000000 1.464000 1.566109 3.652451 1.111716 1.817072 6.360903 -2.025302 0.999545
Car -1 -1 -10 450.000000 216.000000 669.000000 341.000000 1.472293 1.645378 4.040423 -1.050082 2.145263 10.614976 -2.059793 0.998518
Car -1 -1 -10 336.000000 204.000000 433.000000 275.000000 1.581553 1.618916 3.698402 -6.421669 2.449353 19.147764 -2.070048 0.996061
Car -1 -1 -10 0.000000 234.000000 110.000000 329.000000 1.510205 1.524564 3.686739 -10.809757 2.647041 13.651910 0.979888 0.990535
Car -1 -1 -10 289.000000 212.000000 342.000000 253.000000 1.507083 1.609366 3.934833 -11.967183 2.945133 29.773601 1.575963 0.990494
Car -1 -1 -10 393.000000 212.000000 529.000000 294.000000 1.462192 1.631454 3.955854 -3.278891 2.271277 14.666995 -2.079289 0.990098
Car -1 -1 -10 73.000000 213.000000 159.000000 274.000000 1.655995 1.677188 4.098402 -16.264509 3.034797 23.654622 -2.136672 0.936622
Car -1 -1 -10 142.000000 218.000000 181.000000 245.000000 1.524242 1.504204 3.205060 -16.801082 2.516450 26.267430 1.027383 0.817418
Car -1 -1 -10 309.000000 209.000000 384.000000 263.000000 1.513761 1.505093 3.432961 -8.071064 2.512114 19.794792 -0.935743 0.664396
Car -1 -1 -10 278.000000 214.000000 321.000000 247.000000 1.464414 1.576156 3.802956 -12.232436 3.134757 29.977868 -2.077840 0.244556
Car -1 -1 -10 -1.000000 242.000000 48.000000 373.000000 1.495521 1.595768 3.745083 -7.726859 2.426509 8.343466 -2.097348 0.118662
