Pedestrian -1 -1 -10 1088.000000 187.000000 1239.000000 373.000000 1.745991 0.571388 0.835359 6.603257 1.904913 8.676372 -0.521580 0.601798
Pedestrian -1 -1 -10 727.000000 179.000000 805.000000 239.000000 1.705506 0.680231 0.870889 3.941955 1.792050 19.671647 0.190871 0.018428
Car -1 -1 -10 805.000000 188.000000 1053.000000 333.000000 1.545243 1.643364 4.064783 4.117437 1.838762 9.931393 1.590007 0.999576
Car -1 -1 -10 749.000000 184.000000 864.000000 262.000000 1.455571 1.610673 3.974318 4.053488 1.773328 16.040384 -1.513377 0.994497
Car -1 -1 -10 728.000000 180.000000 804.000000 236.000000 1.482715 1.585873 3.711822 4.450637 1.722734 21.285679 -1.524941 0.988069
Car -1 -1 -10 553.000000 173.000000 595.000000 207.000000 1.546536 1.684288 3.967300 -1.739755 1.577923 33.900857 1.546926 0.971966
Car -1 -1 -10 709.000000 177.000000 765.000000 222.000000 1.567134 1.600618 3.657296 4.730145 1.792235 27.984811 -1.547898 0.938412
Car -1 -1 -10 689.000000 177.000000 738.000000 214.000000 1.523392 1.593844 3.716427 4.603025 1.706158 32.536035 -1.536477 0.749788
Car -1 -1 -10 480.000000 174.000000 555.000000 250.000000 1.532625 1.595210 3.863229 -2.326960 1.609407 17.859645 1.609425 0.571325
Car -1 -1 -10 1017.000000 180.000000 1241.000000 374.000000 1.541905 1.599812 3.721773 3.247445 1.403266 2.268828 -1.586576 0.375336
Car -1 -1 -10 383.000000 155.000000 537.000000 288.000000 1.898908 1.742399 4.492725 -2.472663 1.636851 12.651866 -1.565049 0.267079
Car -1 -1 -10 682.000000 176.000000 719.000000 206.000000 1.506802 1.570149 3.802186 4.956429 1.945381 37.299158 1.572060 0.110352
Cyclist -1 -1 -10 1048.000000 182.000000 1242.000000 373.000000 1.615536 0.512231 1.695457 2.464935 1.600003 3.255360 3.217692 0.545732
