Pedestrian -1 -1 -10 450.000000 156.000000 501.000000 320.000000 1.791412 0.668770 0.816309 -1.532204 1.490353 8.239575 1.443267 0.997852
Pedestrian -1 -1 -10 632.000000 159.000000 657.000000 240.000000 1.786906 0.677984 0.912763 0.889357 1.242704 15.876658 -1.411148 0.996652
Pedestrian -1 -1 -10 393.000000 164.000000 459.000000 329.000000 1.791172 0.713250 0.901478 -1.944783 1.576944 7.677565 1.344222 0.993409
Pedestrian -1 -1 -10 676.000000 159.000000 702.000000 237.000000 1.734362 0.621369 0.827977 1.922903 1.205294 15.758222 -1.888629 0.967380
Pedestrian -1 -1 -10 703.000000 165.000000 725.000000 228.000000 1.710348 0.636525 0.781714 2.929050 1.159797 18.506685 -1.487492 0.859206
Pedestrian -1 -1 -10 626.000000 160.000000 645.000000 223.000000 1.707050 0.605855 0.681738 0.911416 1.159366 15.392674 2.631386 0.656107
Pedestrian -1 -1 -10 5.000000 244.000000 169.000000 370.000000 1.723670 0.659365 0.557984 -2.930352 2.013123 3.987302 2.062954 0.571135
Pedestrian -1 -1 -10 495.000000 163.000000 514.000000 216.000000 1.746533 0.619286 0.866511 -3.555069 1.232997 25.537224 2.534302 0.533896
Pedestrian -1 -1 -10 159.000000 232.000000 322.000000 371.000000 1.682396 0.628411 0.639764 -2.235979 1.962261 4.853690 0.637191 0.480375
Pedestrian -1 -1 -10 388.000000 164.000000 420.000000 253.000000 1.695377 0.616918 0.759654 -4.610522 1.287619 16.335130 -2.387411 0.278483
Pedestrian -1 -1 -10 732.000000 158.000000 753.000000 222.000000 1.635881 0.647103 0.744030 3.902979 0.896881 19.850253 -1.444740 0.067752
Pedestrian -1 -1 -10 1145.000000 153.000000 1233.000000 363.000000 1.683852 0.559858 0.555737 4.085240 1.864868 4.667052 -0.412534 0.055693
Pedestrian -1 -1 -10 672.000000 162.000000 691.000000 219.000000 1.702634 0.653232 0.662915 2.051147 1.338659 18.700226 2.661803 0.030683
Pedestrian -1 -1 -10 740.000000 155.000000 764.000000 223.000000 1.791419 0.649373 0.644269 4.216790 1.052926 21.012475 -1.900709 0.017113
Pedestrian -1 -1 -10 1203.000000 117.000000 1236.000000 325.000000 1.696820 0.525476 0.575485 9.984570 1.479950 11.159113 3.708471 0.014530
Pedestrian -1 -1 -10 348.000000 191.000000 387.000000 291.000000 1.711193 0.708440 0.567884 -3.722174 1.775309 11.612677 -1.465865 0.013990
Car -1 -1 -10 567.000000 170.000000 600.000000 196.000000 1.517249 1.599780 3.739815 -1.106809 0.903331 43.269473 1.642420 0.997485
Car -1 -1 -10 1088.000000 179.000000 1234.000000 367.000000 1.569762 1.625679 3.649483 2.648932 1.601015 1.701544 -1.423219 0.064140
Cyclist -1 -1 -10 0.000000 242.000000 172.000000 373.000000 1.656074 0.618775 1.647117 -2.960115 1.896242 3.998574 1.467102 0.226351
Cyclist -1 -1 -10 733.000000 160.000000 763.000000 223.000000 1.755077 0.667933 1.690477 3.891340 0.920254 19.947343 -1.910179 0.123692
Cyclist -1 -1 -10 157.000000 230.000000 323.000000 370.000000 1.666463 0.709518 1.770392 -2.249454 1.869074 4.854724 0.386406 0.120369
Cyclist -1 -1 -10 1146.000000 158.000000 1235.000000 367.000000 1.722119 0.555436 1.432471 3.599745 1.546157 4.141963 -0.259944 0.094015
Cyclist -1 -1 -10 1041.000000 188.000000 1243.000000 367.000000 1.642584 0.483096 1.621931 2.293148 1.775783 3.404734 1.722739 0.074765
Cyclist -1 -1 -10 734.000000 166.000000 796.000000 238.000000 1.647482 0.625585 1.713273 2.841263 1.528644 13.218843 1.260946 0.018039
Cyclist -1 -1 -10 977.000000 180.000000 1161.000000 364.000000 1.745074 0.624772 1.604004 2.759136 1.709214 4.513512 1.537171 0.010479
