Pedestrian -1 -1 -10 1208.000000 153.000000 1241.000000 271.000000 1.748563 0.618421 0.805352 8.533588 1.461140 9.986093 1.237600 0.453942
Pedestrian -1 -1 -10 1149.000000 151.000000 1219.000000 266.000000 1.693551 0.594342 0.837617 8.050095 1.329238 9.967353 -1.441323 0.203909
Pedestrian -1 -1 -10 1168.000000 157.000000 1240.000000 243.000000 1.722522 0.609085 0.837336 8.477975 1.398683 10.017532 1.232764 0.036392
Pedestrian -1 -1 -10 1056.000000 147.000000 1232.000000 291.000000 1.674277 0.679032 0.818245 6.060087 1.342122 8.239819 -1.414267 0.022000
Pedestrian -1 -1 -10 1166.000000 155.000000 1188.000000 212.000000 1.683280 0.612588 0.624023 36.532574 0.821262 46.536518 3.189121 0.014324
Pedestrian -1 -1 -10 1183.000000 162.000000 1240.000000 206.000000 1.746555 0.609148 0.590880 34.602622 2.814396 41.348393 -0.816190 0.013039
Cyclist -1 -1 -10 1064.000000 144.000000 1217.000000 306.000000 1.765590 0.475071 1.748236 6.014653 1.423709 8.230410 -1.544036 0.999840
Cyclist -1 -1 -10 810.000000 165.000000 831.000000 214.000000 1.712162 0.507049 1.682693 7.341999 1.413124 25.355471 -1.647000 0.935261
Cyclist -1 -1 -10 1124.000000 153.000000 1224.000000 272.000000 1.756993 0.491868 1.745439 8.061789 1.428792 10.163965 -0.509145 0.745262
Cyclist -1 -1 -10 1208.000000 145.000000 1242.000000 273.000000 1.759473 0.576468 1.706012 8.565659 1.439068 10.009631 1.715906 0.326861
Cyclist -1 -1 -10 1169.000000 156.000000 1236.000000 252.000000 1.734711 0.445350 1.679388 8.344347 1.336824 10.136798 -0.460427 0.179379
Cyclist -1 -1 -10 1188.000000 162.000000 1241.000000 218.000000 1.669875 0.530954 1.533732 34.858315 2.696270 41.743370 -0.884093 0.036092
Cyclist -1 -1 -10 1091.000000 165.000000 1204.000000 214.000000 1.701337 0.524787 1.531737 10.160581 1.034191 13.027501 -0.273409 0.032004
Cyclist -1 -1 -10 1068.000000 165.000000 1163.000000 204.000000 1.688702 0.502604 1.495933 10.218555 1.380435 14.051405 -1.585430 0.014726
