Pedestrian -1 -1 -10 1152.000000 136.000000 1201.000000 236.000000 1.700274 0.640181 0.874212 9.932337 0.938191 12.330152 -0.352283 0.956306
Pedestrian -1 -1 -10 1190.000000 137.000000 1223.000000 235.000000 1.732887 0.589356 0.749220 9.956784 0.975660 11.843551 0.122828 0.869916
Pedestrian -1 -1 -10 1172.000000 140.000000 1213.000000 224.000000 1.752513 0.641156 0.702597 9.910219 0.757752 12.293758 3.345829 0.113305
Pedestrian -1 -1 -10 881.000000 153.000000 900.000000 196.000000 1.761609 0.574813 0.883118 13.383328 0.481050 33.453457 1.044903 0.017178
Pedestrian -1 -1 -10 1183.000000 146.000000 1214.000000 195.000000 1.743782 0.604455 0.823009 27.116813 -0.165472 32.840245 0.616589 0.016745
Pedestrian -1 -1 -10 1171.000000 141.000000 1197.000000 202.000000 1.641500 0.606120 0.641150 7.796169 0.642233 9.506404 0.756664 0.013257
Car -1 -1 -10 633.000000 168.000000 769.000000 216.000000 1.545442 1.647705 4.137580 3.265810 1.182718 23.068152 0.333010 0.999271
Car -1 -1 -10 -1.000000 204.000000 294.000000 365.000000 1.518849 1.619093 3.818249 -3.285276 1.632958 3.582509 -1.574219 0.977375
Cyclist -1 -1 -10 1189.000000 137.000000 1223.000000 237.000000 1.727704 0.478645 1.687305 10.046072 1.007851 11.873877 -1.248728 0.115202
Cyclist -1 -1 -10 1152.000000 136.000000 1207.000000 240.000000 1.711277 0.408723 1.646264 9.886021 0.956563 12.332113 -1.371862 0.034750
Cyclist -1 -1 -10 18.000000 199.000000 278.000000 360.000000 1.662473 0.633446 1.773073 -2.657069 1.650311 3.737074 -1.569588 0.017752
Cyclist -1 -1 -10 1176.000000 141.000000 1219.000000 201.000000 1.713026 0.547550 1.494999 11.573150 1.152039 13.351047 -0.229701 0.016858
