Pedestrian -1 -1 -10 734.000000 164.000000 743.000000 191.000000 1.777457 0.630766 0.722931 9.046841 1.474347 50.606102 1.346607 0.264477
Car -1 -1 -10 652.000000 166.000000 700.000000 206.000000 1.648271 1.679762 4.082466 3.153962 1.415356 32.580862 1.693421 0.999332
Car -1 -1 -10 801.000000 176.000000 870.000000 239.000000 1.592007 1.612258 3.445876 6.086766 1.759933 19.442437 -1.374871 0.999180
Car -1 -1 -10 496.000000 174.000000 630.000000 270.000000 1.499233 1.605960 3.823525 -0.695721 1.558024 13.054015 -1.414576 0.998928
Car -1 -1 -10 128.000000 173.000000 511.000000 375.000000 1.552807 1.588468 3.750740 -2.181251 1.573244 6.245781 1.762348 0.997286
Car -1 -1 -10 892.000000 201.000000 1244.000000 374.000000 1.490234 1.595977 3.667231 3.197872 1.736294 5.246636 -1.386754 0.991249
Car -1 -1 -10 509.000000 163.000000 607.000000 228.000000 1.531395 1.573808 3.752285 -1.657081 1.254302 25.772591 1.934968 0.975170
Car -1 -1 -10 679.000000 168.000000 713.000000 199.000000 1.557388 1.632038 3.965495 4.886593 1.495936 40.171115 -1.357974 0.949163
Car -1 -1 -10 5.000000 234.000000 165.000000 367.000000 1.511674 1.609169 3.822569 -3.036714 1.583673 1.484477 -1.533570 0.398889
Car -1 -1 -10 795.000000 176.000000 845.000000 224.000000 1.505855 1.569357 3.615519 6.754440 1.792181 23.932619 -1.339520 0.258867
Cyclist -1 -1 -10 733.000000 164.000000 744.000000 191.000000 1.740915 0.597607 1.716091 9.209381 1.397240 50.688149 1.242705 0.527538
