Pedestrian -1 -1 -10 773.000000 176.000000 805.000000 271.000000 1.668347 0.566044 0.716089 3.071207 1.704168 12.471265 -0.924481 0.705311
Pedestrian -1 -1 -10 802.000000 167.000000 853.000000 303.000000 1.671137 0.629120 0.748749 2.745907 1.613095 9.117095 -0.893700 0.058756
Pedestrian -1 -1 -10 807.000000 176.000000 839.000000 213.000000 1.605577 0.599654 0.655936 4.428602 0.912725 14.651523 0.355564 0.022933
Pedestrian -1 -1 -10 805.000000 176.000000 845.000000 247.000000 1.683280 0.612588 0.624024 4.479328 2.278153 13.822665 2.811934 0.013620
Car -1 -1 -10 578.000000 180.000000 633.000000 217.000000 1.482060 1.587048 3.919597 -0.125211 1.858427 31.875071 1.772048 0.998947
Car -1 -1 -10 141.000000 193.000000 437.000000 367.000000 1.489560 1.579001 3.741160 -3.295010 1.802608 8.163663 1.634890 0.998084
Car -1 -1 -10 379.000000 174.000000 473.000000 217.000000 1.544054 1.607843 3.933769 -7.381367 1.683218 27.208556 -3.119944 0.969142
Car -1 -1 -10 605.000000 176.000000 652.000000 213.000000 1.574705 1.616351 4.136538 1.025504 1.855370 36.006084 1.775286 0.929509
Car -1 -1 -10 635.000000 178.000000 676.000000 205.000000 1.530797 1.571927 3.880012 3.116118 1.948244 44.989762 1.801557 0.629918
Car -1 -1 -10 756.000000 173.000000 786.000000 202.000000 1.446309 1.632607 3.858748 10.047356 1.796984 42.811347 -1.387610 0.606426
Car -1 -1 -10 950.000000 176.000000 1079.000000 219.000000 1.528323 1.499017 3.391709 12.975669 1.625963 25.240606 1.571847 0.074023
Car -1 -1 -10 832.000000 146.000000 950.000000 196.000000 2.257538 1.820719 4.706734 14.105872 1.128508 38.207551 0.083179 0.029952
Cyclist -1 -1 -10 797.000000 165.000000 864.000000 316.000000 1.759601 0.537455 1.787361 2.679962 1.696532 9.160948 -1.343808 0.999097
Cyclist -1 -1 -10 772.000000 176.000000 805.000000 272.000000 1.683987 0.518001 1.842001 3.028301 1.730998 12.512084 -1.341958 0.773336
Cyclist -1 -1 -10 805.000000 173.000000 840.000000 227.000000 1.714025 0.532514 1.556683 3.423257 1.528650 10.989831 -0.635755 0.016031
