Car -1 -1 -10 561.000000 179.000000 620.000000 235.000000 1.531593 1.650908 3.622536 -0.564388 1.406166 22.931396 -1.601889 0.999374
Car -1 -1 -10 483.000000 180.000000 544.000000 227.000000 1.543717 1.635928 3.974460 -3.294497 1.379463 25.581026 -1.581938 0.999001
Car -1 -1 -10 339.000000 176.000000 493.000000 286.000000 1.571150 1.624593 3.927396 -3.232855 1.480520 12.614833 -1.599773 0.998941
Car -1 -1 -10 15.000000 194.000000 369.000000 373.000000 1.553356 1.639037 4.034207 -3.183108 1.660194 4.835338 -1.566865 0.996225
Car -1 -1 -10 332.000000 179.000000 412.000000 234.000000 1.600468 1.637356 3.825101 -7.962519 1.541317 24.341431 -1.315137 0.965017
Car -1 -1 -10 289.000000 185.000000 347.000000 219.000000 1.428529 1.602254 3.691638 -12.587661 1.420012 31.432450 -1.484963 0.955090
Car -1 -1 -10 36.000000 183.000000 284.000000 273.000000 1.462091 1.575803 3.864318 -7.658508 1.407918 12.746169 -1.554157 0.553490
Car -1 -1 -10 118.000000 187.000000 257.000000 250.000000 1.538231 1.588529 3.789365 -12.322173 1.245217 23.065652 -1.620200 0.020820
Car -1 -1 -10 465.000000 179.000000 506.000000 207.000000 1.514853 1.649445 3.767870 -8.649063 1.239196 51.253306 -1.698245 0.014359
Car -1 -1 -10 436.000000 182.000000 477.000000 209.000000 1.508370 1.563001 3.635582 -8.199889 0.960340 37.794428 -1.546352 0.013815
Car -1 -1 -10 3.000000 192.000000 167.000000 365.000000 1.562484 1.574694 3.758863 -7.552937 1.460141 11.622122 -3.196141 0.010691
Car -1 -1 -10 571.000000 180.000000 613.000000 213.000000 1.557929 1.443139 2.966454 -0.501926 1.466746 25.372575 0.945020 0.010169
