Pedestrian -1 -1 -10 770.000000 154.000000 810.000000 261.000000 1.750453 0.677090 0.878440 3.191702 1.267443 12.061100 1.441331 0.855462
Pedestrian -1 -1 -10 504.000000 162.000000 522.000000 213.000000 1.766531 0.644887 0.664779 -3.461743 1.059813 28.021409 1.902612 0.469180
Pedestrian -1 -1 -10 1150.000000 128.000000 1236.000000 328.000000 1.653498 0.541407 0.622022 5.619074 1.097112 6.478050 3.200323 0.422921
Pedestrian -1 -1 -10 597.000000 163.000000 609.000000 193.000000 1.772600 0.666880 0.776588 0.002740 0.627054 43.539910 -2.081895 0.230026
Pedestrian -1 -1 -10 614.000000 164.000000 623.000000 194.000000 1.749940 0.623788 0.638607 1.055028 0.642169 43.051594 -1.578333 0.183959
Pedestrian -1 -1 -10 559.000000 163.000000 576.000000 196.000000 1.746211 0.657494 0.712692 -2.216321 0.725441 44.002938 -1.157582 0.056033
Pedestrian -1 -1 -10 604.000000 164.000000 614.000000 193.000000 1.793956 0.688458 0.833023 0.341877 0.711215 44.630690 -1.107165 0.033807
Pedestrian -1 -1 -10 568.000000 163.000000 577.000000 189.000000 1.770448 0.624037 0.739318 -2.161786 0.440252 56.551126 2.489376 0.031993
Pedestrian -1 -1 -10 1079.000000 150.000000 1232.000000 301.000000 1.736184 0.611697 0.713548 5.328007 1.208194 7.386420 -0.801761 0.028102
Pedestrian -1 -1 -10 537.000000 169.000000 561.000000 202.000000 1.753465 0.559855 0.562453 -2.960254 0.718076 37.580907 -1.612527 0.024613
Pedestrian -1 -1 -10 576.000000 163.000000 584.000000 190.000000 1.729578 0.654983 0.746801 -1.497698 0.584194 53.468092 -2.063070 0.017742
Pedestrian -1 -1 -10 426.000000 154.000000 442.000000 200.000000 1.683280 0.612588 0.624024 -4.399464 1.403680 19.274990 2.294076 0.017665
Pedestrian -1 -1 -10 495.000000 165.000000 527.000000 221.000000 1.767483 0.644472 0.663510 -3.462217 1.060927 28.023177 1.899366 0.017617
Car -1 -1 -10 471.000000 174.000000 582.000000 263.000000 1.535285 1.666409 4.067986 -1.330312 1.398841 13.979387 1.576714 0.999346
Car -1 -1 -10 1042.000000 154.000000 1228.000000 248.000000 1.589939 1.665100 3.991297 6.153858 0.878835 10.697466 -2.454342 0.089340
Car -1 -1 -10 1136.000000 140.000000 1238.000000 314.000000 1.507538 1.525763 3.617337 4.158106 0.801948 6.163214 -0.860187 0.014705
Cyclist -1 -1 -10 1141.000000 138.000000 1236.000000 330.000000 1.718043 0.514160 1.455854 5.796174 0.941523 6.622554 1.691065 0.256410
Cyclist -1 -1 -10 769.000000 156.000000 812.000000 262.000000 1.678373 0.761755 1.741482 3.201423 1.063069 12.190649 1.228699 0.087649
Cyclist -1 -1 -10 557.000000 163.000000 574.000000 201.000000 1.720269 0.575217 1.596847 -2.174107 0.590236 44.480068 1.018854 0.064803
Cyclist -1 -1 -10 497.000000 165.000000 523.000000 215.000000 1.683071 0.578219 1.560878 -3.694865 0.820988 28.266101 -1.681733 0.061242
Cyclist -1 -1 -10 535.000000 167.000000 568.000000 206.000000 1.712338 0.585036 1.650828 -3.130108 0.812762 40.066816 -1.634213 0.052982
Cyclist -1 -1 -10 1052.000000 153.000000 1232.000000 294.000000 1.718228 0.620582 1.709326 5.428161 1.112814 7.658133 1.186512 0.020130
