Pedestrian -1 -1 -10 572.000000 170.000000 583.000000 199.000000 1.836440 0.601616 0.902457 -1.803843 1.055101 45.916117 1.520591 0.211934
Pedestrian -1 -1 -10 509.000000 170.000000 522.000000 203.000000 1.766389 0.605388 0.773431 -5.884547 1.138006 46.139801 -2.223865 0.207511
Pedestrian -1 -1 -10 587.000000 167.000000 602.000000 196.000000 1.778162 0.571814 1.046759 -0.800344 0.976065 47.574842 -0.097713 0.103395
Pedestrian -1 -1 -10 456.000000 172.000000 469.000000 205.000000 1.823800 0.645727 0.843868 -9.148795 1.329895 44.546996 0.400368 0.084860
Pedestrian -1 -1 -10 575.000000 168.000000 599.000000 198.000000 1.838071 0.652205 0.945940 -1.365655 0.955708 47.487800 0.725553 0.020543
Car -1 -1 -10 518.000000 176.000000 555.000000 203.000000 1.483994 1.637613 3.806026 -3.874789 1.260948 40.194537 -1.648059 0.996244
Car -1 -1 -10 918.000000 148.000000 1042.000000 191.000000 1.553326 1.588919 3.928001 14.074712 0.309981 26.173407 3.092922 0.967429
Cyclist -1 -1 -10 388.000000 177.000000 411.000000 216.000000 1.719608 0.484279 1.689541 -10.586185 1.696101 36.255796 -1.559670 0.965521
Cyclist -1 -1 -10 635.000000 168.000000 668.000000 196.000000 1.759240 0.702995 1.839286 2.874902 0.846894 45.182701 0.105991 0.906671
Cyclist -1 -1 -10 578.000000 169.000000 609.000000 197.000000 1.758948 0.694416 1.826633 -0.794824 0.908160 48.034716 -3.131605 0.253429
Cyclist -1 -1 -10 586.000000 168.000000 601.000000 195.000000 1.691677 0.615873 1.764817 -0.700342 0.898845 47.876470 3.003038 0.119488
Cyclist -1 -1 -10 508.000000 171.000000 522.000000 203.000000 1.685807 0.483157 1.471855 -5.865039 1.125813 45.668256 0.043132 0.030936
Cyclist -1 -1 -10 571.000000 170.000000 591.000000 199.000000 1.737254 0.607168 1.705780 -1.763965 0.900887 46.504764 -1.014651 0.023696
