Car -1 -1 -10 555.000000 178.000000 608.000000 227.000000 1.528834 1.620543 3.513316 -0.947827 1.336835 25.556471 -1.630045 0.999472
Car -1 -1 -10 414.000000 175.000000 515.000000 250.000000 1.607906 1.678974 4.025102 -3.406502 1.438654 18.014938 -1.592365 0.999228
Car -1 -1 -10 353.000000 181.000000 421.000000 223.000000 1.493292 1.600567 3.799451 -8.351225 1.369378 27.418972 -1.579612 0.999033
Car -1 -1 -10 158.000000 176.000000 329.000000 260.000000 1.569913 1.616595 3.819464 -7.810954 1.444934 15.706880 -1.571525 0.995188
Car -1 -1 -10 485.000000 182.000000 533.000000 218.000000 1.521885 1.581156 3.663799 -4.390653 1.342146 31.270165 -1.599168 0.982346
Car -1 -1 -10 316.000000 180.000000 365.000000 212.000000 1.528752 1.626470 3.842164 -12.713384 1.341464 35.222908 -1.451885 0.979285
Car -1 -1 -10 147.000000 180.000000 272.000000 237.000000 1.468289 1.599969 3.744094 -12.496909 1.531210 22.571477 -1.486349 0.624602
Car -1 -1 -10 -6.000000 218.000000 198.000000 374.000000 1.548442 1.618054 3.722347 -3.122116 1.580481 2.669130 -1.621526 0.613427
Car -1 -1 -10 0.000000 200.000000 34.000000 268.000000 1.484217 1.504496 3.130996 -16.196299 1.631476 20.221466 0.196698 0.035109
Car -1 -1 -10 3.000000 200.000000 93.000000 370.000000 1.517952 1.585747 3.684208 -3.311934 1.430829 2.437162 -1.630507 0.024678
