Pedestrian -1 -1 -10 656.000000 168.000000 676.000000 218.000000 1.746588 0.584732 0.649487 1.804373 1.423852 22.224718 1.617928 0.307559
Pedestrian -1 -1 -10 117.000000 176.000000 142.000000 227.000000 1.751023 0.665020 0.852707 -16.065709 1.855397 24.347672 -1.681974 0.100414
Pedestrian -1 -1 -10 667.000000 165.000000 699.000000 224.000000 1.791322 0.628919 0.718757 2.133920 1.516314 22.319892 3.182073 0.091041
Pedestrian -1 -1 -10 403.000000 176.000000 426.000000 212.000000 1.778785 0.682342 0.717495 -5.717600 1.675908 21.814306 -0.153482 0.049807
Pedestrian -1 -1 -10 2.000000 186.000000 19.000000 229.000000 1.689762 0.571511 0.611637 -29.939877 2.308162 36.139464 -1.735780 0.010071
Car -1 -1 -10 397.000000 174.000000 521.000000 266.000000 1.611326 1.626235 3.941421 -2.915207 1.611571 14.645477 -1.592660 0.998751
Car -1 -1 -10 587.000000 171.000000 613.000000 198.000000 1.610754 1.630902 4.013386 -0.580653 1.561351 46.900421 -0.611760 0.996362
Car -1 -1 -10 189.000000 186.000000 292.000000 236.000000 1.546970 1.616661 3.949344 -12.494746 2.022227 24.972751 1.565869 0.994193
Cyclist -1 -1 -10 667.000000 161.000000 731.000000 223.000000 1.732362 0.625640 1.774597 2.338490 1.444514 20.789240 -2.449010 0.999580
Cyclist -1 -1 -10 662.000000 165.000000 701.000000 220.000000 1.762195 0.657825 1.759115 2.049550 1.434816 22.545492 2.781469 0.861539
Cyclist -1 -1 -10 656.000000 168.000000 677.000000 217.000000 1.769235 0.627896 1.741245 1.761343 1.417158 22.320836 -1.514103 0.677353
Cyclist -1 -1 -10 674.000000 168.000000 709.000000 203.000000 1.688080 0.541902 1.621656 3.397707 1.765378 30.234901 -0.883764 0.017964
Cyclist -1 -1 -10 403.000000 177.000000 430.000000 214.000000 1.706705 0.653302 1.661446 -5.792128 1.542076 21.927222 -1.212074 0.012735
Cyclist -1 -1 -10 662.000000 168.000000 673.000000 209.000000 1.698796 0.667737 1.586829 1.851080 1.364452 24.021261 1.021533 0.010547
