Pedestrian -1 -1 -10 91.000000 167.000000 142.000000 274.000000 1.658248 0.635725 0.664420 -9.541410 1.110934 14.082361 1.026116 0.070042
Car -1 -1 -10 272.000000 176.000000 414.000000 239.000000 1.559706 1.636258 3.810160 -6.963459 1.746061 19.358005 -3.076085 0.998246
Car -1 -1 -10 743.000000 189.000000 948.000000 331.000000 1.469779 1.572521 3.678811 2.928900 1.727917 9.540559 1.531169 0.992906
Car -1 -1 -10 344.000000 179.000000 475.000000 230.000000 1.482379 1.567524 3.951850 -6.339150 1.460331 23.180843 2.310477 0.979033
Car -1 -1 -10 642.000000 180.000000 679.000000 211.000000 1.429325 1.575458 3.718208 2.847932 1.850868 37.263162 -1.531695 0.965798
Car -1 -1 -10 0.000000 187.000000 163.000000 368.000000 1.471283 1.589902 3.820382 -5.836827 1.574169 6.380074 -3.198255 0.875751
Car -1 -1 -10 396.000000 179.000000 495.000000 222.000000 1.521463 1.579645 3.757269 -5.438453 2.053190 26.698294 -1.191429 0.550728
Car -1 -1 -10 434.000000 178.000000 520.000000 214.000000 1.569816 1.611963 3.776883 -6.733560 1.545760 37.186107 1.840618 0.107292
Car -1 -1 -10 -1.000000 195.000000 78.000000 373.000000 1.496749 1.597555 3.770751 -5.560419 1.249756 5.392209 -2.252872 0.043317
Car -1 -1 -10 858.000000 7.000000 1242.000000 369.000000 1.946804 1.707431 4.105362 2.852504 1.447114 3.548946 -1.581846 0.030267
Car -1 -1 -10 832.000000 183.000000 1044.000000 367.000000 1.536442 1.658402 3.955014 2.732276 1.430283 3.872473 -1.591869 0.029789
Car -1 -1 -10 668.000000 181.000000 727.000000 216.000000 1.487296 1.588563 3.565487 3.418033 1.790974 37.230247 -1.440543 0.029491
Car -1 -1 -10 476.000000 177.000000 545.000000 205.000000 1.587628 1.650102 3.919684 -5.994442 1.545254 41.484140 -3.199118 0.025736
Car -1 -1 -10 652.000000 181.000000 704.000000 211.000000 1.429708 1.572554 3.708388 2.705669 1.844340 37.268144 -1.551288 0.011921
Car -1 -1 -10 672.000000 171.000000 762.000000 227.000000 1.666481 1.639905 3.831173 2.659818 1.566738 21.456820 -1.590888 0.010600
Cyclist -1 -1 -10 73.000000 174.000000 150.000000 277.000000 1.680601 0.560735 1.537508 -9.850937 1.241207 14.276213 -2.177034 0.169893
