Pedestrian -1 -1 -10 948.000000 139.000000 1066.000000 372.000000 1.668624 0.639358 0.905745 2.718672 1.309356 4.856024 -1.129143 0.997712
Pedestrian -1 -1 -10 586.000000 162.000000 610.000000 234.000000 1.703414 0.603014 0.844776 -0.110154 1.182093 17.803098 -1.559346 0.996377
Pedestrian -1 -1 -10 1039.000000 117.000000 1126.000000 331.000000 1.751005 0.611155 0.949673 4.420389 1.201956 6.721292 -1.968903 0.993046
Pedestrian -1 -1 -10 501.000000 160.000000 534.000000 259.000000 1.769679 0.650526 0.914400 -1.697676 1.397600 13.735019 1.418946 0.992372
Pedestrian -1 -1 -10 470.000000 166.000000 506.000000 259.000000 1.802878 0.700432 0.873028 -2.179405 1.434339 13.524633 1.445565 0.986623
Pedestrian -1 -1 -10 634.000000 164.000000 658.000000 230.000000 1.840295 0.667186 0.847119 1.101106 1.277210 19.185351 2.714936 0.964493
Pedestrian -1 -1 -10 143.000000 216.000000 264.000000 369.000000 1.750384 0.547038 0.832596 -2.334220 1.977962 3.926324 0.134505 0.768270
Pedestrian -1 -1 -10 74.000000 235.000000 232.000000 373.000000 1.727402 0.634929 0.653311 -2.170355 2.003744 3.339837 -0.095983 0.540667
Pedestrian -1 -1 -10 672.000000 166.000000 694.000000 224.000000 1.720468 0.620660 0.819694 2.217242 1.208324 19.999914 -1.821584 0.317572
Pedestrian -1 -1 -10 614.000000 163.000000 631.000000 212.000000 1.636497 0.662302 0.785834 0.762514 0.902542 25.858656 -1.940292 0.287873
Pedestrian -1 -1 -10 1035.000000 125.000000 1087.000000 295.000000 1.739694 0.653152 0.833533 4.289718 1.166039 6.665401 0.612307 0.261209
Pedestrian -1 -1 -10 279.000000 215.000000 339.000000 315.000000 1.711005 0.617658 0.576565 -3.028880 1.628287 7.517885 2.232820 0.249988
Pedestrian -1 -1 -10 116.000000 211.000000 197.000000 345.000000 1.718858 0.633668 0.729502 -4.997355 1.914859 8.424614 -2.679869 0.247037
Pedestrian -1 -1 -10 173.000000 219.000000 249.000000 314.000000 1.672345 0.566574 0.541140 -3.443761 1.722795 6.322214 2.052021 0.239655
Pedestrian -1 -1 -10 963.000000 150.000000 993.000000 230.000000 1.733922 0.660928 0.728903 5.882884 0.968965 11.428651 -0.581499 0.226010
Pedestrian -1 -1 -10 1034.000000 143.000000 1065.000000 232.000000 1.723947 0.707752 0.601170 6.617334 1.168069 10.991681 2.701222 0.147433
Cyclist -1 -1 -10 696.000000 158.000000 736.000000 229.000000 1.705273 0.502100 1.693000 3.528713 0.907652 21.722154 2.722186 0.293287
Cyclist -1 -1 -10 115.000000 223.000000 268.000000 368.000000 1.642441 0.568155 1.664494 -2.367456 1.774092 3.727664 -1.611037 0.166114
Cyclist -1 -1 -10 68.000000 240.000000 215.000000 372.000000 1.696302 0.618957 1.625647 -2.271817 1.888995 3.354475 -2.087497 0.084142
Cyclist -1 -1 -10 675.000000 165.000000 708.000000 225.000000 1.780507 0.615971 1.631397 2.501026 1.265020 21.396713 -0.871696 0.062784
Cyclist -1 -1 -10 111.000000 213.000000 206.000000 339.000000 1.717494 0.509295 1.498652 -3.227796 1.371937 5.298915 -1.509781 0.017201
