Car -1 -1 -10 674.000000 184.000000 742.000000 236.000000 1.472634 1.587226 3.594743 2.775478 1.807559 21.400428 -1.562202 0.998857
Car -1 -1 -10 277.000000 181.000000 480.000000 245.000000 1.544322 1.625290 4.345351 -5.646508 1.811696 19.072508 0.103260 0.997205
Car -1 -1 -10 760.000000 168.000000 1044.000000 372.000000 1.619433 1.593509 3.749932 2.819929 1.679795 7.744636 -1.606216 0.993868
Car -1 -1 -10 -2.000000 179.000000 269.000000 335.000000 1.487125 1.641351 4.061317 -6.105657 1.833237 8.255099 0.396962 0.985543
Car -1 -1 -10 728.000000 175.000000 823.000000 221.000000 1.570788 1.640847 3.906979 6.194424 1.763279 26.583664 0.024312 0.971080
Car -1 -1 -10 354.000000 178.000000 495.000000 225.000000 1.580410 1.582281 4.158993 -6.163059 1.818697 24.054296 -0.040087 0.966915
Car -1 -1 -10 409.000000 179.000000 510.000000 215.000000 1.615269 1.616675 3.908918 -6.264248 1.915435 31.468623 -3.090878 0.760026
Car -1 -1 -10 45.000000 165.000000 325.000000 283.000000 1.692378 1.676661 3.913988 -6.975758 1.595805 11.524428 -3.152635 0.327697
Car -1 -1 -10 189.000000 188.000000 389.000000 264.000000 1.493063 1.580735 3.768051 -6.997544 1.789229 14.374054 -3.114834 0.290165
Car -1 -1 -10 679.000000 174.000000 726.000000 204.000000 1.548268 1.535870 3.550886 5.119204 1.796350 40.720572 2.336870 0.217168
