Pedestrian -1 -1 -10 615.000000 140.000000 665.000000 264.000000 1.803235 0.735681 0.905530 0.444546 1.266762 10.545447 1.207711 0.998767
Pedestrian -1 -1 -10 672.000000 135.000000 720.000000 262.000000 1.767769 0.675336 1.038074 1.309291 1.097476 10.784047 1.236306 0.998425
Pedestrian -1 -1 -10 558.000000 138.000000 596.000000 237.000000 1.777281 0.725825 0.967287 -0.554533 0.983384 13.423744 1.098767 0.995201
Pedestrian -1 -1 -10 585.000000 142.000000 624.000000 235.000000 1.659301 0.636057 0.602792 -0.052861 0.885804 13.640052 1.155330 0.991240
Pedestrian -1 -1 -10 504.000000 138.000000 541.000000 229.000000 1.790054 0.707998 0.837850 -1.751516 0.967066 14.472594 1.369958 0.987870
Pedestrian -1 -1 -10 1080.000000 138.000000 1221.000000 367.000000 1.672114 0.607912 0.746021 3.117322 1.420009 3.740883 1.209681 0.966409
Pedestrian -1 -1 -10 484.000000 145.000000 519.000000 229.000000 1.740424 0.743081 0.849041 -2.062789 0.932521 14.373945 0.982271 0.901145
Pedestrian -1 -1 -10 450.000000 140.000000 482.000000 235.000000 1.738492 0.755361 0.810293 -2.598791 0.993498 12.984546 1.286195 0.853534
Pedestrian -1 -1 -10 543.000000 145.000000 569.000000 231.000000 1.735260 0.637719 0.654303 -1.067567 1.053188 14.592497 -0.011907 0.623976
Pedestrian -1 -1 -10 528.000000 139.000000 556.000000 205.000000 1.819638 0.663994 0.845229 -1.857217 0.669463 19.863047 1.110327 0.477962
Pedestrian -1 -1 -10 279.000000 134.000000 309.000000 232.000000 1.745645 0.559943 0.657192 -5.315976 0.916815 11.908670 0.214603 0.435465
Pedestrian -1 -1 -10 503.000000 141.000000 526.000000 211.000000 1.816002 0.629714 0.689673 -2.550690 0.726722 19.073570 -0.010352 0.319467
Pedestrian -1 -1 -10 640.000000 141.000000 666.000000 225.000000 1.798714 0.667136 0.682607 0.908178 0.910292 14.831028 2.118583 0.305861
Pedestrian -1 -1 -10 599.000000 141.000000 622.000000 213.000000 1.762463 0.639652 0.766635 0.162812 0.511831 19.896901 -2.128330 0.275258
Cyclist -1 -1 -10 446.000000 140.000000 484.000000 253.000000 1.803364 0.633678 1.780878 -2.624657 1.036848 12.951742 1.543654 0.587164
Cyclist -1 -1 -10 279.000000 138.000000 321.000000 226.000000 1.674229 0.545625 1.591786 -6.677891 1.599854 16.453889 -2.523470 0.439119
Cyclist -1 -1 -10 392.000000 149.000000 443.000000 204.000000 1.731928 0.678338 1.649444 -6.099627 0.745945 22.659556 0.682579 0.410533
Cyclist -1 -1 -10 402.000000 144.000000 428.000000 195.000000 1.755715 0.546617 1.675122 -6.959159 0.370181 25.077919 -2.370852 0.237886
Cyclist -1 -1 -10 291.000000 150.000000 350.000000 211.000000 1.676289 0.532366 1.475524 -7.938388 1.102389 19.732695 -1.970685 0.224278
Cyclist -1 -1 -10 312.000000 151.000000 371.000000 204.000000 1.726950 0.495833 1.300115 -6.319371 1.121627 16.845906 0.616987 0.159449
Cyclist -1 -1 -10 329.000000 151.000000 405.000000 204.000000 1.683001 0.499936 1.357960 -4.854024 0.742039 14.205525 0.656520 0.100025
Cyclist -1 -1 -10 410.000000 149.000000 468.000000 219.000000 1.680181 0.534879 1.479319 -3.219312 1.337302 13.187464 -1.830894 0.069102
Cyclist -1 -1 -10 491.000000 145.000000 513.000000 201.000000 1.684253 0.543002 1.505508 -2.699304 0.138683 19.553774 -1.741033 0.025074
Cyclist -1 -1 -10 482.000000 145.000000 516.000000 229.000000 1.743357 0.612223 1.726423 -2.153443 0.950582 14.648590 -1.219720 0.023113
Cyclist -1 -1 -10 487.000000 141.000000 505.000000 195.000000 1.732610 0.563795 1.681435 -5.893699 -0.231901 37.072985 1.438455 0.022047
Cyclist -1 -1 -10 600.000000 140.000000 620.000000 204.000000 1.766289 0.641193 1.706411 -0.054072 0.557616 20.192110 -1.469843 0.013098
Cyclist -1 -1 -10 1080.000000 135.000000 1220.000000 368.000000 1.705080 0.671577 1.738334 3.314540 1.331461 3.374346 1.488172 0.010688
