Pedestrian -1 -1 -10 769.000000 173.000000 794.000000 239.000000 1.690053 0.585947 0.595737 3.860727 1.475416 14.941590 3.254165 0.023461
Pedestrian -1 -1 -10 772.000000 168.000000 800.000000 206.000000 1.712577 0.570369 0.541505 8.272923 1.246689 33.364870 2.826334 0.012707
Car -1 -1 -10 339.000000 188.000000 504.000000 293.000000 1.470436 1.556410 3.721963 -3.035377 1.796256 12.237331 1.640024 0.999310
Car -1 -1 -10 599.000000 178.000000 649.000000 210.000000 1.472766 1.597252 3.980523 0.768608 1.751303 35.949599 1.779910 0.998822
Car -1 -1 -10 623.000000 173.000000 665.000000 207.000000 1.622525 1.620962 4.008972 1.838320 1.740443 39.305150 1.785601 0.848754
Car -1 -1 -10 442.000000 173.000000 508.000000 209.000000 1.606548 1.645798 4.047403 -5.982753 1.651322 32.356620 -1.641941 0.774020
Car -1 -1 -10 654.000000 174.000000 692.000000 201.000000 1.572311 1.549597 3.874864 4.811752 1.909585 48.566345 2.238477 0.123802
Car -1 -1 -10 758.000000 171.000000 805.000000 196.000000 1.520613 1.614214 3.653246 11.009272 1.609321 46.405814 0.147270 0.055576
Car -1 -1 -10 772.000000 168.000000 800.000000 206.000000 1.624143 1.692069 3.922686 10.796724 1.613146 46.521434 -2.786434 0.016563
Car -1 -1 -10 752.000000 170.000000 810.000000 234.000000 1.540562 1.586156 3.577064 4.211609 1.486148 15.287975 -1.875949 0.016029
Cyclist -1 -1 -10 766.000000 164.000000 819.000000 288.000000 1.727952 0.564979 1.786903 2.743162 1.616832 11.113789 -1.397905 0.999078
Cyclist -1 -1 -10 751.000000 170.000000 792.000000 256.000000 1.680164 0.566788 1.786015 3.064970 1.655175 14.458169 -1.478747 0.947566
Cyclist -1 -1 -10 758.000000 170.000000 806.000000 224.000000 1.727857 0.573824 1.494197 3.429745 1.385088 14.850586 1.198765 0.186362
Cyclist -1 -1 -10 769.000000 173.000000 794.000000 239.000000 1.818920 0.459000 1.235572 4.272300 2.120393 16.767129 -1.338075 0.071078
Cyclist -1 -1 -10 772.000000 168.000000 800.000000 206.000000 1.716174 0.630395 1.595975 8.429625 1.089471 34.063730 1.289537 0.022437
