Pedestrian -1 -1 -10 674.000000 167.000000 689.000000 210.000000 1.748813 0.673998 0.782993 3.268302 1.661979 31.866058 1.175354 0.971011
Car -1 -1 -10 0.000000 190.000000 266.000000 349.000000 1.495606 1.614747 3.886353 -5.888070 1.710510 8.958649 1.541870 0.999013
Car -1 -1 -10 465.000000 178.000000 518.000000 209.000000 1.459405 1.561643 3.670573 -5.813861 1.751435 35.040415 1.053805 0.998772
Car -1 -1 -10 821.000000 184.000000 1248.000000 375.000000 1.490342 1.564340 3.708536 3.036210 1.621127 5.464567 -1.616141 0.996823
Car -1 -1 -10 341.000000 179.000000 414.000000 206.000000 1.528786 1.626471 3.937550 -13.369797 1.995995 41.518777 0.356869 0.990483
Car -1 -1 -10 73.000000 181.000000 174.000000 234.000000 1.547396 1.597692 3.836645 -17.538987 1.823441 26.969556 -1.691093 0.694945
Car -1 -1 -10 145.000000 179.000000 239.000000 254.000000 1.497112 1.561416 3.719879 -15.109089 1.695885 26.027371 1.090843 0.275359
Car -1 -1 -10 672.000000 171.000000 691.000000 197.000000 1.387819 1.524805 3.202538 2.473901 1.485097 23.290219 0.880678 0.066384
Car -1 -1 -10 26.000000 186.000000 205.000000 254.000000 1.571462 1.608735 3.743146 -17.489384 1.987090 26.972968 1.413734 0.013383
Car -1 -1 -10 110.000000 183.000000 269.000000 286.000000 1.558704 1.593391 3.835643 -6.816032 2.117353 11.476248 -2.095717 0.010340
Cyclist -1 -1 -10 674.000000 170.000000 691.000000 206.000000 1.727389 0.643166 1.737880 3.207896 1.525676 31.921395 1.080951 0.010599
