Pedestrian -1 -1 -10 83.000000 166.000000 110.000000 210.000000 1.744197 0.613285 0.877794 -21.249157 1.600788 29.722913 -0.020528 0.274335
Pedestrian -1 -1 -10 68.000000 168.000000 91.000000 211.000000 1.704401 0.652452 0.751005 -21.265836 1.643199 29.200158 -0.491306 0.265793
Pedestrian -1 -1 -10 94.000000 168.000000 120.000000 208.000000 1.715838 0.627739 0.696176 -21.283405 1.548815 30.104391 -2.162305 0.142516
Pedestrian -1 -1 -10 596.000000 166.000000 605.000000 198.000000 1.776211 0.692696 0.648529 -0.607260 1.330447 40.915906 3.003530 0.115681
Pedestrian -1 -1 -10 594.000000 167.000000 614.000000 196.000000 1.768172 0.698763 0.689269 -0.584317 1.335869 40.945123 3.018158 0.023177
Pedestrian -1 -1 -10 592.000000 166.000000 601.000000 196.000000 1.714415 0.610168 0.596103 -0.585514 1.076342 41.516126 2.612776 0.023063
Car -1 -1 -10 622.000000 168.000000 678.000000 193.000000 1.585711 1.671206 4.006555 2.599253 1.234563 46.496414 -2.030313 0.968191
Car -1 -1 -10 541.000000 160.000000 596.000000 196.000000 1.608187 1.679085 4.097399 -2.693945 1.435376 44.508561 -2.149341 0.331753
Car -1 -1 -10 590.000000 167.000000 626.000000 195.000000 1.623450 1.659719 3.905631 0.250987 1.296422 46.212452 -2.070821 0.294113
Car -1 -1 -10 -2.000000 173.000000 59.000000 222.000000 1.522745 1.596113 3.646446 -18.908557 1.486624 23.712354 -3.716684 0.044332
Car -1 -1 -10 596.000000 167.000000 612.000000 197.000000 1.558810 1.615449 3.844564 -0.025127 1.507543 46.079479 2.595678 0.012197
Cyclist -1 -1 -10 79.000000 167.000000 109.000000 210.000000 1.720066 0.571804 1.723307 -21.368241 1.532129 29.708041 -1.672613 0.134548
Cyclist -1 -1 -10 69.000000 166.000000 97.000000 211.000000 1.705115 0.520136 1.654853 -21.259847 1.632111 29.262316 0.377513 0.029379
