Car -1 -1 -10 511.000000 176.000000 562.000000 209.000000 1.546225 1.590860 3.786139 -3.456657 1.642513 34.167033 1.611818 0.999537
Car -1 -1 -10 0.000000 195.000000 321.000000 374.000000 1.502573 1.616242 3.920835 -4.606747 1.804569 7.577064 1.578017 0.999172
Car -1 -1 -10 715.000000 172.000000 784.000000 224.000000 1.536922 1.593575 3.602547 4.455386 1.568651 23.886777 -1.601793 0.989578
Car -1 -1 -10 737.000000 178.000000 816.000000 241.000000 1.465469 1.617950 3.896793 4.172007 1.638478 18.232577 -1.545648 0.988866
Car -1 -1 -10 702.000000 172.000000 750.000000 211.000000 1.651924 1.658420 3.936403 5.328561 1.726324 34.100310 -1.515480 0.835136
Car -1 -1 -10 766.000000 157.000000 972.000000 287.000000 1.732507 1.740208 4.403233 4.157266 1.586501 12.100569 -1.551364 0.818406
Car -1 -1 -10 537.000000 175.000000 574.000000 203.000000 1.523953 1.611176 3.808996 -3.132788 1.923568 39.896586 1.614441 0.584824
Car -1 -1 -10 695.000000 172.000000 729.000000 204.000000 1.495721 1.603059 3.781114 5.050202 1.545202 34.562969 -1.496328 0.557743
Car -1 -1 -10 175.000000 194.000000 314.000000 292.000000 1.581907 1.558279 3.492749 -5.744214 1.635478 10.887933 0.611472 0.206826
Cyclist -1 -1 -10 175.000000 194.000000 314.000000 292.000000 1.736784 0.637261 1.620359 -5.045535 1.691458 9.817602 -2.097376 0.014807
