Pedestrian -1 -1 -10 811.000000 167.000000 831.000000 218.000000 1.796688 0.553484 0.946047 11.055139 1.503722 37.531586 2.733760 0.034745
Car -1 -1 -10 506.000000 178.000000 548.000000 209.000000 1.517367 1.560090 3.648133 -4.056802 1.787276 36.086898 1.624183 0.999544
Car -1 -1 -10 794.000000 183.000000 1025.000000 315.000000 1.496474 1.641465 3.881733 3.738815 1.657050 9.782729 -1.561163 0.999503
Car -1 -1 -10 305.000000 186.000000 447.000000 272.000000 1.523289 1.597161 3.887892 -4.638640 1.827359 14.673397 1.597940 0.999235
Car -1 -1 -10 54.000000 190.000000 354.000000 356.000000 1.502243 1.598775 3.789679 -4.670083 1.812070 8.975047 1.564850 0.998855
Car -1 -1 -10 396.000000 184.000000 488.000000 242.000000 1.423977 1.603248 4.035720 -4.625720 1.720214 20.076711 1.555031 0.998781
Car -1 -1 -10 731.000000 179.000000 861.000000 262.000000 1.483569 1.655550 4.129926 3.794098 1.661726 14.817941 -1.639017 0.997020
Car -1 -1 -10 709.000000 177.000000 786.000000 238.000000 1.513091 1.639870 3.907984 3.756722 1.740372 20.096986 -1.581259 0.996988
Car -1 -1 -10 960.000000 188.000000 1237.000000 373.000000 1.517351 1.622630 3.949480 3.758428 1.767682 3.945177 -1.575019 0.972869
Car -1 -1 -10 698.000000 176.000000 754.000000 222.000000 1.541614 1.631008 3.876945 4.098289 1.725758 25.656357 -1.538190 0.965417
Car -1 -1 -10 527.000000 176.000000 561.000000 205.000000 1.516909 1.588778 3.951513 -3.932117 1.827042 40.464093 1.670951 0.926040
Car -1 -1 -10 688.000000 176.000000 730.000000 214.000000 1.532506 1.618247 3.945316 4.247481 1.738781 31.214341 -1.572142 0.709397
Car -1 -1 -10 1067.000000 171.000000 1191.000000 219.000000 1.559627 1.597670 3.732189 18.871867 1.315482 25.120971 2.885641 0.521930
Car -1 -1 -10 924.000000 171.000000 989.000000 206.000000 1.538312 1.611666 3.868627 12.799685 0.930307 30.639261 2.935820 0.244881
