Car -1 -1 -10 10.000000 180.000000 366.000000 295.000000 1.576584 1.654238 4.203357 -6.157439 1.680492 10.660155 0.066960 0.999587
Car -1 -1 -10 684.000000 184.000000 778.000000 252.000000 1.433900 1.621429 3.938620 2.647331 1.713552 16.884256 -1.581429 0.999556
Car -1 -1 -10 552.000000 176.000000 585.000000 202.000000 1.551759 1.613383 3.959237 -2.253449 1.697531 41.207674 1.570525 0.996071
Car -1 -1 -10 353.000000 175.000000 508.000000 225.000000 1.507231 1.615469 4.100617 -5.951518 1.771359 25.869562 -3.152046 0.987997
Car -1 -1 -10 666.000000 179.000000 717.000000 220.000000 1.456535 1.591152 3.857814 2.915588 1.689496 26.030109 -1.566567 0.909288
Car -1 -1 -10 421.000000 175.000000 515.000000 215.000000 1.598510 1.657884 4.065027 -6.218569 1.467434 32.580910 -3.248955 0.852284
Car -1 -1 -10 291.000000 175.000000 464.000000 234.000000 1.526071 1.617192 4.091001 -5.917352 1.596734 18.702754 0.096071 0.820737
Car -1 -1 -10 481.000000 175.000000 545.000000 200.000000 1.491879 1.633205 3.949243 -5.998115 1.636287 47.879939 -0.096361 0.388285
Car -1 -1 -10 642.000000 172.000000 675.000000 198.000000 1.533565 1.593682 3.685406 2.867908 1.586406 44.445529 -1.611388 0.167537
Car -1 -1 -10 214.000000 174.000000 406.000000 242.000000 1.557405 1.628136 3.843392 -7.084368 1.422223 17.741456 -3.098821 0.091388
