Pedestrian -1 -1 -10 763.000000 153.000000 782.000000 229.000000 1.712902 0.678846 0.734814 5.089332 1.235037 22.486330 -1.267967 0.123140
Pedestrian -1 -1 -10 768.000000 158.000000 801.000000 223.000000 1.706337 0.740391 0.899135 5.364299 1.245331 22.211726 -0.969252 0.021715
Car -1 -1 -10 221.000000 186.000000 380.000000 282.000000 1.564602 1.583847 3.755607 -5.808723 1.894189 13.942206 1.565322 0.999346
Car -1 -1 -10 335.000000 188.000000 438.000000 248.000000 1.490326 1.531845 3.621924 -5.704326 1.878180 19.026561 1.496842 0.996277
Car -1 -1 -10 775.000000 177.000000 1081.000000 360.000000 1.472802 1.632923 3.941538 3.118918 1.602213 7.999585 -1.613286 0.994362
Car -1 -1 -10 719.000000 176.000000 868.000000 272.000000 1.494866 1.584161 3.444972 3.104977 1.589806 13.151925 -1.700542 0.992308
Car -1 -1 -10 700.000000 177.000000 785.000000 236.000000 1.460100 1.606003 3.863244 3.384001 1.584695 18.885229 -1.578337 0.988493
Car -1 -1 -10 847.000000 170.000000 940.000000 209.000000 1.547402 1.550815 3.915330 11.672984 1.271985 29.411487 1.410644 0.021485
Car -1 -1 -10 3.000000 199.000000 162.000000 263.000000 1.532463 1.592752 3.908303 -15.937795 1.956540 21.695130 1.347947 0.013778
Cyclist -1 -1 -10 852.000000 174.000000 870.000000 223.000000 1.649145 0.543689 1.771821 8.039958 1.401283 23.480576 -0.704203 0.015099
