Pedestrian -1 -1 -10 541.000000 163.000000 565.000000 220.000000 1.776281 0.657217 0.894636 -1.914588 1.201202 23.602758 0.967973 0.992353
Pedestrian -1 -1 -10 245.000000 178.000000 263.000000 226.000000 1.759492 0.574167 0.840566 -12.794554 1.746813 25.837174 0.295829 0.306697
Pedestrian -1 -1 -10 940.000000 141.000000 971.000000 202.000000 1.720288 0.680291 0.797505 9.852091 0.611083 20.086085 1.640208 0.152015
Pedestrian -1 -1 -10 416.000000 163.000000 433.000000 215.000000 1.719774 0.615891 0.715213 -5.420889 1.159965 21.114850 -0.167799 0.124388
Pedestrian -1 -1 -10 237.000000 179.000000 255.000000 229.000000 1.724916 0.576477 0.797429 -12.852427 1.681800 25.225474 0.137330 0.056089
Pedestrian -1 -1 -10 416.000000 171.000000 452.000000 213.000000 1.706503 0.641258 0.712055 -5.426596 1.201254 21.248078 -0.222440 0.013329
Pedestrian -1 -1 -10 871.000000 155.000000 885.000000 190.000000 1.752815 0.663148 0.743248 9.479391 0.616837 24.621800 0.478345 0.013108
Pedestrian -1 -1 -10 926.000000 142.000000 994.000000 205.000000 1.730695 0.704731 0.927096 9.767077 0.732005 19.842283 1.643056 0.011502
Pedestrian -1 -1 -10 867.000000 155.000000 893.000000 196.000000 1.740296 0.666134 0.778129 9.544999 0.717747 24.813141 0.325710 0.010402
Car -1 -1 -10 407.000000 178.000000 511.000000 249.000000 1.456759 1.606585 3.847475 -3.328699 1.419490 16.583868 -1.574726 0.999152
Car -1 -1 -10 982.000000 160.000000 1085.000000 189.000000 1.667338 1.663494 3.931937 20.071352 0.430698 32.845876 -0.012560 0.693106
Car -1 -1 -10 1072.000000 147.000000 1196.000000 185.000000 1.711231 1.627759 3.830196 25.070803 0.378530 33.897418 -1.546138 0.205866
Car -1 -1 -10 414.000000 171.000000 457.000000 212.000000 1.551824 1.499581 3.248327 -5.650610 1.004750 23.412455 -1.812677 0.028280
Car -1 -1 -10 409.000000 173.000000 483.000000 223.000000 1.605496 1.540603 3.293027 -5.411961 1.276041 22.963210 -1.210945 0.016062
Car -1 -1 -10 443.000000 179.000000 487.000000 211.000000 1.524241 1.504203 3.205061 -6.369726 0.887223 28.591818 1.387984 0.011686
Cyclist -1 -1 -10 703.000000 159.000000 747.000000 200.000000 1.713181 0.649450 1.822319 5.752741 0.892046 34.013837 -0.294922 0.999476
Cyclist -1 -1 -10 289.000000 170.000000 360.000000 236.000000 1.706283 0.614813 1.763797 -8.138218 1.485100 20.339865 -0.814199 0.999447
Cyclist -1 -1 -10 825.000000 157.000000 850.000000 198.000000 1.772299 0.616823 1.827456 10.380631 0.747838 31.652087 -0.873749 0.935744
Cyclist -1 -1 -10 925.000000 142.000000 996.000000 205.000000 1.688620 0.623026 1.757703 9.812104 0.676878 19.841218 0.478069 0.802875
Cyclist -1 -1 -10 243.000000 178.000000 263.000000 228.000000 1.727475 0.449088 1.686893 -12.808952 1.689743 25.571934 -1.577902 0.058024
Cyclist -1 -1 -10 939.000000 143.000000 972.000000 199.000000 1.687440 0.658597 1.627599 10.095586 0.445643 20.629239 1.351846 0.047558
Cyclist -1 -1 -10 858.000000 152.000000 913.000000 201.000000 1.735264 0.571815 1.766838 9.842826 0.721084 24.946890 -0.056547 0.028508
Cyclist -1 -1 -10 318.000000 174.000000 355.000000 215.000000 1.719304 0.596933 1.631098 -8.978265 1.419725 23.759192 -1.341265 0.027518
Cyclist -1 -1 -10 415.000000 165.000000 439.000000 214.000000 1.698517 0.764738 1.703829 -5.386703 0.998178 21.794035 -0.156987 0.015093
