Pedestrian -1 -1 -10 682.000000 171.000000 701.000000 216.000000 1.807217 0.684010 0.912529 3.264659 1.800079 28.960895 1.180099 0.848124
Car -1 -1 -10 457.000000 183.000000 508.000000 217.000000 1.474736 1.557119 3.705165 -5.443541 1.850684 30.474268 1.215112 0.997968
Car -1 -1 -10 336.000000 184.000000 417.000000 211.000000 1.548081 1.590199 4.042863 -12.174233 2.229279 37.865769 0.429049 0.995512
Car -1 -1 -10 77.000000 183.000000 184.000000 238.000000 1.607116 1.603969 3.842748 -15.202524 1.904500 23.414029 1.285407 0.982590
Car -1 -1 -10 920.000000 190.000000 1246.000000 373.000000 1.483444 1.628512 3.831987 2.846272 1.660363 2.528311 -1.621412 0.969763
Car -1 -1 -10 0.000000 198.000000 150.000000 372.000000 1.487626 1.631018 3.890097 -5.896662 1.791317 6.403139 1.530602 0.860653
Car -1 -1 -10 2.000000 186.000000 121.000000 243.000000 1.481813 1.596262 3.733127 -17.509220 1.759916 24.093480 -1.605151 0.448678
Car -1 -1 -10 503.000000 172.000000 559.000000 198.000000 1.570553 1.637675 3.884043 -6.869435 2.010496 58.949071 -3.127675 0.035909
Car -1 -1 -10 674.000000 175.000000 706.000000 205.000000 1.398915 1.509099 3.181795 2.567498 1.273401 22.543297 0.913427 0.012013
Cyclist -1 -1 -10 683.000000 171.000000 701.000000 216.000000 1.793226 0.561324 1.743334 3.182391 1.756070 29.110536 1.158533 0.192919
Cyclist -1 -1 -10 921.000000 185.000000 1251.000000 372.000000 1.660240 0.690826 1.852589 2.401798 1.787467 3.314021 -1.594236 0.010940
