Pedestrian -1 -1 -10 987.000000 125.000000 1052.000000 294.000000 1.790410 0.735924 0.979195 4.721730 1.296316 8.445789 -1.102391 0.997647
Pedestrian -1 -1 -10 1049.000000 126.000000 1123.000000 302.000000 1.767173 0.727320 0.944710 5.277534 1.300258 8.009806 -1.383108 0.985711
Pedestrian -1 -1 -10 1006.000000 176.000000 1237.000000 371.000000 1.800768 0.603533 0.627246 5.257469 1.557765 7.380197 -0.418335 0.395615
Pedestrian -1 -1 -10 986.000000 140.000000 1032.000000 245.000000 1.691262 0.635612 0.651763 4.603751 1.519267 8.512036 3.030412 0.116563
Pedestrian -1 -1 -10 987.000000 153.000000 1013.000000 223.000000 1.639438 0.600656 0.634312 6.349991 0.764342 11.691839 0.564306 0.033733
Pedestrian -1 -1 -10 1011.000000 132.000000 1085.000000 272.000000 1.682490 0.677075 0.709717 6.867324 1.688626 11.180681 -0.444459 0.014371
Car -1 -1 -10 0.000000 205.000000 120.000000 246.000000 1.462383 1.544332 3.757390 -20.293934 2.637447 26.610139 -3.121475 0.976258
Car -1 -1 -10 839.000000 169.000000 931.000000 209.000000 1.528705 1.581728 3.785038 10.242218 1.423359 27.308386 3.080080 0.964501
Car -1 -1 -10 1002.000000 202.000000 1246.000000 371.000000 1.477433 1.628184 3.775546 2.835710 1.709199 1.998960 -1.584810 0.875121
Car -1 -1 -10 180.000000 178.000000 337.000000 236.000000 1.961824 1.744029 4.268212 -12.802346 2.386292 26.636136 -3.105623 0.299068
Car -1 -1 -10 284.000000 184.000000 363.000000 212.000000 1.519582 1.610916 3.899156 -14.005299 2.174731 35.995846 -2.430049 0.062831
Car -1 -1 -10 949.000000 164.000000 1051.000000 207.000000 1.516308 1.598526 3.903406 14.928041 1.476831 27.311625 3.036735 0.053757
Car -1 -1 -10 0.000000 213.000000 52.000000 270.000000 1.512404 1.580695 3.733383 -15.976016 2.769003 18.422655 -2.897861 0.032123
Car -1 -1 -10 1063.000000 160.000000 1191.000000 211.000000 1.480116 1.578204 3.684587 13.174733 1.074989 18.628239 2.811056 0.023226
Car -1 -1 -10 165.000000 192.000000 246.000000 219.000000 1.508750 1.572787 3.825752 -19.756388 2.466474 35.969137 2.196327 0.021780
Cyclist -1 -1 -10 983.000000 155.000000 1017.000000 217.000000 1.690681 0.487438 1.524687 8.113817 1.462185 14.395818 -1.705219 0.126445
Cyclist -1 -1 -10 1004.000000 166.000000 1236.000000 372.000000 1.693267 0.565692 1.419722 5.763507 0.994839 8.377100 1.617043 0.076528
Cyclist -1 -1 -10 1051.000000 126.000000 1148.000000 319.000000 1.777463 0.505127 1.716829 5.162035 1.260796 8.291905 -1.447485 0.030516
Cyclist -1 -1 -10 974.000000 150.000000 1042.000000 215.000000 1.694159 0.501926 1.475924 8.022703 1.135236 14.073094 -1.696191 0.015378
