Pedestrian -1 -1 -10 444.000000 168.000000 461.000000 200.000000 1.772141 0.708541 0.678570 -7.733108 1.404063 35.594454 -1.481631 0.047588
Pedestrian -1 -1 -10 515.000000 174.000000 552.000000 220.000000 1.751056 0.630117 0.651555 -2.693886 1.635726 21.676576 -0.068687 0.012152
Car -1 -1 -10 642.000000 176.000000 675.000000 205.000000 1.567503 1.636425 3.961764 2.649337 1.795282 40.110282 1.616806 0.999376
Car -1 -1 -10 403.000000 170.000000 521.000000 261.000000 1.666813 1.655322 3.940940 -2.955346 1.658900 15.242950 1.569684 0.998008
Car -1 -1 -10 740.000000 195.000000 1008.000000 367.000000 1.477514 1.593766 3.537336 2.526321 1.710012 7.855823 -1.550365 0.997925
Car -1 -1 -10 2.000000 171.000000 257.000000 305.000000 1.553413 1.653432 4.072462 -7.091347 1.497072 9.015829 -3.142532 0.993432
Car -1 -1 -10 900.000000 194.000000 1246.000000 372.000000 1.484222 1.606060 3.784225 2.370045 1.654569 2.119492 -1.608795 0.951171
Car -1 -1 -10 500.000000 175.000000 559.000000 223.000000 1.459538 1.599984 3.776566 -2.995755 1.660384 22.476530 1.902737 0.074868
Car -1 -1 -10 496.000000 172.000000 563.000000 281.000000 1.604226 1.624512 3.773921 -0.889240 1.566873 11.315340 -1.700199 0.014473
Cyclist -1 -1 -10 497.000000 168.000000 562.000000 301.000000 1.768429 0.617399 1.759016 -1.132131 1.641417 10.429903 1.617454 0.999180
Cyclist -1 -1 -10 498.000000 174.000000 561.000000 233.000000 1.666812 0.647511 1.716613 -2.722121 1.651312 22.084792 -1.162864 0.348865
Cyclist -1 -1 -10 520.000000 172.000000 554.000000 220.000000 1.692950 0.498639 1.664615 -2.757177 1.487437 22.078932 -1.656782 0.036163
Cyclist -1 -1 -10 898.000000 196.000000 1241.000000 374.000000 1.683760 0.672879 1.807097 2.037885 1.732976 2.795944 1.488353 0.015134
Cyclist -1 -1 -10 406.000000 169.000000 524.000000 265.000000 1.725790 0.705060 1.755122 -2.725874 1.792700 14.231696 -1.227377 0.013323
