Car -1 -1 -10 571.000000 181.000000 604.000000 210.000000 1.542532 1.595876 3.594503 -1.152567 1.383644 41.133974 -1.620795 0.999650
Car -1 -1 -10 168.000000 183.000000 322.000000 254.000000 1.515964 1.599744 3.669528 -8.139685 1.547729 16.631233 -1.606304 0.989955
Car -1 -1 -10 -1.000000 206.000000 314.000000 373.000000 1.453602 1.677066 4.187884 -4.834113 1.639698 7.046443 -1.585698 0.982542
Car -1 -1 -10 290.000000 187.000000 369.000000 237.000000 1.530608 1.633086 3.962161 -8.679578 1.562227 22.430536 -1.596773 0.978952
Car -1 -1 -10 467.000000 186.000000 524.000000 223.000000 1.496512 1.566658 3.876186 -4.775545 1.577909 31.834041 -1.593266 0.892344
Car -1 -1 -10 68.000000 180.000000 202.000000 265.000000 1.484596 1.593947 3.666239 -11.393983 1.291831 18.144651 -1.559521 0.507551
Car -1 -1 -10 15.000000 183.000000 218.000000 304.000000 1.606734 1.646763 3.908267 -9.832402 1.292844 15.866243 1.474703 0.187568
Car -1 -1 -10 112.000000 184.000000 252.000000 256.000000 1.576043 1.626720 3.853169 -10.834738 1.473120 18.608417 -1.508748 0.085737
Car -1 -1 -10 328.000000 191.000000 402.000000 235.000000 1.491103 1.607507 3.813622 -8.333616 1.546630 22.563230 -1.579695 0.084790
Car -1 -1 -10 495.000000 184.000000 536.000000 210.000000 1.532081 1.572372 3.558981 -5.491365 1.553918 42.622210 -1.625726 0.066237
Car -1 -1 -10 243.000000 182.000000 326.000000 227.000000 1.458502 1.546218 3.635462 -8.957854 1.400268 22.349325 -1.930018 0.012590
