Pedestrian -1 -1 -10 828.000000 164.000000 847.000000 216.000000 1.675691 0.603436 0.606647 7.480349 1.569840 23.762438 1.906362 0.300074
Pedestrian -1 -1 -10 855.000000 166.000000 871.000000 217.000000 1.734104 0.638774 0.764800 8.274715 1.414492 23.592579 1.569267 0.253103
Pedestrian -1 -1 -10 738.000000 169.000000 751.000000 204.000000 1.705037 0.588397 0.784006 6.668215 1.582885 35.515331 -1.555193 0.062524
Pedestrian -1 -1 -10 1160.000000 158.000000 1241.000000 331.000000 1.637933 0.498351 0.653061 4.476973 1.441216 5.145062 -1.537925 0.040605
Car -1 -1 -10 1135.000000 167.000000 1238.000000 201.000000 1.614848 1.629474 3.615696 35.027845 1.704656 43.983371 0.101585 0.010848
Cyclist -1 -1 -10 799.000000 160.000000 835.000000 227.000000 1.763533 0.581746 1.757225 5.491299 1.466365 19.378716 -1.502172 0.998725
Cyclist -1 -1 -10 1157.000000 141.000000 1241.000000 371.000000 1.787880 0.548938 1.629571 4.564519 1.604422 5.435879 -0.330855 0.975270
Cyclist -1 -1 -10 826.000000 166.000000 847.000000 219.000000 1.754407 0.603361 1.614874 7.364231 1.471580 23.881534 1.335716 0.266921
Cyclist -1 -1 -10 738.000000 169.000000 752.000000 205.000000 1.733891 0.522286 1.715765 6.555482 1.613294 35.743609 -1.517207 0.175078
Cyclist -1 -1 -10 1169.000000 159.000000 1240.000000 256.000000 1.687781 0.499125 1.507653 8.451753 1.416390 9.728243 -1.510490 0.016908
