Pedestrian -1 -1 -10 814.000000 148.000000 845.000000 252.000000 1.718362 0.662797 0.786578 5.421284 1.212046 17.925006 -1.785758 0.832120
Pedestrian -1 -1 -10 788.000000 154.000000 815.000000 246.000000 1.670018 0.741783 0.884629 4.941405 1.283318 18.369602 -1.232718 0.639556
Pedestrian -1 -1 -10 800.000000 165.000000 863.000000 247.000000 1.710647 0.690851 0.773819 5.427116 1.324839 17.840958 -1.655810 0.042250
Pedestrian -1 -1 -10 722.000000 185.000000 840.000000 269.000000 1.697148 0.690650 0.900887 2.630351 1.863483 12.743199 0.327798 0.023335
Pedestrian -1 -1 -10 782.000000 162.000000 837.000000 260.000000 1.705073 0.693321 0.718806 3.111143 1.594937 12.633133 -2.862168 0.013684
Pedestrian -1 -1 -10 826.000000 166.000000 849.000000 248.000000 1.680399 0.611820 0.792344 5.645817 1.398890 17.945922 -1.753325 0.012270
Car -1 -1 -10 762.000000 185.000000 1037.000000 349.000000 1.450310 1.593391 3.733614 3.065341 1.619232 8.431271 -1.651268 0.999168
Car -1 -1 -10 0.000000 195.000000 270.000000 359.000000 1.551282 1.582091 3.682860 -5.879407 1.906257 9.048235 1.569387 0.998995
Car -1 -1 -10 232.000000 195.000000 376.000000 280.000000 1.486738 1.543989 3.648449 -5.862411 1.958992 14.231506 1.505960 0.997153
Car -1 -1 -10 723.000000 185.000000 838.000000 268.000000 1.452951 1.608657 3.799930 3.203814 1.651077 14.026469 -1.618391 0.986608
Car -1 -1 -10 912.000000 190.000000 1256.000000 374.000000 1.495519 1.644134 3.835617 2.865198 1.668376 3.041080 -1.596290 0.951300
Car -1 -1 -10 327.000000 177.000000 432.000000 225.000000 1.806352 1.707999 4.092213 -11.975722 2.192468 38.554264 -3.064597 0.310123
Car -1 -1 -10 905.000000 169.000000 975.000000 207.000000 1.495656 1.539609 3.680196 13.349895 1.364499 29.373889 1.559146 0.041351
Car -1 -1 -10 291.000000 188.000000 338.000000 213.000000 1.494215 1.600035 3.777150 -19.338501 2.555828 47.811969 0.775728 0.021312
Car -1 -1 -10 1084.000000 203.000000 1239.000000 373.000000 1.516943 1.618069 3.856276 3.130654 1.454067 1.819163 1.562343 0.012895
Cyclist -1 -1 -10 890.000000 176.000000 988.000000 223.000000 1.703281 0.517805 1.528988 11.239461 1.343149 24.494400 1.043250 0.212263
Cyclist -1 -1 -10 808.000000 162.000000 862.000000 244.000000 1.695951 0.800288 1.807527 5.465332 1.164978 18.049200 0.431202 0.177946
Cyclist -1 -1 -10 737.000000 179.000000 765.000000 210.000000 1.699002 0.725937 1.763076 8.023520 1.909788 41.437765 0.315129 0.109084
Cyclist -1 -1 -10 840.000000 185.000000 957.000000 224.000000 1.672270 0.545586 1.667871 7.949025 1.671568 18.937493 -0.708444 0.058905
Cyclist -1 -1 -10 814.000000 185.000000 897.000000 237.000000 1.674439 0.708620 1.671545 5.957782 1.618713 17.903332 -2.335194 0.054531
Cyclist -1 -1 -10 723.000000 181.000000 842.000000 272.000000 1.680592 0.658451 1.831271 2.718138 1.724720 13.110257 -1.797003 0.041637
Cyclist -1 -1 -10 811.000000 182.000000 831.000000 252.000000 1.690806 0.503583 1.606094 5.150433 1.500029 18.141400 -1.927111 0.016185
Cyclist -1 -1 -10 817.000000 145.000000 845.000000 259.000000 1.703707 0.571562 1.680922 5.443937 1.179041 18.052206 3.016121 0.014778
