Car -1 -1 -10 659.000000 182.000000 718.000000 227.000000 1.461195 1.614334 3.796102 2.609270 1.802959 24.992593 -1.598031 0.998703
Car -1 -1 -10 179.000000 200.000000 419.000000 341.000000 1.459207 1.579485 3.760998 -3.844358 1.881210 9.543598 1.586885 0.997728
Car -1 -1 -10 838.000000 166.000000 1048.000000 231.000000 1.531965 1.708101 4.300884 8.036058 1.394020 17.870156 3.146933 0.997402
Car -1 -1 -10 403.000000 185.000000 481.000000 233.000000 1.506270 1.595981 4.016479 -6.522253 2.236296 27.338210 1.670529 0.991654
Car -1 -1 -10 476.000000 185.000000 515.000000 213.000000 1.555589 1.630647 3.995495 -6.132318 2.261189 40.704925 1.729626 0.978956
Car -1 -1 -10 0.000000 220.000000 174.000000 373.000000 1.535012 1.650183 3.941699 -3.540598 1.709096 2.765607 -1.616668 0.599391
Car -1 -1 -10 764.000000 166.000000 882.000000 211.000000 1.574300 1.643932 4.062267 7.993643 1.444781 27.297625 3.063443 0.257668
Car -1 -1 -10 812.000000 164.000000 952.000000 221.000000 1.665122 1.624509 3.808580 7.839471 1.348778 21.043431 3.069302 0.237871
Car -1 -1 -10 300.000000 197.000000 412.000000 259.000000 1.474043 1.571694 3.625621 -6.392476 2.098530 18.581948 1.571016 0.119768
Car -1 -1 -10 950.000000 157.000000 1069.000000 192.000000 1.585410 1.647515 4.115425 21.052856 0.910360 37.867131 -0.100244 0.097324
Car -1 -1 -10 394.000000 198.000000 452.000000 235.000000 1.457901 1.581510 4.157761 -6.606129 2.112126 26.329641 1.444288 0.073005
Car -1 -1 -10 1012.000000 151.000000 1136.000000 188.000000 1.607814 1.643691 3.933337 22.026337 0.742785 33.813167 0.020897 0.041534
