Pedestrian -1 -1 -10 786.000000 133.000000 897.000000 371.000000 1.690596 0.576201 0.683063 1.356490 1.399771 4.152841 0.916710 0.998776
Pedestrian -1 -1 -10 1042.000000 128.000000 1173.000000 370.000000 1.688028 0.623944 0.716912 3.137590 1.288379 4.547631 1.264154 0.998561
Pedestrian -1 -1 -10 939.000000 150.000000 1049.000000 367.000000 1.705387 0.553317 0.671040 2.501643 1.492179 4.567690 1.135402 0.997480
Pedestrian -1 -1 -10 636.000000 144.000000 656.000000 201.000000 1.754540 0.688703 0.561894 1.232687 0.594226 22.173328 2.152485 0.948413
Pedestrian -1 -1 -10 418.000000 141.000000 449.000000 213.000000 1.721514 0.612144 0.593009 -3.328573 1.219497 14.297166 2.795290 0.773064
Pedestrian -1 -1 -10 1152.000000 108.000000 1221.000000 368.000000 1.738304 0.607573 0.779361 3.837383 1.334558 4.586943 1.215935 0.693021
Pedestrian -1 -1 -10 372.000000 136.000000 398.000000 197.000000 1.693938 0.747319 0.719254 -7.028405 0.467535 22.474872 0.764777 0.376559
Pedestrian -1 -1 -10 303.000000 139.000000 343.000000 225.000000 1.736335 0.547548 0.869182 -5.042897 1.018258 12.781603 0.190558 0.273112
Pedestrian -1 -1 -10 351.000000 139.000000 377.000000 199.000000 1.709812 0.644743 0.797460 -7.494884 0.484087 21.690033 0.848090 0.192327
Pedestrian -1 -1 -10 967.000000 149.000000 1131.000000 370.000000 1.691239 0.587417 0.823256 2.763645 1.306157 4.546865 1.661452 0.119644
Pedestrian -1 -1 -10 552.000000 144.000000 564.000000 185.000000 1.715519 0.609805 0.692895 -1.897523 0.084881 29.219621 1.992445 0.101310
Pedestrian -1 -1 -10 431.000000 142.000000 452.000000 198.000000 1.716086 0.618740 0.747086 -5.100042 0.691090 22.371924 0.332813 0.080042
Pedestrian -1 -1 -10 416.000000 141.000000 436.000000 189.000000 1.728397 0.627535 0.653167 -3.254997 0.917511 13.751925 2.280887 0.047200
Pedestrian -1 -1 -10 361.000000 141.000000 388.000000 201.000000 1.726465 0.557506 0.867499 -7.280386 0.492207 22.247722 0.391888 0.038317
Cyclist -1 -1 -10 299.000000 141.000000 344.000000 226.000000 1.790161 0.664933 1.601822 -5.635226 1.230980 13.989383 -2.658918 0.786985
Cyclist -1 -1 -10 411.000000 143.000000 462.000000 216.000000 1.691316 0.487048 1.537038 -3.456820 1.486455 15.780649 -1.153373 0.634623
Cyclist -1 -1 -10 342.000000 142.000000 376.000000 211.000000 1.725040 0.534930 1.405119 -7.254926 0.783617 21.028022 -1.238907 0.330026
Cyclist -1 -1 -10 311.000000 141.000000 378.000000 220.000000 1.658927 0.588349 1.691828 -6.073982 1.134641 16.544259 -1.459936 0.185933
Cyclist -1 -1 -10 329.000000 144.000000 352.000000 205.000000 1.676461 0.502560 1.713656 -7.844419 0.616631 21.120763 -1.387767 0.179642
Cyclist -1 -1 -10 369.000000 137.000000 399.000000 202.000000 1.688966 0.541556 1.714356 -7.102964 0.403931 22.616193 -1.381968 0.163175
Cyclist -1 -1 -10 426.000000 141.000000 453.000000 205.000000 1.745355 0.560803 1.682584 -5.139478 0.649362 22.488085 0.743101 0.132803
Cyclist -1 -1 -10 418.000000 143.000000 443.000000 207.000000 1.708568 0.632323 1.728771 -5.360692 0.243474 22.056603 -1.711249 0.130968
Cyclist -1 -1 -10 362.000000 141.000000 386.000000 202.000000 1.656344 0.553779 1.635994 -7.378289 0.388296 22.110227 -1.321009 0.098299
Cyclist -1 -1 -10 268.000000 146.000000 313.000000 199.000000 1.703186 0.551656 1.638184 -9.266178 0.664825 21.055495 -1.419910 0.061474
Cyclist -1 -1 -10 1150.000000 105.000000 1222.000000 363.000000 1.723286 0.512746 1.690165 3.921246 1.302322 4.591313 -0.459937 0.020845
Cyclist -1 -1 -10 415.000000 140.000000 433.000000 190.000000 1.691508 0.498975 1.343635 -4.000129 0.906237 15.575191 0.713524 0.016462
