Pedestrian -1 -1 -10 1023.000000 146.000000 1077.000000 291.000000 1.676794 0.617747 0.794123 5.437070 1.249975 8.709982 -1.543556 0.965984
Pedestrian -1 -1 -10 457.000000 169.000000 478.000000 225.000000 1.735157 0.694269 0.736149 -4.304297 1.315960 22.934106 2.806268 0.924532
Pedestrian -1 -1 -10 535.000000 180.000000 554.000000 225.000000 1.650204 0.739888 0.938125 -1.755213 1.690319 22.533981 -1.701060 0.188877
Pedestrian -1 -1 -10 515.000000 181.000000 535.000000 227.000000 1.616115 0.728378 0.807857 -2.427268 1.624514 22.789944 -1.330843 0.038985
Pedestrian -1 -1 -10 433.000000 165.000000 448.000000 216.000000 1.723229 0.634149 0.754282 -5.001045 1.222693 22.114416 2.807798 0.017288
Pedestrian -1 -1 -10 528.000000 180.000000 544.000000 225.000000 1.715466 0.687659 0.632160 -2.151883 1.600844 23.403420 1.525805 0.013742
Car -1 -1 -10 690.000000 162.000000 781.000000 238.000000 1.720550 1.676269 3.757755 3.448947 1.312010 19.538584 -1.590183 0.995674
Car -1 -1 -10 1009.000000 225.000000 1239.000000 364.000000 1.508783 1.624330 3.776391 3.293178 1.807857 2.678388 1.574908 0.018338
Cyclist -1 -1 -10 1021.000000 147.000000 1079.000000 293.000000 1.761184 0.503519 1.700671 5.351155 1.316215 8.787595 -1.455521 0.326187
Cyclist -1 -1 -10 456.000000 171.000000 481.000000 224.000000 1.734069 0.568790 1.705823 -4.515403 1.364731 23.393952 -2.180755 0.244358
Cyclist -1 -1 -10 462.000000 179.000000 489.000000 215.000000 1.697298 0.556601 1.577787 -5.210578 1.885963 29.981943 2.937835 0.011811
