Car -1 -1 -10 642.000000 186.000000 699.000000 225.000000 1.452402 1.580721 3.674832 2.310333 1.978283 28.069628 -1.697698 0.997164
Car -1 -1 -10 820.000000 183.000000 1001.000000 253.000000 1.480358 1.584543 3.801699 6.441938 1.693073 15.775806 -2.088307 0.993385
Car -1 -1 -10 304.000000 189.000000 465.000000 239.000000 1.505301 1.606711 3.996324 -7.029528 2.163516 23.681356 -3.159426 0.971669
Car -1 -1 -10 -3.000000 198.000000 259.000000 337.000000 1.517033 1.590909 3.793039 -6.741888 1.799148 8.855221 -3.147311 0.823071
Car -1 -1 -10 250.000000 190.000000 413.000000 253.000000 1.497618 1.613242 3.846087 -6.797348 2.021431 18.544770 -3.080502 0.697445
Car -1 -1 -10 376.000000 188.000000 488.000000 226.000000 1.523474 1.544514 3.967411 -7.228545 2.295154 30.338807 -3.135885 0.692402
Car -1 -1 -10 621.000000 184.000000 666.000000 215.000000 1.515634 1.582445 4.055672 1.565895 2.059118 37.804479 -1.646376 0.588461
Car -1 -1 -10 4.000000 200.000000 134.000000 370.000000 1.512811 1.601199 3.780006 -6.848113 1.792734 6.932717 -3.174251 0.575564
Car -1 -1 -10 82.000000 175.000000 402.000000 283.000000 1.788712 1.717385 4.170767 -6.283750 1.699027 11.647525 -3.126944 0.357675
Car -1 -1 -10 434.000000 189.000000 521.000000 215.000000 1.539342 1.602762 3.901527 -6.661470 2.583130 42.142886 -1.771325 0.101715
