Car -1 -1 -10 801.000000 183.000000 1226.000000 373.000000 1.465734 1.603892 3.735156 2.849388 1.727740 5.796009 -1.575290 0.996986
Car -1 -1 -10 635.000000 177.000000 671.000000 205.000000 1.526047 1.644465 3.960138 2.310144 1.704889 39.458677 1.492548 0.995459
Car -1 -1 -10 738.000000 180.000000 891.000000 236.000000 1.555949 1.572544 4.091569 6.049053 1.824153 21.322503 3.073629 0.986392
Car -1 -1 -10 140.000000 180.000000 398.000000 264.000000 1.553888 1.618050 4.215375 -6.716191 1.619356 12.956221 -3.243628 0.982132
Car -1 -1 -10 -8.000000 174.000000 295.000000 309.000000 1.634353 1.615148 4.008557 -6.589332 1.561822 9.905559 -0.105717 0.977286
Car -1 -1 -10 790.000000 182.000000 959.000000 255.000000 1.551227 1.610734 3.879979 6.141714 1.730851 16.223478 -0.041302 0.959557
Car -1 -1 -10 260.000000 166.000000 457.000000 239.000000 1.718360 1.681927 4.051745 -6.969324 1.763911 19.809363 -3.333631 0.945620
Car -1 -1 -10 3.000000 175.000000 148.000000 365.000000 1.453116 1.606562 3.922430 -6.087073 1.731899 6.296984 -0.017672 0.599971
Car -1 -1 -10 413.000000 176.000000 517.000000 210.000000 1.480516 1.529517 3.855672 -6.354993 1.656144 33.835154 -0.082187 0.517402
Car -1 -1 -10 724.000000 174.000000 832.000000 225.000000 1.661150 1.614455 4.019826 5.587359 1.798521 24.263756 3.012499 0.308716
Car -1 -1 -10 863.000000 174.000000 1152.000000 311.000000 1.528936 1.568071 3.849131 6.052961 1.528980 10.743837 0.041672 0.295967
Car -1 -1 -10 832.000000 179.000000 1036.000000 280.000000 1.504642 1.643326 4.090197 5.863575 1.562825 11.909131 -0.025683 0.185500
Cyclist -1 -1 -10 539.000000 174.000000 556.000000 209.000000 1.756086 0.567910 1.746493 -3.055450 1.813395 35.118378 -1.567052 0.715721
