Pedestrian -1 -1 -10 878.000000 156.000000 888.000000 181.000000 1.723468 0.696187 0.661787 15.920411 0.545089 42.027092 -1.657983 0.019749
Car -1 -1 -10 648.000000 178.000000 793.000000 278.000000 1.517321 1.594846 3.464783 1.873051 1.653073 12.608877 -1.766046 0.998684
Car -1 -1 -10 566.000000 172.000000 666.000000 214.000000 1.483401 1.587994 4.003066 0.295103 1.503878 28.231179 2.538907 0.997792
Car -1 -1 -10 811.000000 163.000000 920.000000 207.000000 1.513745 1.626971 3.946375 9.672332 1.247031 27.012088 -0.680851 0.997644
Car -1 -1 -10 888.000000 166.000000 970.000000 202.000000 1.511095 1.577149 3.521618 13.368381 1.325201 29.754964 -0.636425 0.990039
Car -1 -1 -10 942.000000 157.000000 1030.000000 198.000000 1.666127 1.641822 3.928781 16.967601 1.126450 32.385904 -0.624083 0.969210
Car -1 -1 -10 712.000000 169.000000 856.000000 213.000000 1.517428 1.574712 3.754709 6.027081 1.350933 24.023221 -0.631792 0.906860
Car -1 -1 -10 713.000000 171.000000 790.000000 207.000000 1.524241 1.504203 3.205061 5.378009 0.772669 24.676725 1.776570 0.050092
Cyclist -1 -1 -10 678.000000 178.000000 696.000000 208.000000 1.692635 0.493583 1.554206 2.043245 1.493076 15.705885 -0.817038 0.084637
Cyclist -1 -1 -10 684.000000 175.000000 705.000000 214.000000 1.686760 0.500447 1.519067 2.410520 1.372853 17.894811 -0.798763 0.020145
Cyclist -1 -1 -10 700.000000 170.000000 745.000000 209.000000 1.682791 0.642842 1.604975 4.803199 1.732252 31.202046 -1.961480 0.016107
