Pedestrian -1 -1 -10 167.000000 164.000000 234.000000 338.000000 1.798031 0.643697 0.718828 -4.419349 1.611275 7.946547 1.164037 0.997313
Pedestrian -1 -1 -10 795.000000 153.000000 857.000000 319.000000 1.793579 0.664765 0.830994 2.519798 1.459727 8.212981 2.278095 0.997250
Pedestrian -1 -1 -10 1012.000000 137.000000 1143.000000 362.000000 1.794569 0.592006 1.061131 3.763938 1.435286 5.864728 -2.100387 0.995968
Pedestrian -1 -1 -10 518.000000 167.000000 541.000000 231.000000 1.745745 0.644331 0.691413 -2.103879 1.345126 20.186903 1.848370 0.989753
Pedestrian -1 -1 -10 59.000000 174.000000 136.000000 304.000000 1.760710 0.549558 0.989081 -7.164288 1.752733 10.261873 -3.662702 0.940130
Pedestrian -1 -1 -10 613.000000 166.000000 637.000000 231.000000 1.792858 0.653750 0.849887 0.701273 1.390967 20.801232 2.632351 0.909341
Pedestrian -1 -1 -10 600.000000 164.000000 622.000000 230.000000 1.771852 0.619239 0.856983 0.168792 1.425104 22.114155 2.616678 0.731325
Pedestrian -1 -1 -10 768.000000 183.000000 795.000000 260.000000 1.650602 0.611934 0.669705 3.248473 1.663330 12.920817 0.293044 0.525513
Pedestrian -1 -1 -10 0.000000 191.000000 44.000000 360.000000 1.719849 0.564501 0.661672 -6.081715 1.687137 7.330988 -2.303923 0.520385
Pedestrian -1 -1 -10 120.000000 159.000000 155.000000 264.000000 1.815568 0.601301 0.774412 -8.178281 1.278319 12.894476 0.448441 0.499737
Pedestrian -1 -1 -10 107.000000 156.000000 186.000000 268.000000 1.838490 0.713335 0.884458 -7.919102 1.363509 12.930637 -0.109466 0.211614
Pedestrian -1 -1 -10 133.000000 155.000000 170.000000 256.000000 1.821463 0.638548 0.791883 -8.696189 1.339703 13.927546 0.517525 0.181317
Pedestrian -1 -1 -10 103.000000 163.000000 145.000000 278.000000 1.742325 0.594465 0.596552 -9.421734 1.450078 14.449571 -3.727678 0.148728
Pedestrian -1 -1 -10 737.000000 180.000000 761.000000 230.000000 1.675798 0.584084 0.629953 4.494409 1.265983 20.504830 2.719091 0.066231
Pedestrian -1 -1 -10 173.000000 168.000000 211.000000 267.000000 1.660368 0.575307 0.642461 -7.162450 2.071356 12.381238 -1.629754 0.062087
Pedestrian -1 -1 -10 177.000000 168.000000 201.000000 233.000000 1.688078 0.566028 0.732174 -7.550051 1.146177 12.861159 -0.501939 0.051105
Pedestrian -1 -1 -10 777.000000 180.000000 816.000000 265.000000 1.701449 0.593345 0.722662 3.400893 1.609208 12.867393 0.625141 0.041497
Car -1 -1 -10 361.000000 158.000000 493.000000 254.000000 2.003201 1.783214 4.342475 -3.958966 1.416797 16.692428 1.529501 0.977914
Car -1 -1 -10 437.000000 163.000000 523.000000 228.000000 1.790572 1.660084 4.229193 -3.619275 1.240195 23.888529 1.548464 0.242608
Cyclist -1 -1 -10 0.000000 193.000000 43.000000 361.000000 1.710510 0.737691 1.673928 -6.247947 1.540389 7.190389 2.449880 0.047069
