Pedestrian -1 -1 -10 708.000000 169.000000 719.000000 197.000000 1.808355 0.607239 0.996064 6.864213 1.572597 48.486216 2.303304 0.240142
Pedestrian -1 -1 -10 668.000000 168.000000 677.000000 196.000000 1.751347 0.638799 0.786661 4.163152 1.663281 48.462863 1.219222 0.209066
Pedestrian -1 -1 -10 726.000000 170.000000 734.000000 195.000000 1.714443 0.591811 0.700528 7.689300 1.236481 45.207066 0.829068 0.067784
Car -1 -1 -10 376.000000 180.000000 468.000000 239.000000 1.517048 1.536948 3.542568 -4.985168 1.687901 19.640822 1.613986 0.999371
Car -1 -1 -10 726.000000 179.000000 859.000000 262.000000 1.485570 1.653254 4.051939 3.522912 1.637371 15.005019 -1.650455 0.997347
Car -1 -1 -10 787.000000 183.000000 1027.000000 330.000000 1.511062 1.611294 3.746416 3.522276 1.663393 9.374699 -1.560741 0.997308
Car -1 -1 -10 432.000000 177.000000 501.000000 225.000000 1.517194 1.582194 3.836340 -4.820894 1.627935 24.260799 1.606528 0.995711
Car -1 -1 -10 709.000000 177.000000 785.000000 231.000000 1.492235 1.596493 3.743805 3.744408 1.622636 20.479124 -1.557774 0.995052
Car -1 -1 -10 932.000000 196.000000 1248.000000 376.000000 1.520396 1.623446 3.897735 3.268405 1.712942 3.813603 -1.613429 0.991121
Car -1 -1 -10 1083.000000 170.000000 1233.000000 238.000000 1.522988 1.573886 3.702210 12.537596 1.103116 17.370360 2.172306 0.522045
Car -1 -1 -10 4.000000 221.000000 136.000000 371.000000 1.496430 1.617324 3.850100 -4.936647 1.776919 4.015892 -1.547972 0.330547
