Pedestrian -1 -1 -10 1216.000000 136.000000 1241.000000 199.000000 1.747770 0.609445 0.658448 18.465957 1.458091 21.519772 -0.968127 0.010496
Car -1 -1 -10 683.000000 179.000000 864.000000 304.000000 1.461641 1.592786 3.471330 2.148862 1.619133 10.480249 -1.716856 0.999299
Car -1 -1 -10 583.000000 170.000000 696.000000 215.000000 1.528151 1.607650 4.019410 1.050999 1.450091 25.910733 2.555911 0.998041
Car -1 -1 -10 852.000000 162.000000 973.000000 211.000000 1.522454 1.622297 3.921572 10.463538 1.203661 24.460360 -0.650288 0.997095
Car -1 -1 -10 931.000000 164.000000 1031.000000 206.000000 1.519153 1.590028 3.633903 14.329823 1.234276 27.126142 -0.569896 0.987967
Car -1 -1 -10 756.000000 166.000000 897.000000 220.000000 1.527307 1.588209 3.788825 6.822458 1.321067 21.715464 -0.598586 0.964889
Car -1 -1 -10 992.000000 156.000000 1094.000000 201.000000 1.675587 1.618896 3.863334 17.894848 1.017437 29.524678 -0.621570 0.958777
Car -1 -1 -10 727.000000 168.000000 834.000000 218.000000 1.496236 1.544940 3.757761 6.066311 1.175684 29.692770 2.482408 0.311569
Car -1 -1 -10 1098.000000 158.000000 1170.000000 191.000000 1.512785 1.574800 3.725848 26.284777 1.706418 33.746241 -1.614983 0.020304
Cyclist -1 -1 -10 716.000000 179.000000 739.000000 222.000000 1.672999 0.640451 1.695399 5.227199 1.421456 29.900651 -1.997221 0.129383
Cyclist -1 -1 -10 717.000000 175.000000 765.000000 223.000000 1.711928 0.562398 1.683661 5.193747 1.585578 28.742761 -1.430777 0.083897
Cyclist -1 -1 -10 734.000000 171.000000 756.000000 221.000000 1.696261 0.528331 1.715206 5.475294 1.589518 28.704238 -0.881736 0.076616
Cyclist -1 -1 -10 721.000000 169.000000 830.000000 216.000000 1.679716 0.662497 1.608514 6.413659 1.454562 29.088865 3.336355 0.065267
Cyclist -1 -1 -10 728.000000 172.000000 746.000000 226.000000 1.670936 0.536379 1.629744 5.187048 1.455014 29.097644 -0.862158 0.029268
Cyclist -1 -1 -10 1216.000000 136.000000 1241.000000 199.000000 1.758600 0.621552 1.677572 18.597837 1.233264 21.962711 -2.377550 0.024648
Cyclist -1 -1 -10 1151.000000 156.000000 1203.000000 203.000000 1.690953 0.553852 1.473987 25.598484 0.812825 31.391794 -0.884940 0.023672
