Pedestrian -1 -1 -10 331.000000 178.000000 342.000000 211.000000 1.725583 0.615849 0.793520 -15.478421 1.857335 40.653008 0.782397 0.039926
Pedestrian -1 -1 -10 343.000000 179.000000 353.000000 209.000000 1.723565 0.606577 0.735035 -15.021426 1.861686 41.274670 -2.377465 0.037527
Pedestrian -1 -1 -10 700.000000 159.000000 721.000000 193.000000 1.736972 0.663275 0.762931 5.308250 0.604128 35.932930 -1.303769 0.028061
Pedestrian -1 -1 -10 565.000000 166.000000 582.000000 195.000000 1.738519 0.676915 0.864768 -2.194900 0.849698 45.632098 -1.586741 0.010016
Car -1 -1 -10 497.000000 175.000000 546.000000 210.000000 1.512555 1.611167 3.673744 -3.710817 1.232427 31.415158 -1.584902 0.998985
Car -1 -1 -10 1071.000000 134.000000 1225.000000 199.000000 1.580458 1.616193 3.922822 13.711887 0.433999 17.411681 3.171263 0.850759
Cyclist -1 -1 -10 632.000000 162.000000 671.000000 197.000000 1.785148 0.522168 1.771714 2.430854 0.792865 39.466445 0.008514 0.997885
Cyclist -1 -1 -10 353.000000 175.000000 384.000000 218.000000 1.748568 0.456695 1.724896 -10.286020 1.578402 30.656689 -1.518829 0.988048
Cyclist -1 -1 -10 696.000000 160.000000 727.000000 194.000000 1.731462 0.668669 1.789678 5.268963 0.717233 36.086836 0.166738 0.699295
Cyclist -1 -1 -10 559.000000 169.000000 588.000000 194.000000 1.710853 0.695485 1.789685 -2.069170 0.860525 45.825485 -0.109292 0.101024
