Pedestrian -1 -1 -10 789.000000 170.000000 858.000000 370.000000 1.688602 0.711357 0.790106 1.804708 1.647424 6.379904 -1.682010 0.989708
Pedestrian -1 -1 -10 410.000000 188.000000 440.000000 264.000000 1.734886 0.688012 0.648910 -3.480407 2.070110 13.723758 -2.282218 0.187904
Pedestrian -1 -1 -10 385.000000 187.000000 455.000000 265.000000 1.707686 0.796132 0.788523 -3.557730 1.999468 13.570588 1.345088 0.037225
Pedestrian -1 -1 -10 815.000000 189.000000 921.000000 363.000000 1.734744 0.731119 0.745516 1.968750 1.939068 5.079084 -0.887993 0.030382
Pedestrian -1 -1 -10 790.000000 187.000000 1159.000000 376.000000 1.734648 0.687268 0.932034 1.912380 1.734517 4.933613 0.548274 0.024782
Pedestrian -1 -1 -10 770.000000 176.000000 839.000000 266.000000 1.695398 0.613243 0.543413 1.845458 1.464123 6.497413 -0.726080 0.013037
Car -1 -1 -10 828.000000 183.000000 1128.000000 376.000000 1.478139 1.650533 4.005860 2.850997 1.527387 6.349736 -1.440118 0.998539
Car -1 -1 -10 763.000000 178.000000 824.000000 229.000000 1.477892 1.604496 3.888890 5.962314 1.675997 23.844751 -1.425793 0.984176
Car -1 -1 -10 351.000000 189.000000 481.000000 259.000000 1.519225 1.588067 3.879761 -4.399013 1.910562 14.881949 1.917485 0.961164
Car -1 -1 -10 790.000000 191.000000 918.000000 358.000000 1.548559 1.624648 3.894715 2.740891 1.530952 5.839711 1.453118 0.089066
Car -1 -1 -10 751.000000 168.000000 789.000000 208.000000 1.752569 1.697402 4.078150 8.975899 1.681485 40.297192 -1.402764 0.047702
Car -1 -1 -10 772.000000 183.000000 860.000000 237.000000 1.560922 1.648929 3.930293 6.456581 1.666585 23.870316 -1.190343 0.013662
Cyclist -1 -1 -10 788.000000 181.000000 865.000000 362.000000 1.753319 0.587220 1.783629 1.805639 1.652154 6.342702 -1.691086 0.367872
Cyclist -1 -1 -10 770.000000 176.000000 839.000000 266.000000 1.702378 0.476684 1.402083 5.084523 2.298239 18.067027 1.289242 0.018494
