Pedestrian -1 -1 -10 816.000000 146.000000 854.000000 249.000000 1.768851 0.748965 0.921432 4.777141 1.247000 15.232918 -1.267349 0.939486
Pedestrian -1 -1 -10 852.000000 144.000000 886.000000 243.000000 1.642232 0.697714 0.816511 5.394299 1.077814 14.834601 -1.275583 0.507491
Pedestrian -1 -1 -10 770.000000 165.000000 918.000000 262.000000 1.683280 0.612588 0.624024 4.908650 1.230935 14.533789 2.835975 0.016671
Pedestrian -1 -1 -10 837.000000 148.000000 868.000000 249.000000 1.642313 0.761030 0.546663 5.035504 0.994496 14.992296 2.083280 0.010290
Pedestrian -1 -1 -10 1037.000000 147.000000 1058.000000 192.000000 1.707775 0.629447 0.650066 14.445104 0.883620 23.981642 2.573248 0.010259
Car -1 -1 -10 58.000000 194.000000 298.000000 324.000000 1.492969 1.555687 3.627260 -5.946559 1.872098 10.486820 1.526907 0.997518
Car -1 -1 -10 748.000000 180.000000 938.000000 302.000000 1.462160 1.619791 3.664604 3.099205 1.582630 10.365992 -1.633646 0.997175
Car -1 -1 -10 841.000000 185.000000 1232.000000 372.000000 1.495073 1.600185 3.868932 3.032212 1.644257 4.550613 -1.660410 0.990410
Car -1 -1 -10 289.000000 173.000000 409.000000 222.000000 1.882627 1.740962 4.231657 -12.278077 2.110634 34.834022 -3.100594 0.900268
Car -1 -1 -10 1.000000 209.000000 95.000000 374.000000 1.571015 1.618120 3.858609 -5.916832 1.885573 5.475358 1.563027 0.832336
Car -1 -1 -10 156.000000 193.000000 244.000000 226.000000 1.501009 1.549431 3.761246 -20.000727 2.409258 34.995782 -3.194823 0.089505
Car -1 -1 -10 1024.000000 155.000000 1129.000000 187.000000 1.505701 1.610723 3.796958 17.842793 0.718644 26.877459 1.635934 0.073773
Car -1 -1 -10 780.000000 164.000000 904.000000 268.000000 1.526335 1.594662 3.908455 5.730949 0.858616 16.180090 -0.834665 0.019490
Cyclist -1 -1 -10 802.000000 159.000000 865.000000 236.000000 1.714390 0.535394 1.554763 3.532187 1.513280 10.825589 -0.621877 0.577083
Cyclist -1 -1 -10 770.000000 165.000000 918.000000 262.000000 1.715241 0.679144 1.626581 4.677491 1.341307 15.353212 -1.358696 0.276690
Cyclist -1 -1 -10 811.000000 164.000000 835.000000 232.000000 1.659947 0.558082 1.602011 4.573799 1.091687 15.539672 -1.353781 0.038915
Cyclist -1 -1 -10 847.000000 147.000000 891.000000 243.000000 1.648491 0.709794 1.816358 5.357851 1.055647 14.944000 -0.607107 0.029385
