Car -1 -1 -10 102.000000 190.000000 315.000000 306.000000 1.620839 1.625681 3.916979 -6.570017 1.749348 12.575690 -1.657258 0.999321
Car -1 -1 -10 667.000000 181.000000 729.000000 239.000000 1.538899 1.663775 3.816352 2.878190 1.496322 22.423940 -1.373640 0.999309
Car -1 -1 -10 305.000000 192.000000 403.000000 249.000000 1.535630 1.605239 3.738727 -7.264928 1.681829 20.747802 -1.666913 0.997194
Car -1 -1 -10 9.000000 206.000000 148.000000 263.000000 1.522844 1.620712 3.865471 -15.531115 2.320056 20.785957 -1.612008 0.465629
Car -1 -1 -10 82.000000 198.000000 247.000000 279.000000 1.495234 1.598194 3.913128 -10.073148 2.010716 17.268711 -1.501829 0.228396
Car -1 -1 -10 0.000000 213.000000 75.000000 299.000000 1.514204 1.532315 3.324209 -5.237569 1.561008 7.052011 0.871348 0.088802
Car -1 -1 -10 268.000000 189.000000 320.000000 223.000000 1.581192 1.630478 3.923534 -16.436493 1.640800 39.148182 -3.345153 0.047890
Car -1 -1 -10 351.000000 191.000000 402.000000 221.000000 1.525163 1.636920 3.785900 -13.833842 1.798423 43.044103 -1.832188 0.047454
Car -1 -1 -10 214.000000 192.000000 275.000000 241.000000 1.498748 1.576429 3.666475 -11.123648 1.689469 23.085256 0.566471 0.018981
Car -1 -1 -10 241.000000 197.000000 300.000000 225.000000 1.509547 1.569727 3.565209 -17.866392 1.831721 38.100106 1.672291 0.012737
Car -1 -1 -10 291.000000 196.000000 344.000000 230.000000 1.490293 1.578861 3.733797 -12.742486 1.929763 30.928765 -1.849644 0.010522
