Car -1 -1 -10 415.000000 189.000000 477.000000 230.000000 1.487869 1.544364 3.611978 -6.271691 2.123787 27.687549 1.583056 0.998078
Car -1 -1 -10 652.000000 175.000000 703.000000 212.000000 1.525579 1.631302 3.940976 2.792086 1.605335 31.410095 -1.613769 0.987626
Car -1 -1 -10 450.000000 187.000000 501.000000 220.000000 1.454917 1.562886 3.929267 -6.214388 2.110747 33.354330 1.571730 0.986761
Car -1 -1 -10 131.000000 200.000000 209.000000 234.000000 1.523199 1.617271 3.828360 -20.834315 2.855881 34.490492 -1.528337 0.963448
Car -1 -1 -10 84.000000 204.000000 157.000000 236.000000 1.519512 1.614995 3.732898 -23.418992 3.032799 35.186809 -1.513102 0.886628
Car -1 -1 -10 29.000000 206.000000 115.000000 240.000000 1.442524 1.585912 3.734090 -25.799714 3.042303 35.254130 -1.528035 0.612767
Car -1 -1 -10 189.000000 200.000000 258.000000 233.000000 1.562340 1.654486 3.972386 -18.010528 2.787608 34.822090 -1.423908 0.534658
Car -1 -1 -10 -1.000000 216.000000 80.000000 372.000000 1.488943 1.580156 3.823870 -6.330915 2.101460 5.441190 1.572789 0.310262
Car -1 -1 -10 481.000000 179.000000 519.000000 209.000000 1.570455 1.626948 3.924307 -6.239081 2.003928 41.325228 1.480689 0.149569
Car -1 -1 -10 0.000000 199.000000 29.000000 241.000000 1.524238 1.504202 3.205063 -30.330207 3.936799 37.535987 0.893848 0.012814
