Pedestrian -1 -1 -10 270.000000 158.000000 316.000000 283.000000 1.748876 0.688635 0.672531 -4.754679 1.414851 10.926522 2.271857 0.996989
Pedestrian -1 -1 -10 1084.000000 44.000000 1123.000000 180.000000 1.717675 0.516311 0.832022 7.149097 0.706977 10.290890 3.085913 0.808034
Pedestrian -1 -1 -10 436.000000 184.000000 478.000000 276.000000 1.552148 0.761609 0.792903 -2.178919 1.630331 10.775209 -2.217484 0.385093
Pedestrian -1 -1 -10 394.000000 188.000000 439.000000 274.000000 1.571354 0.766056 0.802408 -2.785544 1.653486 10.682582 -1.415850 0.158667
Pedestrian -1 -1 -10 452.000000 184.000000 477.000000 241.000000 1.641703 0.575694 0.566850 -3.076490 1.197864 16.684215 2.857776 0.061487
Pedestrian -1 -1 -10 397.000000 190.000000 428.000000 245.000000 1.691691 0.541435 0.626904 -5.622740 1.717511 20.162968 0.380393 0.058780
Pedestrian -1 -1 -10 1099.000000 67.000000 1155.000000 182.000000 1.738673 0.513842 0.888572 7.136380 0.722755 9.909868 3.080808 0.058751
Pedestrian -1 -1 -10 411.000000 188.000000 468.000000 269.000000 1.660197 0.694162 0.769174 -2.372068 1.606948 10.606740 -1.421392 0.036606
Pedestrian -1 -1 -10 1121.000000 85.000000 1167.000000 174.000000 1.739854 0.556485 0.849104 7.134691 0.738023 9.604785 3.105877 0.034226
Pedestrian -1 -1 -10 427.000000 189.000000 458.000000 246.000000 1.690356 0.596684 0.521101 -2.098810 1.857149 10.014230 2.386220 0.030374
Car -1 -1 -10 771.000000 138.000000 1102.000000 360.000000 1.822438 1.653317 3.787321 3.165738 1.530118 7.748803 -1.609276 0.992869
Car -1 -1 -10 3.000000 221.000000 160.000000 368.000000 1.464001 1.614025 3.881071 -6.250705 1.928003 7.193053 1.601498 0.010616
Cyclist -1 -1 -10 374.000000 191.000000 425.000000 239.000000 1.692886 0.533571 1.576448 -5.759109 1.667303 19.805405 1.766609 0.013209
Cyclist -1 -1 -10 392.000000 190.000000 440.000000 271.000000 1.675508 0.668732 1.744795 -2.820606 1.601488 10.763436 -1.822264 0.012098
