Pedestrian -1 -1 -10 728.000000 153.000000 739.000000 209.000000 1.650093 0.585284 0.583573 2.602126 1.022207 15.051833 0.235977 0.196498
Pedestrian -1 -1 -10 742.000000 156.000000 755.000000 207.000000 1.739981 0.694809 0.864753 5.753175 1.001558 29.940008 -1.536379 0.185547
Car -1 -1 -10 391.000000 177.000000 468.000000 229.000000 1.601198 1.550430 3.626886 -5.692866 1.729589 23.203458 1.576637 0.998761
Car -1 -1 -10 777.000000 173.000000 1074.000000 346.000000 1.491221 1.640971 4.012466 3.329804 1.571126 8.438601 -1.624613 0.998726
Car -1 -1 -10 695.000000 172.000000 798.000000 239.000000 1.511508 1.624817 3.791619 3.096600 1.447472 17.115378 -1.615696 0.997244
Car -1 -1 -10 -2.000000 195.000000 289.000000 370.000000 1.476542 1.599914 3.916011 -5.570875 1.816349 8.229015 1.649885 0.988777
Car -1 -1 -10 1004.000000 187.000000 1242.000000 373.000000 1.551792 1.621120 3.799406 3.117174 1.648811 2.420572 1.539702 0.972496
Car -1 -1 -10 433.000000 175.000000 493.000000 216.000000 1.465805 1.573232 3.810907 -5.545018 1.565811 29.079935 -1.715787 0.953490
Car -1 -1 -10 677.000000 170.000000 746.000000 217.000000 1.484250 1.580118 3.686488 3.196167 1.428916 22.410602 -1.663554 0.872619
Car -1 -1 -10 95.000000 177.000000 240.000000 227.000000 1.488453 1.554851 3.817206 -14.604664 1.445629 24.948900 -3.214044 0.186373
Car -1 -1 -10 678.000000 172.000000 717.000000 207.000000 1.512820 1.555981 3.491431 3.064091 1.474526 31.055479 1.646910 0.031465
Car -1 -1 -10 798.000000 160.000000 877.000000 193.000000 1.530800 1.593105 3.922475 12.716343 0.788289 37.157118 -0.210158 0.019046
Car -1 -1 -10 162.000000 181.000000 266.000000 222.000000 1.534439 1.602938 3.949803 -14.216269 1.499862 25.044739 -0.534843 0.018498
