Pedestrian -1 -1 -10 752.000000 175.000000 775.000000 255.000000 1.710060 0.595806 0.777640 3.227188 1.712634 15.420849 -1.375977 0.419890
Pedestrian -1 -1 -10 761.000000 167.000000 800.000000 272.000000 1.666082 0.592111 0.787268 2.781127 1.590676 12.019606 -0.960618 0.202733
Pedestrian -1 -1 -10 765.000000 171.000000 790.000000 201.000000 1.683280 0.612588 0.624024 8.608538 1.194046 35.220201 2.750363 0.030154
Pedestrian -1 -1 -10 762.000000 174.000000 793.000000 223.000000 1.604200 0.597686 0.652312 3.756900 1.000019 15.598818 0.296194 0.022673
Pedestrian -1 -1 -10 775.000000 169.000000 798.000000 235.000000 1.705843 0.557045 0.598975 3.506118 1.622499 12.848257 3.247990 0.011747
Car -1 -1 -10 389.000000 189.000000 524.000000 279.000000 1.479484 1.566813 3.725448 -2.854233 1.862250 14.285895 1.659416 0.999366
Car -1 -1 -10 609.000000 180.000000 656.000000 211.000000 1.490356 1.605787 3.947904 1.294206 1.863705 37.921609 1.789687 0.996917
Car -1 -1 -10 628.000000 177.000000 674.000000 208.000000 1.515698 1.580183 3.802411 1.730789 2.069012 39.744771 2.022486 0.787791
Car -1 -1 -10 466.000000 176.000000 521.000000 213.000000 1.578190 1.625994 3.761366 -5.363563 1.851711 34.232970 -1.638327 0.123308
Cyclist -1 -1 -10 758.000000 165.000000 801.000000 277.000000 1.749150 0.602218 1.826040 2.716911 1.675732 12.119098 -1.395811 0.995324
Cyclist -1 -1 -10 747.000000 173.000000 779.000000 253.000000 1.682994 0.550266 1.796641 3.081053 1.713619 15.361111 -1.495982 0.615670
Cyclist -1 -1 -10 762.000000 172.000000 788.000000 248.000000 1.726938 0.580035 1.468281 3.341402 1.810246 15.254195 1.249253 0.014724
Cyclist -1 -1 -10 775.000000 169.000000 798.000000 235.000000 1.726486 0.530478 1.544544 3.723789 1.579232 14.218223 -0.672593 0.010206
