Car -1 -1 -10 569.000000 173.000000 656.000000 252.000000 1.561223 1.664101 3.814704 0.056390 1.335414 16.547940 -1.572373 0.999288
Car -1 -1 -10 88.000000 181.000000 228.000000 240.000000 1.527043 1.579986 3.738767 -12.883721 1.530279 20.825956 -1.529928 0.999238
Car -1 -1 -10 342.000000 187.000000 455.000000 258.000000 1.453720 1.553860 3.614216 -4.686643 1.492989 16.311765 -1.568250 0.999180
Car -1 -1 -10 438.000000 180.000000 510.000000 227.000000 1.480558 1.629083 4.078574 -4.494728 1.335961 24.599471 -1.627228 0.999153
Car -1 -1 -10 254.000000 181.000000 366.000000 239.000000 1.466331 1.612840 3.879628 -8.315117 1.384022 20.591581 -1.552628 0.998547
Car -1 -1 -10 -4.000000 188.000000 189.000000 373.000000 1.504053 1.625646 3.774464 -4.065630 1.633674 3.792180 -1.565806 0.676735
Car -1 -1 -10 606.000000 170.000000 643.000000 212.000000 1.524239 1.504203 3.205062 2.614234 1.288953 55.023033 1.606240 0.213594
Car -1 -1 -10 0.000000 178.000000 109.000000 272.000000 1.475238 1.615256 3.787902 -12.384003 1.566717 14.281108 -1.600906 0.042252
Car -1 -1 -10 407.000000 182.000000 447.000000 210.000000 1.572416 1.622680 3.945228 -8.481771 1.165277 33.893076 -1.738514 0.037603
Car -1 -1 -10 359.000000 169.000000 410.000000 209.000000 1.523342 1.629570 3.600508 -11.933775 0.795597 39.229811 -0.116318 0.033601
Car -1 -1 -10 619.000000 179.000000 652.000000 207.000000 1.516964 1.612012 3.836765 2.908093 1.188298 55.830832 -1.566767 0.026485
