Car -1 -1 -10 214.000000 196.000000 386.000000 289.000000 1.583262 1.625156 3.933432 -5.795487 2.034072 13.943962 1.577891 0.999623
Car -1 -1 -10 807.000000 153.000000 931.000000 199.000000 1.544728 1.646807 4.111768 9.614218 0.910672 26.895894 1.318690 0.998326
Car -1 -1 -10 337.000000 193.000000 439.000000 255.000000 1.484398 1.575525 3.847394 -5.832899 1.985162 19.352943 1.574641 0.996585
Car -1 -1 -10 391.000000 190.000000 472.000000 238.000000 1.456233 1.543505 3.716058 -5.765987 2.009134 24.190861 1.556555 0.994262
Car -1 -1 -10 663.000000 175.000000 711.000000 209.000000 1.522223 1.549139 3.722736 3.440469 1.686951 34.207634 1.525851 0.970577
Car -1 -1 -10 438.000000 187.000000 501.000000 223.000000 1.509520 1.554082 3.758336 -5.760432 2.054298 30.073775 1.569802 0.969629
Car -1 -1 -10 482.000000 184.000000 524.000000 215.000000 1.566266 1.593352 3.968278 -5.582961 2.126319 37.919640 1.641294 0.957084
Car -1 -1 -10 746.000000 160.000000 850.000000 196.000000 1.541772 1.638763 4.108125 8.118214 1.289730 32.027511 1.241961 0.479923
Car -1 -1 -10 1120.000000 132.000000 1242.000000 176.000000 1.555353 1.646572 4.009335 22.744005 0.195487 29.125324 0.129008 0.148936
Car -1 -1 -10 650.000000 175.000000 692.000000 203.000000 1.672437 1.368037 2.633277 3.719420 1.802515 39.376425 -1.605328 0.134517
