Car -1 -1 -10 632.000000 178.000000 700.000000 229.000000 1.444043 1.626596 3.860934 1.689851 1.643791 23.119476 -1.636175 0.999233
Car -1 -1 -10 614.000000 174.000000 652.000000 205.000000 1.551239 1.596929 3.927287 1.092510 1.840112 38.542252 -1.580306 0.980501
Car -1 -1 -10 856.000000 172.000000 1238.000000 354.000000 1.553369 1.663041 4.053547 5.515352 1.648872 7.941043 -0.010808 0.947994
Car -1 -1 -10 185.000000 182.000000 448.000000 248.000000 1.478334 1.664118 4.433913 -7.283619 1.725399 17.465175 -3.434188 0.815201
Car -1 -1 -10 1074.000000 203.000000 1241.000000 371.000000 1.504540 1.625548 3.982220 5.145482 1.682154 5.082027 1.719206 0.668844
Car -1 -1 -10 439.000000 179.000000 497.000000 210.000000 1.393218 1.516866 3.204947 -4.355944 1.322518 22.639908 0.601184 0.621593
Car -1 -1 -10 1.000000 179.000000 108.000000 369.000000 1.489738 1.617107 4.016571 -6.827654 1.736743 6.410593 -3.251230 0.543693
Car -1 -1 -10 318.000000 182.000000 450.000000 260.000000 1.572681 1.664063 3.958384 -6.590544 1.819448 18.172440 -3.311196 0.049060
Car -1 -1 -10 892.000000 168.000000 1171.000000 281.000000 1.684021 1.576668 3.737587 5.361809 1.562417 9.942001 -0.037711 0.016383
Car -1 -1 -10 304.000000 181.000000 413.000000 232.000000 1.481851 1.551849 3.704396 -8.036001 1.172866 23.497798 1.865124 0.013368
Car -1 -1 -10 389.000000 181.000000 483.000000 214.000000 1.674706 1.679178 4.222308 -7.502837 1.558223 31.455080 -3.221810 0.011241
Cyclist -1 -1 -10 369.000000 178.000000 442.000000 289.000000 1.733475 0.629273 1.761068 -3.294032 1.822742 11.711172 1.501649 0.999464
Cyclist -1 -1 -10 399.000000 186.000000 447.000000 232.000000 1.717800 0.572979 1.570928 -6.082427 1.741809 24.506503 -1.190839 0.131027
Cyclist -1 -1 -10 293.000000 182.000000 432.000000 243.000000 1.660107 0.867133 1.860471 -6.241648 1.875769 16.870038 0.136904 0.079584
