Pedestrian -1 -1 -10 914.000000 141.000000 1008.000000 372.000000 1.750264 0.580990 0.872650 2.480975 1.509839 5.388930 1.553911 0.986967
Pedestrian -1 -1 -10 808.000000 171.000000 877.000000 336.000000 1.643402 0.678243 0.638937 2.324005 1.612533 7.253676 1.864712 0.974440
Pedestrian -1 -1 -10 1079.000000 115.000000 1241.000000 365.000000 1.703019 0.637843 0.886309 2.874590 1.329038 3.660368 -1.886772 0.626708
Pedestrian -1 -1 -10 860.000000 163.000000 1075.000000 357.000000 1.737836 0.679807 0.819693 2.687463 1.522289 5.609114 1.603878 0.333459
Pedestrian -1 -1 -10 936.000000 155.000000 990.000000 299.000000 1.751514 0.608357 0.656574 3.065851 1.277522 6.390031 -1.209683 0.123530
Pedestrian -1 -1 -10 34.000000 199.000000 56.000000 249.000000 1.726679 0.631347 0.772581 -15.216234 2.130358 19.626374 1.468023 0.015557
Pedestrian -1 -1 -10 913.000000 173.000000 999.000000 252.000000 1.691566 0.530172 0.577314 5.729626 1.488666 11.262603 3.437502 0.013322
Car -1 -1 -10 602.000000 180.000000 630.000000 207.000000 1.552614 1.611667 4.148797 0.305718 2.042071 46.679584 -1.573612 0.999181
Car -1 -1 -10 348.000000 191.000000 414.000000 229.000000 1.497597 1.633065 4.063351 -9.530025 2.247712 30.530441 1.590051 0.996480
Car -1 -1 -10 373.000000 189.000000 420.000000 216.000000 1.482506 1.574935 3.920531 -9.426455 2.159226 30.542187 1.572764 0.061421
Car -1 -1 -10 1002.000000 132.000000 1241.000000 369.000000 1.566153 1.598616 3.650817 3.897717 1.221262 3.574737 -2.026304 0.012497
Cyclist -1 -1 -10 1026.000000 116.000000 1246.000000 374.000000 1.667446 0.658988 1.726807 2.813997 1.340824 3.826959 3.682446 0.937255
Cyclist -1 -1 -10 803.000000 167.000000 887.000000 339.000000 1.686011 0.469826 1.744861 2.248005 1.652933 7.209707 -1.653129 0.874964
Cyclist -1 -1 -10 870.000000 157.000000 1063.000000 363.000000 1.715367 0.600994 1.766759 2.430296 1.393448 5.426714 1.610188 0.731946
Cyclist -1 -1 -10 913.000000 139.000000 1001.000000 379.000000 1.794194 0.595140 1.750771 2.363671 1.497599 5.530958 -0.565661 0.077145
Cyclist -1 -1 -10 884.000000 168.000000 982.000000 278.000000 1.692707 0.486740 1.518260 5.371522 1.323910 11.449797 -1.782439 0.042996
Cyclist -1 -1 -10 922.000000 151.000000 991.000000 255.000000 1.712601 0.529591 1.517662 3.721847 1.334310 7.231534 -0.470282 0.023529
Cyclist -1 -1 -10 1046.000000 232.000000 1065.000000 271.000000 1.788188 0.409659 1.210871 9.362667 2.145271 14.526217 -1.024959 0.011121
