Car -1 -1 -10 556.000000 174.000000 626.000000 241.000000 1.546616 1.637957 3.551500 -0.512866 1.311720 19.056097 -1.612378 0.999085
Car -1 -1 -10 317.000000 192.000000 485.000000 290.000000 1.468031 1.605179 3.994379 -3.240961 1.524416 12.013876 -1.621507 0.995232
Car -1 -1 -10 425.000000 181.000000 517.000000 244.000000 1.520336 1.613496 3.973779 -3.362455 1.371240 18.809489 -1.580312 0.994540
Car -1 -1 -10 480.000000 176.000000 537.000000 224.000000 1.643616 1.628416 3.935165 -3.655338 1.311658 25.956252 -1.584078 0.912236
Car -1 -1 -10 517.000000 176.000000 557.000000 208.000000 1.565940 1.587681 3.659547 -2.898687 1.248192 35.924968 1.526957 0.662072
Car -1 -1 -10 399.000000 175.000000 449.000000 211.000000 1.552315 1.613098 4.058472 -8.417259 1.009738 33.394848 -1.777368 0.133533
Car -1 -1 -10 284.000000 178.000000 401.000000 253.000000 1.529745 1.614184 3.752519 -7.920869 1.247449 21.043983 -1.551558 0.020388
Car -1 -1 -10 458.000000 180.000000 512.000000 221.000000 1.489979 1.570803 3.655906 -3.861823 1.044834 25.170932 0.905281 0.016102
Car -1 -1 -10 398.000000 181.000000 461.000000 230.000000 1.571720 1.614538 3.983804 -8.244874 0.941525 33.374731 1.434163 0.015767
Car -1 -1 -10 563.000000 174.000000 609.000000 214.000000 1.539949 1.504921 3.161815 -0.277315 1.474759 20.158319 1.501700 0.015319
Car -1 -1 -10 311.000000 181.000000 388.000000 227.000000 1.521405 1.617534 3.777930 -7.934525 1.270165 21.019098 -1.549302 0.015029
