Car -1 -1 -10 670.000000 180.000000 746.000000 232.000000 1.489167 1.608926 3.790379 2.751673 1.713759 21.500548 -1.588265 0.998801
Car -1 -1 -10 228.000000 196.000000 373.000000 278.000000 1.483048 1.584984 3.784311 -6.249771 1.997856 14.943568 1.560692 0.998623
Car -1 -1 -10 894.000000 161.000000 1163.000000 241.000000 1.500182 1.712720 4.268692 8.199859 1.382640 14.411321 3.201587 0.998218
Car -1 -1 -10 466.000000 183.000000 510.000000 214.000000 1.537426 1.567069 3.790353 -6.204660 2.073176 37.170543 1.604990 0.991552
Car -1 -1 -10 375.000000 183.000000 470.000000 238.000000 1.703945 1.685018 4.172804 -6.534925 2.075801 25.294369 -3.322395 0.980938
Car -1 -1 -10 3.000000 211.000000 312.000000 371.000000 1.478324 1.593896 3.758594 -3.787921 1.861676 5.502711 1.576206 0.943659
Car -1 -1 -10 792.000000 159.000000 940.000000 213.000000 1.525352 1.654979 4.115309 8.061357 1.251369 23.842459 3.150680 0.500525
Car -1 -1 -10 852.000000 161.000000 1048.000000 231.000000 1.653502 1.665273 3.963407 8.016978 1.271127 17.496590 3.146387 0.316215
Car -1 -1 -10 1030.000000 149.000000 1139.000000 191.000000 1.588748 1.573923 3.973546 21.234463 0.750312 31.270758 1.520624 0.198930
Car -1 -1 -10 368.000000 199.000000 440.000000 242.000000 1.442657 1.614483 4.014044 -6.392039 2.053910 22.750284 1.476270 0.087354
Car -1 -1 -10 485.000000 183.000000 520.000000 209.000000 1.550573 1.530780 3.674658 -6.263996 1.985050 41.310673 1.553698 0.067367
Car -1 -1 -10 698.000000 167.000000 772.000000 192.000000 1.598050 1.648042 4.086802 8.814666 1.253538 49.385421 3.159922 0.052629
Car -1 -1 -10 1149.000000 139.000000 1238.000000 187.000000 1.588699 1.683960 4.061220 22.516939 0.621601 27.113687 -0.028412 0.022672
Car -1 -1 -10 931.000000 160.000000 1056.000000 206.000000 1.526417 1.625667 3.821329 21.127075 0.678400 32.173892 -1.683311 0.012055
Car -1 -1 -10 1193.000000 132.000000 1241.000000 188.000000 1.709243 1.650069 3.919079 20.955915 0.328653 22.601217 1.543737 0.011080
