Car -1 -1 -10 343.000000 185.000000 467.000000 261.000000 1.505082 1.595213 3.770729 -4.513027 1.824841 16.428933 1.602943 0.999516
Car -1 -1 -10 534.000000 178.000000 569.000000 204.000000 1.586137 1.613002 3.839619 -3.514594 1.871894 43.425215 1.623638 0.998538
Car -1 -1 -10 424.000000 184.000000 507.000000 236.000000 1.465707 1.556779 3.764348 -4.338533 1.868374 22.072796 1.615679 0.998301
Car -1 -1 -10 774.000000 187.000000 967.000000 297.000000 1.480241 1.640933 3.754893 3.829498 1.732507 11.496765 -1.548406 0.996993
Car -1 -1 -10 882.000000 184.000000 1238.000000 373.000000 1.545927 1.594049 3.673884 3.883602 1.723993 6.441043 -1.613564 0.996034
Car -1 -1 -10 702.000000 179.000000 779.000000 233.000000 1.484204 1.627128 3.975626 3.940185 1.742105 22.152040 -1.576956 0.995867
Car -1 -1 -10 734.000000 181.000000 834.000000 253.000000 1.525443 1.602029 3.663635 3.925499 1.716580 17.014798 -1.524230 0.995217
Car -1 -1 -10 467.000000 183.000000 529.000000 224.000000 1.473724 1.592577 3.940309 -4.185129 1.821999 27.584094 1.593314 0.993112
Car -1 -1 -10 691.000000 178.000000 740.000000 219.000000 1.576745 1.598709 3.635846 4.798924 1.914006 32.199310 -1.512956 0.957085
Car -1 -1 -10 687.000000 177.000000 722.000000 209.000000 1.509536 1.588872 3.781803 4.650871 1.601983 32.799239 -1.557366 0.229771
Car -1 -1 -10 971.000000 178.000000 1086.000000 218.000000 1.548318 1.661707 4.083682 15.564947 1.374478 26.820331 -1.646233 0.057064
Cyclist -1 -1 -10 960.000000 183.000000 1071.000000 225.000000 1.657035 0.443599 1.596374 11.832248 1.669522 22.665470 -1.542934 0.025746
