Pedestrian -1 -1 -10 1.000000 167.000000 39.000000 336.000000 1.742731 0.610026 0.665617 -6.984361 1.563354 8.417219 0.411522 0.093434
Car -1 -1 -10 229.000000 176.000000 396.000000 247.000000 1.535881 1.612563 3.746288 -6.867993 1.703517 17.360864 -3.099666 0.997439
Car -1 -1 -10 779.000000 192.000000 1078.000000 375.000000 1.506686 1.581549 3.842988 3.020508 1.795550 7.680724 1.517634 0.996953
Car -1 -1 -10 644.000000 179.000000 681.000000 212.000000 1.459501 1.594640 3.816622 2.928357 1.869604 35.445931 -1.458548 0.995778
Car -1 -1 -10 295.000000 178.000000 467.000000 236.000000 1.536892 1.606361 4.012922 -6.615705 1.499485 21.000720 -0.228020 0.983856
Car -1 -1 -10 363.000000 179.000000 496.000000 224.000000 1.506317 1.542877 3.781209 -5.634143 1.749792 27.660858 0.239450 0.815879
Car -1 -1 -10 945.000000 75.000000 1223.000000 374.000000 1.659210 1.630917 3.808546 2.661100 1.309953 2.070189 1.556908 0.241691
Car -1 -1 -10 421.000000 178.000000 514.000000 215.000000 1.537430 1.640160 3.986988 -5.460914 1.626782 35.284575 -0.346262 0.187507
Car -1 -1 -10 936.000000 186.000000 1096.000000 375.000000 1.556112 1.612091 3.795745 2.681678 1.367459 1.995638 -1.606701 0.035343
Car -1 -1 -10 672.000000 174.000000 760.000000 225.000000 1.550048 1.530846 3.225656 3.269759 1.349325 20.580731 1.730303 0.018891
Car -1 -1 -10 458.000000 178.000000 541.000000 207.000000 1.550775 1.618943 3.946688 -5.517718 1.503234 39.751781 -3.193355 0.013590
Car -1 -1 -10 674.000000 135.000000 797.000000 250.000000 2.308268 1.852787 4.628241 3.057284 1.671154 17.554045 -1.662581 0.012819
