Pedestrian -1 -1 -10 303.000000 169.000000 353.000000 304.000000 1.721491 0.598327 0.932567 -3.811917 1.498491 10.010352 -1.484586 0.998352
Pedestrian -1 -1 -10 728.000000 164.000000 762.000000 246.000000 1.768543 0.649763 0.686313 3.009829 1.635543 15.012579 2.763570 0.980846
Pedestrian -1 -1 -10 480.000000 169.000000 502.000000 209.000000 1.792853 0.701270 1.006761 -5.288038 1.295460 33.051347 2.535281 0.111881
Pedestrian -1 -1 -10 527.000000 177.000000 545.000000 210.000000 1.618885 0.718989 0.812324 -2.911700 1.393922 32.497381 -2.045580 0.047451
Pedestrian -1 -1 -10 534.000000 177.000000 551.000000 209.000000 1.574227 0.694487 0.799765 -2.586397 1.415993 32.592061 -1.650036 0.021470
Car -1 -1 -10 648.000000 166.000000 703.000000 213.000000 1.682943 1.645092 3.657910 2.831249 1.112822 29.564157 -1.627106 0.979640
Car -1 -1 -10 15.000000 89.000000 240.000000 371.000000 1.504702 1.627594 3.787794 -2.729482 1.038782 1.798025 1.610668 0.102716
Car -1 -1 -10 669.000000 176.000000 708.000000 218.000000 1.606462 1.642260 3.966350 3.352843 1.144215 29.837273 -1.473959 0.013187
Cyclist -1 -1 -10 480.000000 170.000000 502.000000 209.000000 1.715464 0.587019 1.697711 -5.287964 1.173833 33.215397 -2.175650 0.037277
Cyclist -1 -1 -10 648.000000 164.000000 704.000000 216.000000 1.749922 0.592199 1.785622 2.499618 1.259101 24.316728 1.219598 0.011639
Cyclist -1 -1 -10 727.000000 164.000000 763.000000 245.000000 1.714023 0.488974 1.599187 2.981020 1.429422 15.345841 2.342141 0.010630
