Pedestrian -1 -1 -10 655.000000 170.000000 680.000000 217.000000 1.802039 0.653460 0.862082 2.114960 1.747565 26.271797 2.720162 0.026363
Pedestrian -1 -1 -10 440.000000 182.000000 451.000000 222.000000 1.717033 0.602738 0.688901 -6.033076 1.898049 25.850125 0.878902 0.025406
Car -1 -1 -10 446.000000 178.000000 535.000000 248.000000 1.604714 1.630936 3.887836 -2.958348 1.730713 18.724221 -1.578287 0.998781
Car -1 -1 -10 585.000000 176.000000 612.000000 202.000000 1.599217 1.579193 3.891047 -0.646322 1.892460 46.855270 -1.600240 0.994600
Car -1 -1 -10 293.000000 187.000000 362.000000 223.000000 1.517430 1.645575 4.052318 -12.735127 2.235849 33.226899 1.546094 0.993480
Car -1 -1 -10 -1.000000 195.000000 205.000000 300.000000 1.509244 1.644123 4.040396 -9.793143 2.027515 13.811287 1.544564 0.990266
Cyclist -1 -1 -10 653.000000 166.000000 705.000000 219.000000 1.682996 0.665161 1.717647 2.180097 1.542752 25.467416 -2.037753 0.999090
Cyclist -1 -1 -10 650.000000 170.000000 681.000000 215.000000 1.707514 0.546695 1.636464 2.012374 1.498116 26.735328 1.181281 0.485538
Cyclist -1 -1 -10 171.000000 194.000000 206.000000 230.000000 1.649730 0.386294 1.599429 -16.229875 2.154596 27.968854 -2.510963 0.114228
Cyclist -1 -1 -10 650.000000 172.000000 666.000000 211.000000 1.729606 0.609598 1.722141 1.786217 1.422660 26.555911 1.186281 0.075038
Cyclist -1 -1 -10 668.000000 169.000000 694.000000 209.000000 1.659242 0.541875 1.730277 2.337771 1.388720 24.840161 -1.945100 0.016004
