Car -1 -1 -10 478.000000 185.000000 526.000000 221.000000 1.504358 1.608019 3.750755 -5.195985 2.242838 34.796563 1.571896 0.999616
Car -1 -1 -10 689.000000 187.000000 773.000000 249.000000 1.454357 1.639448 3.911558 3.050714 1.858106 19.327134 -1.553639 0.999185
Car -1 -1 -10 860.000000 177.000000 1003.000000 223.000000 1.509791 1.574283 3.770249 10.479399 1.536006 24.992808 -2.594835 0.994455
Car -1 -1 -10 948.000000 203.000000 1240.000000 371.000000 1.486521 1.593325 3.810397 3.597203 1.810849 3.817958 -1.581241 0.987399
Car -1 -1 -10 671.000000 184.000000 732.000000 230.000000 1.486450 1.630512 4.087792 3.070373 1.877686 25.201723 -1.563775 0.980739
Car -1 -1 -10 504.000000 182.000000 539.000000 215.000000 1.542484 1.647299 4.135321 -4.914700 2.242255 40.083899 1.608663 0.918017
Car -1 -1 -10 973.000000 165.000000 1161.000000 238.000000 1.586589 1.637468 4.088932 11.290334 1.481381 18.161532 -2.518882 0.884763
Car -1 -1 -10 655.000000 178.000000 682.000000 203.000000 1.536943 1.594367 3.886271 4.247327 2.046699 53.370874 -1.518516 0.846448
Car -1 -1 -10 3.000000 220.000000 166.000000 371.000000 1.517869 1.635482 3.788209 -4.954861 2.017629 4.974870 1.544562 0.606795
Car -1 -1 -10 274.000000 187.000000 358.000000 213.000000 1.518674 1.535060 3.316769 -13.670976 2.609304 36.213871 1.692186 0.548111
Car -1 -1 -10 948.000000 174.000000 1082.000000 232.000000 1.499212 1.552479 3.374562 11.189483 1.432520 19.948740 2.610402 0.112469
Cyclist -1 -1 -10 945.000000 200.000000 1232.000000 368.000000 1.710161 0.675163 1.887238 2.950320 1.961753 4.361290 -1.621241 0.014715
