Pedestrian -1 -1 -10 679.000000 160.000000 688.000000 191.000000 1.765191 0.653979 0.856166 4.975191 0.726783 48.875649 3.135782 0.017367
Car -1 -1 -10 654.000000 169.000000 713.000000 214.000000 1.490741 1.634561 3.725822 2.474749 1.357205 25.286867 -1.557065 0.998816
Car -1 -1 -10 419.000000 172.000000 532.000000 253.000000 1.512522 1.647178 4.154527 -2.777493 1.497161 15.724679 1.562231 0.997935
Car -1 -1 -10 8.000000 190.000000 400.000000 372.000000 1.476562 1.584197 3.792229 -2.759687 1.607834 4.437959 -1.579028 0.996359
Car -1 -1 -10 543.000000 166.000000 577.000000 193.000000 1.512763 1.638196 3.981392 -2.929117 1.166068 42.053842 1.586324 0.996300
Car -1 -1 -10 920.000000 190.000000 1253.000000 377.000000 1.469960 1.609982 3.836279 2.565950 1.640641 2.283317 -1.604916 0.909930
Car -1 -1 -10 770.000000 138.000000 1174.000000 371.000000 1.771250 1.674949 3.964668 2.816338 1.623471 6.831531 -1.614544 0.905150
Car -1 -1 -10 637.000000 166.000000 675.000000 198.000000 1.522975 1.611628 3.926733 3.246891 1.466804 37.629263 -0.848104 0.745038
Car -1 -1 -10 -3.000000 198.000000 212.000000 324.000000 1.508263 1.569219 3.635482 -2.117103 1.472653 3.563209 0.508667 0.051908
Car -1 -1 -10 1.000000 200.000000 179.000000 268.000000 1.525569 1.534631 3.239399 -8.475008 1.704475 12.570725 0.914977 0.032053
