Pedestrian -1 -1 -10 810.000000 164.000000 830.000000 213.000000 1.725719 0.594394 0.774020 7.395182 1.404430 25.544332 -1.328126 0.194039
Pedestrian -1 -1 -10 831.000000 166.000000 852.000000 212.000000 1.716617 0.659232 0.800781 8.178100 1.408413 25.394249 1.772688 0.173457
Pedestrian -1 -1 -10 786.000000 162.000000 814.000000 218.000000 1.681770 0.617088 0.869250 5.475778 1.335417 20.723356 -1.466158 0.013221
Cyclist -1 -1 -10 1033.000000 127.000000 1228.000000 352.000000 1.829793 0.492423 1.740525 4.425387 1.432515 6.290935 -1.530744 0.999768
Cyclist -1 -1 -10 784.000000 161.000000 817.000000 222.000000 1.747000 0.550851 1.741750 5.424087 1.425380 20.897873 -1.607034 0.998782
Cyclist -1 -1 -10 808.000000 166.000000 831.000000 214.000000 1.729906 0.543947 1.667740 7.260229 1.528154 25.799954 -1.277801 0.307490
Cyclist -1 -1 -10 828.000000 166.000000 852.000000 212.000000 1.701038 0.578863 1.725496 8.124057 1.409030 25.487472 1.382662 0.277504
Cyclist -1 -1 -10 730.000000 170.000000 748.000000 203.000000 1.699476 0.484618 1.673759 6.507602 1.487652 37.021963 -1.769884 0.180799
Cyclist -1 -1 -10 817.000000 166.000000 840.000000 212.000000 1.734156 0.578492 1.721259 7.693232 1.353784 25.699980 -0.857981 0.072598
Cyclist -1 -1 -10 1049.000000 164.000000 1136.000000 227.000000 1.690801 0.485507 1.441063 9.903861 1.261188 14.388560 -1.611525 0.025767
Cyclist -1 -1 -10 1050.000000 149.000000 1230.000000 250.000000 1.721826 0.776677 1.801442 8.691334 1.309467 11.228361 3.710518 0.016774
