Pedestrian -1 -1 -10 852.000000 160.000000 862.000000 190.000000 1.732358 0.691967 0.758061 15.713350 0.982578 46.029816 -0.934717 0.019293
Car -1 -1 -10 630.000000 180.000000 735.000000 255.000000 1.486647 1.603513 3.571332 1.602778 1.651183 16.146571 -1.794696 0.998947
Car -1 -1 -10 558.000000 173.000000 648.000000 212.000000 1.520752 1.598276 3.932050 -0.266471 1.621183 31.869591 -0.690350 0.998113
Car -1 -1 -10 775.000000 166.000000 869.000000 205.000000 1.559329 1.619658 3.944012 9.068392 1.316652 30.750638 -0.692022 0.996387
Car -1 -1 -10 706.000000 169.000000 809.000000 211.000000 1.542463 1.582038 3.846165 5.402493 1.330009 27.770505 -0.529589 0.990771
Car -1 -1 -10 846.000000 169.000000 915.000000 201.000000 1.491156 1.560787 3.453311 12.718769 1.332602 33.484879 -0.655886 0.984341
Car -1 -1 -10 893.000000 161.000000 974.000000 197.000000 1.643793 1.667479 3.979085 16.296764 1.231812 36.237808 -0.667360 0.841325
Car -1 -1 -10 686.000000 172.000000 741.000000 204.000000 1.489656 1.562189 3.523894 5.315018 1.365840 35.553493 2.206848 0.094792
Car -1 -1 -10 1093.000000 206.000000 1240.000000 367.000000 1.494437 1.588835 3.771020 2.916524 1.593026 1.179477 -1.575289 0.032881
Cyclist -1 -1 -10 680.000000 172.000000 735.000000 204.000000 1.702010 0.566649 1.626543 4.725184 1.751497 34.840314 -0.867833 0.032464
Cyclist -1 -1 -10 662.000000 177.000000 684.000000 212.000000 1.688752 0.515281 1.495658 3.328348 1.826234 35.006113 -2.058374 0.029189
Cyclist -1 -1 -10 664.000000 176.000000 704.000000 208.000000 1.659537 0.553304 1.631646 3.649900 1.748684 35.252017 -0.863612 0.020493
Cyclist -1 -1 -10 651.000000 176.000000 675.000000 207.000000 1.708571 0.528996 1.555145 1.591368 1.248885 18.027569 -0.854876 0.017904
Cyclist -1 -1 -10 689.000000 170.000000 712.000000 208.000000 1.676516 0.535017 1.499974 4.601659 1.698547 34.658119 3.219735 0.012544
Cyclist -1 -1 -10 630.000000 180.000000 736.000000 254.000000 1.748769 0.849458 1.886887 1.464473 1.677180 14.982152 0.168436 0.011739
Cyclist -1 -1 -10 670.000000 175.000000 690.000000 217.000000 1.667984 0.570714 1.636706 3.628352 1.753915 35.260494 -0.869086 0.011617
