Pedestrian -1 -1 -10 673.000000 168.000000 702.000000 255.000000 1.679101 0.590760 0.637866 1.600802 1.385723 14.175342 1.547256 0.994806
Pedestrian -1 -1 -10 707.000000 167.000000 741.000000 256.000000 1.776986 0.703919 0.981944 2.411239 1.404326 14.370068 1.661489 0.956591
Pedestrian -1 -1 -10 429.000000 171.000000 462.000000 261.000000 1.689553 0.668904 0.976172 -3.046666 1.430804 13.906919 -1.753021 0.901959
Pedestrian -1 -1 -10 749.000000 165.000000 769.000000 208.000000 1.709253 0.687916 0.674717 5.942616 1.092757 26.964586 -0.991578 0.061617
Cyclist -1 -1 -10 579.000000 168.000000 613.000000 223.000000 1.767527 0.549540 1.761052 -0.240697 1.349973 23.977608 1.817091 0.998971
Cyclist -1 -1 -10 606.000000 173.000000 636.000000 212.000000 1.656183 0.563591 1.670143 0.797156 1.372982 31.270196 1.080310 0.968584
Cyclist -1 -1 -10 565.000000 169.000000 588.000000 214.000000 1.736492 0.572969 1.744457 -1.133473 1.311103 31.344324 1.198806 0.963992
Cyclist -1 -1 -10 706.000000 167.000000 741.000000 254.000000 1.816201 0.591695 1.780121 2.352423 1.461713 14.417593 1.321657 0.817769
Cyclist -1 -1 -10 522.000000 172.000000 548.000000 213.000000 1.756596 0.567596 1.710432 -2.873039 1.332385 29.949144 -2.131058 0.695278
Cyclist -1 -1 -10 426.000000 171.000000 463.000000 261.000000 1.826047 0.646718 1.751269 -3.080642 1.541865 13.936894 -1.803033 0.270124
Cyclist -1 -1 -10 716.000000 167.000000 762.000000 234.000000 1.681860 0.583906 1.679720 3.822123 1.710778 19.219004 -0.344770 0.114488
Cyclist -1 -1 -10 820.000000 186.000000 902.000000 341.000000 1.641923 0.496306 1.760124 2.340825 1.648307 6.264874 -1.083382 0.114310
Cyclist -1 -1 -10 732.000000 164.000000 773.000000 221.000000 1.697003 0.576898 1.775419 5.768576 1.126009 26.891235 2.720679 0.038290
Cyclist -1 -1 -10 727.000000 167.000000 747.000000 222.000000 1.716433 0.629298 1.736554 5.023796 0.971103 26.486566 2.883817 0.014408
