Pedestrian -1 -1 -10 2.000000 181.000000 96.000000 373.000000 1.716641 0.621772 0.842528 -4.231680 1.834158 5.349720 -3.299480 0.015762
Car -1 -1 -10 673.000000 184.000000 764.000000 245.000000 1.425272 1.664011 4.037183 2.667627 1.683665 18.617505 -1.569477 0.999393
Car -1 -1 -10 12.000000 177.000000 371.000000 299.000000 1.545932 1.650530 4.230820 -5.946175 1.627148 10.695452 0.005791 0.998509
Car -1 -1 -10 745.000000 178.000000 861.000000 227.000000 1.492901 1.584099 3.832791 6.437988 1.788287 23.539557 0.075596 0.975828
Car -1 -1 -10 436.000000 173.000000 532.000000 209.000000 1.551346 1.602882 3.901876 -5.845340 1.717919 32.860161 -2.937690 0.949206
Car -1 -1 -10 308.000000 175.000000 494.000000 233.000000 1.606037 1.664706 4.070933 -5.545063 1.614221 20.721228 0.155010 0.879368
Car -1 -1 -10 693.000000 175.000000 756.000000 207.000000 1.456120 1.571054 3.942006 6.200106 1.410940 36.927551 -0.190920 0.629424
Car -1 -1 -10 384.000000 175.000000 508.000000 218.000000 1.538965 1.442056 2.913750 -5.725210 1.501367 25.687346 0.792883 0.584338
Car -1 -1 -10 218.000000 174.000000 400.000000 250.000000 1.698165 1.636148 4.015674 -6.619323 1.679802 15.696061 0.105008 0.533949
Car -1 -1 -10 0.000000 180.000000 97.000000 370.000000 1.470026 1.605751 3.840658 -5.805311 1.572260 4.937928 -3.150591 0.518834
Car -1 -1 -10 903.000000 -6.000000 1233.000000 371.000000 1.666890 1.658494 4.058305 2.783609 1.220965 2.526335 -1.581601 0.271676
