Pedestrian -1 -1 -10 925.000000 152.000000 1010.000000 372.000000 1.717660 0.589400 0.790945 2.777448 1.528594 5.544739 1.166370 0.998225
Pedestrian -1 -1 -10 322.000000 165.000000 416.000000 365.000000 1.702198 0.660480 0.749293 -1.943850 1.559709 5.665368 0.758185 0.997870
Pedestrian -1 -1 -10 1048.000000 126.000000 1224.000000 369.000000 1.656468 0.641553 0.769424 2.851257 1.259324 3.367745 0.742780 0.997827
Pedestrian -1 -1 -10 545.000000 142.000000 591.000000 276.000000 1.784516 0.693545 0.805429 -0.571108 1.301445 9.724979 1.040224 0.996686
Pedestrian -1 -1 -10 655.000000 138.000000 759.000000 368.000000 1.636475 0.567463 0.657659 0.479313 1.293898 3.967980 1.233173 0.996222
Pedestrian -1 -1 -10 827.000000 144.000000 910.000000 369.000000 1.787390 0.611840 0.877051 2.131930 1.504515 5.784419 1.026060 0.994503
Pedestrian -1 -1 -10 729.000000 138.000000 812.000000 373.000000 1.802205 0.683956 0.849966 1.138668 1.510072 5.295966 1.220553 0.983911
Pedestrian -1 -1 -10 786.000000 169.000000 870.000000 370.000000 1.754121 0.599883 0.818158 1.788785 1.552477 5.631746 0.938827 0.973442
Pedestrian -1 -1 -10 647.000000 147.000000 691.000000 265.000000 1.743328 0.670715 0.758506 0.850244 1.231307 9.881100 1.271310 0.763284
Pedestrian -1 -1 -10 570.000000 142.000000 584.000000 186.000000 1.779485 0.629711 0.871654 -1.377807 0.280810 33.136621 2.030980 0.711510
Pedestrian -1 -1 -10 639.000000 143.000000 658.000000 197.000000 1.768878 0.642028 0.682455 1.333595 0.541381 22.212957 3.118930 0.653744
Pedestrian -1 -1 -10 547.000000 146.000000 567.000000 189.000000 1.652795 0.612374 0.630620 -0.781435 0.560256 11.423687 0.002537 0.412060
Pedestrian -1 -1 -10 235.000000 120.000000 268.000000 279.000000 1.758699 0.653362 0.671964 -5.587100 1.508528 11.159399 1.599465 0.290438
Pedestrian -1 -1 -10 552.000000 144.000000 581.000000 189.000000 1.791558 0.647180 0.950702 -1.366608 0.131221 32.795037 2.668364 0.232534
Pedestrian -1 -1 -10 244.000000 130.000000 281.000000 255.000000 1.816121 0.615967 0.913864 -5.752515 1.110611 11.798813 0.121674 0.210086
Pedestrian -1 -1 -10 673.000000 147.000000 713.000000 225.000000 1.699538 0.633874 0.728027 1.135018 0.980476 9.955551 0.190307 0.102852
Cyclist -1 -1 -10 542.000000 147.000000 570.000000 190.000000 1.690607 0.498698 1.475643 -0.960072 1.201705 17.139054 -2.268719 0.688777
Cyclist -1 -1 -10 544.000000 146.000000 591.000000 224.000000 1.708604 0.755937 1.775785 -0.486752 1.022699 9.924957 -0.004116 0.430000
Cyclist -1 -1 -10 288.000000 146.000000 350.000000 216.000000 1.698548 0.491627 1.550956 -4.988147 1.472956 13.267694 -1.305071 0.364778
Cyclist -1 -1 -10 561.000000 143.000000 588.000000 189.000000 1.696545 0.542361 1.507117 -1.250946 0.788433 30.212573 -1.630298 0.291455
Cyclist -1 -1 -10 653.000000 144.000000 702.000000 271.000000 1.684018 0.676679 1.681334 0.914449 0.967831 10.152812 0.556586 0.186032
Cyclist -1 -1 -10 345.000000 149.000000 391.000000 206.000000 1.657308 0.582586 1.585496 -6.024582 1.112148 18.149042 0.164956 0.140922
Cyclist -1 -1 -10 313.000000 148.000000 375.000000 208.000000 1.663183 0.608328 1.650630 -6.516303 1.111647 17.432264 0.700885 0.120953
Cyclist -1 -1 -10 355.000000 148.000000 377.000000 202.000000 1.677954 0.514024 1.434748 -7.374144 0.838552 21.486772 -1.943233 0.088841
Cyclist -1 -1 -10 547.000000 145.000000 559.000000 187.000000 1.698947 0.615569 1.634817 -2.790015 0.596969 37.866960 -1.043608 0.060009
Cyclist -1 -1 -10 571.000000 142.000000 583.000000 186.000000 1.652815 0.481515 1.766005 -1.396018 0.246482 32.667138 1.519442 0.052122
Cyclist -1 -1 -10 339.000000 144.000000 365.000000 202.000000 1.782836 0.516775 1.450486 -7.649726 0.603563 21.120958 -0.182289 0.045207
Cyclist -1 -1 -10 248.000000 134.000000 289.000000 247.000000 1.795225 0.545791 1.700785 -5.674517 1.098592 11.749366 0.631790 0.034649
Cyclist -1 -1 -10 324.000000 162.000000 420.000000 367.000000 1.756282 0.654055 1.727660 -1.841111 1.531483 5.638838 0.705654 0.031322
Cyclist -1 -1 -10 568.000000 141.000000 578.000000 182.000000 1.768771 0.538172 1.755385 -1.464955 0.060956 32.887147 1.559409 0.029252
Cyclist -1 -1 -10 673.000000 144.000000 714.000000 230.000000 1.679219 0.752160 1.745827 1.573821 0.891673 9.929982 0.213442 0.014304
