Pedestrian -1 -1 -10 916.000000 151.000000 933.000000 196.000000 1.686593 0.568018 0.612124 7.114144 1.282903 16.119089 2.944425 0.015588
Pedestrian -1 -1 -10 928.000000 147.000000 951.000000 203.000000 1.749027 0.620395 0.601600 5.929204 0.848901 12.840983 3.002647 0.010249
Car -1 -1 -10 780.000000 169.000000 872.000000 209.000000 1.518449 1.609096 3.876403 8.798921 1.313056 28.854516 -0.067234 0.994478
Car -1 -1 -10 600.000000 334.000000 696.000000 373.000000 1.510824 1.540892 3.349504 0.943306 2.449901 11.216393 2.472334 0.014011
Cyclist -1 -1 -10 911.000000 151.000000 935.000000 205.000000 1.754730 0.539241 1.530421 6.366900 0.893749 14.346738 -1.806556 0.096414
Cyclist -1 -1 -10 922.000000 149.000000 947.000000 206.000000 1.721498 0.480854 1.293094 8.748428 1.560321 19.070131 1.400859 0.038747
Cyclist -1 -1 -10 915.000000 170.000000 937.000000 213.000000 1.728262 0.548671 1.541955 7.196490 1.185467 16.036941 -0.559872 0.034928
Cyclist -1 -1 -10 903.000000 160.000000 927.000000 205.000000 1.716971 0.544443 1.515967 7.149566 1.182704 16.414358 -0.518134 0.029000
Cyclist -1 -1 -10 891.000000 152.000000 969.000000 205.000000 1.691646 0.577567 1.614064 12.563252 2.075643 29.434181 -1.153042 0.026774
Cyclist -1 -1 -10 931.000000 145.000000 957.000000 202.000000 1.723361 0.562206 1.558075 7.727748 1.233493 16.337414 -0.484493 0.014096
Cyclist -1 -1 -10 886.000000 162.000000 937.000000 199.000000 1.713001 0.568331 1.499104 6.902375 1.153333 16.061583 -0.535362 0.010700
