Car -1 -1 -10 331.000000 188.000000 443.000000 254.000000 1.564148 1.617019 3.846766 -5.597462 1.995721 18.600017 1.590794 0.999699
Car -1 -1 -10 396.000000 186.000000 476.000000 234.000000 1.461801 1.561548 3.807874 -5.612195 1.886866 24.364088 1.562763 0.996318
Car -1 -1 -10 961.000000 164.000000 1231.000000 371.000000 1.516884 1.627878 3.932199 2.979707 1.612339 2.688745 -1.569340 0.981200
Car -1 -1 -10 437.000000 184.000000 499.000000 224.000000 1.474971 1.539997 3.683471 -5.536744 1.907890 28.923034 1.563934 0.977728
Car -1 -1 -10 785.000000 156.000000 884.000000 194.000000 1.581107 1.595598 3.728184 9.270670 0.946788 31.441706 0.080422 0.961279
Car -1 -1 -10 1.000000 198.000000 233.000000 376.000000 1.676645 1.631428 3.781233 -5.857451 1.969826 7.660114 -1.540193 0.942135
Car -1 -1 -10 663.000000 174.000000 705.000000 202.000000 1.551920 1.654644 4.069139 3.794905 1.424369 36.624327 -1.569723 0.774002
Car -1 -1 -10 1102.000000 135.000000 1241.000000 176.000000 1.588505 1.670178 4.063947 23.168903 0.257528 29.716823 0.049941 0.707685
Car -1 -1 -10 470.000000 182.000000 519.000000 214.000000 1.515773 1.581769 4.008298 -5.544372 1.949158 34.911469 1.558625 0.679585
Car -1 -1 -10 736.000000 159.000000 846.000000 191.000000 1.565021 1.661713 3.957309 9.086299 1.059995 36.211360 2.932104 0.275844
Car -1 -1 -10 1022.000000 144.000000 1117.000000 174.000000 1.537441 1.612863 3.821534 23.848360 0.087434 37.691199 -0.025874 0.247546
Car -1 -1 -10 501.000000 180.000000 540.000000 207.000000 1.589599 1.595427 4.004753 -5.236759 1.978704 42.529345 1.677630 0.202657
Car -1 -1 -10 1058.000000 139.000000 1163.000000 174.000000 1.446746 1.564023 3.762209 22.755700 0.041224 33.268502 0.059371 0.117285
Cyclist -1 -1 -10 958.000000 147.000000 1230.000000 381.000000 1.671556 0.734031 1.922450 2.499304 1.791552 3.617905 -1.528006 0.018563
