Pedestrian -1 -1 -10 135.000000 178.000000 163.000000 248.000000 1.679177 0.604292 0.593855 -5.362843 1.603982 8.932087 -1.513695 0.097767
Car -1 -1 -10 737.000000 173.000000 1000.000000 359.000000 1.621246 1.661318 4.071071 2.640128 1.678450 8.605803 -1.576973 0.998856
Car -1 -1 -10 644.000000 178.000000 679.000000 206.000000 1.480260 1.559565 3.677552 2.614618 1.702079 37.443176 -1.587207 0.996022
Car -1 -1 -10 8.000000 190.000000 295.000000 335.000000 1.634776 1.659945 3.951074 -6.263248 1.778918 8.749222 -3.213407 0.991187
Car -1 -1 -10 690.000000 182.000000 820.000000 269.000000 1.442869 1.636828 4.028589 2.717830 1.698723 14.476364 -1.607265 0.990389
Car -1 -1 -10 663.000000 175.000000 725.000000 228.000000 1.632641 1.607916 3.728883 2.715318 1.677371 23.698194 -1.618232 0.714913
Car -1 -1 -10 329.000000 184.000000 484.000000 231.000000 1.428068 1.518881 4.098719 -6.216670 1.651095 22.187340 -0.214500 0.599633
Car -1 -1 -10 5.000000 198.000000 162.000000 376.000000 1.477661 1.615571 4.022560 -6.315584 1.842377 6.221841 -3.187300 0.588082
Car -1 -1 -10 114.000000 190.000000 332.000000 296.000000 1.481859 1.561215 3.821585 -6.443028 1.831905 11.136560 -3.122339 0.486951
Car -1 -1 -10 427.000000 177.000000 521.000000 212.000000 1.521208 1.586048 3.967517 -6.371869 1.786572 33.555150 0.241377 0.272346
Car -1 -1 -10 403.000000 190.000000 489.000000 221.000000 1.527314 1.555859 3.686121 -6.023328 1.460032 28.458390 1.496046 0.048216
Car -1 -1 -10 176.000000 188.000000 327.000000 251.000000 1.552173 1.618372 3.825048 -8.483932 1.649025 18.030405 -3.092372 0.029601
Car -1 -1 -10 106.000000 180.000000 175.000000 251.000000 1.509652 1.599906 3.813000 -14.348717 1.179023 21.888581 0.526247 0.027035
Car -1 -1 -10 728.000000 176.000000 874.000000 274.000000 1.498029 1.614879 3.826831 3.037876 1.695315 14.253254 -1.424427 0.023339
Car -1 -1 -10 468.000000 176.000000 535.000000 205.000000 1.615967 1.600310 3.758673 -6.329203 1.805838 41.110810 0.810194 0.020466
Car -1 -1 -10 202.000000 183.000000 304.000000 228.000000 1.558411 1.643623 3.780950 -9.521813 1.971349 19.149657 -2.021518 0.012849
Car -1 -1 -10 805.000000 179.000000 984.000000 279.000000 1.532802 1.563428 3.534014 7.065814 1.690743 11.603246 1.315360 0.012362
Cyclist -1 -1 -10 126.000000 179.000000 169.000000 246.000000 1.691085 0.488885 1.501004 -9.315035 1.405912 15.068672 -2.768109 0.154091
Cyclist -1 -1 -10 102.000000 187.000000 190.000000 241.000000 1.677954 0.514024 1.434747 -13.637056 1.410699 20.900980 -2.188783 0.024719
