Pedestrian -1 -1 -10 836.000000 164.000000 871.000000 261.000000 1.748437 0.678123 0.882344 4.494168 1.627725 13.306917 1.443336 0.993735
Pedestrian -1 -1 -10 396.000000 187.000000 410.000000 213.000000 1.747308 0.544698 0.606528 -13.978521 2.893254 48.379137 2.312477 0.224482
Pedestrian -1 -1 -10 391.000000 185.000000 404.000000 212.000000 1.740161 0.604263 0.651839 -11.926663 2.325828 39.805491 -1.888686 0.133711
Pedestrian -1 -1 -10 384.000000 187.000000 413.000000 214.000000 1.742322 0.602097 0.651272 -11.930063 2.327266 39.800386 -1.888349 0.014923
Car -1 -1 -10 323.000000 189.000000 419.000000 266.000000 1.430409 1.647020 3.881162 -5.061889 1.791822 15.214760 1.258157 0.999460
Car -1 -1 -10 191.000000 180.000000 324.000000 227.000000 1.708355 1.698415 4.157936 -12.990581 1.980272 26.933506 -0.013677 0.993168
Car -1 -1 -10 482.000000 176.000000 579.000000 211.000000 1.553456 1.643475 4.236133 -3.954241 1.718708 34.180030 2.540490 0.978077
Car -1 -1 -10 624.000000 175.000000 717.000000 205.000000 1.569523 1.635077 4.081359 3.091781 1.730549 37.360074 2.762920 0.968258
Car -1 -1 -10 2.000000 216.000000 183.000000 374.000000 1.518482 1.628354 3.734532 -3.591543 1.811211 3.345504 1.521773 0.796795
Car -1 -1 -10 177.000000 181.000000 239.000000 214.000000 1.638358 1.599722 3.905624 -25.032487 2.052446 46.101833 -3.029668 0.117830
Cyclist -1 -1 -10 8.000000 195.000000 55.000000 251.000000 1.705189 0.617329 1.632674 -11.798768 2.040437 14.906697 -0.033073 0.174301
Cyclist -1 -1 -10 387.000000 187.000000 411.000000 213.000000 1.700661 0.637104 1.609457 -12.010134 2.126681 39.972910 0.693936 0.073405
