Car -1 -1 -10 648.000000 174.000000 733.000000 235.000000 1.439618 1.624490 3.923058 2.040848 1.485955 19.365011 -1.618453 0.999117
Car -1 -1 -10 627.000000 168.000000 666.000000 203.000000 1.523357 1.568512 3.646253 1.666470 1.466882 34.483316 -1.637446 0.991300
Car -1 -1 -10 182.000000 183.000000 419.000000 255.000000 1.465276 1.630979 4.184823 -6.673067 1.687301 16.476806 -3.119153 0.977179
Car -1 -1 -10 1013.000000 148.000000 1240.000000 371.000000 1.729615 1.667718 4.034857 5.580269 1.547035 6.092487 0.030608 0.945730
Car -1 -1 -10 397.000000 175.000000 496.000000 211.000000 1.609798 1.675582 4.042289 -7.112577 1.551154 31.005891 -0.090079 0.831898
Car -1 -1 -10 98.000000 179.000000 351.000000 277.000000 1.491682 1.650050 4.334823 -6.917942 1.609978 13.666811 -3.197023 0.480007
Car -1 -1 -10 277.000000 180.000000 427.000000 238.000000 1.427544 1.585284 3.977831 -6.980223 1.674690 18.764995 0.161230 0.203110
Car -1 -1 -10 446.000000 174.000000 516.000000 200.000000 1.509733 1.601345 3.733203 -6.665325 1.543758 43.946735 -1.736717 0.173378
Car -1 -1 -10 1144.000000 163.000000 1240.000000 379.000000 1.517240 1.601833 3.932942 4.951462 1.717785 3.431281 -0.045906 0.041325
Car -1 -1 -10 317.000000 177.000000 476.000000 220.000000 1.756210 1.716338 4.381052 -7.429424 1.620754 27.235790 -3.093022 0.035054
Car -1 -1 -10 168.000000 185.000000 334.000000 352.000000 1.610716 1.623944 3.802028 -4.092926 1.650833 6.484447 -1.580617 0.018204
Cyclist -1 -1 -10 162.000000 180.000000 332.000000 371.000000 1.658620 0.599939 1.751462 -3.089255 1.676152 6.383791 1.503676 0.999129
Cyclist -1 -1 -10 173.000000 183.000000 348.000000 278.000000 1.662323 0.809554 1.952259 -6.369646 1.662113 13.209695 -0.029282 0.359164
