Pedestrian -1 -1 -10 746.000000 165.000000 795.000000 299.000000 1.668078 0.624243 0.700363 2.081483 1.413089 8.750839 -1.373242 0.998298
Pedestrian -1 -1 -10 676.000000 152.000000 739.000000 322.000000 1.810529 0.668717 0.932458 1.002464 1.489110 7.447386 3.281097 0.995346
Pedestrian -1 -1 -10 542.000000 165.000000 573.000000 250.000000 1.708260 0.519331 0.935585 -1.071208 1.400363 15.070568 0.348878 0.981472
Pedestrian -1 -1 -10 342.000000 165.000000 365.000000 235.000000 1.715685 0.668580 0.719613 -6.404275 1.323697 18.364274 -1.883007 0.905563
Pedestrian -1 -1 -10 605.000000 163.000000 635.000000 239.000000 1.688880 0.644789 0.869968 0.403578 1.254796 16.822755 -2.042898 0.882987
Pedestrian -1 -1 -10 633.000000 162.000000 664.000000 247.000000 1.672723 0.597107 0.882128 0.981528 1.301995 15.028555 -1.995477 0.872784
Pedestrian -1 -1 -10 556.000000 164.000000 589.000000 242.000000 1.720553 0.614971 0.841474 -0.671963 1.283379 16.661014 -1.755433 0.850633
Pedestrian -1 -1 -10 1143.000000 138.000000 1228.000000 297.000000 1.689341 0.623785 0.737674 6.087859 1.205548 7.541530 1.118234 0.705491
Pedestrian -1 -1 -10 628.000000 171.000000 649.000000 245.000000 1.709502 0.556849 0.745707 0.778771 1.328603 15.410787 -0.018385 0.208949
Pedestrian -1 -1 -10 711.000000 173.000000 740.000000 236.000000 1.730978 0.795877 0.671867 2.878261 1.578938 16.805611 -1.817352 0.133138
Pedestrian -1 -1 -10 678.000000 162.000000 714.000000 237.000000 1.690991 0.635498 0.599462 2.600625 1.248313 19.152536 0.266103 0.126924
Car -1 -1 -10 300.000000 157.000000 511.000000 301.000000 1.763875 1.659354 4.046194 -2.733420 1.454799 11.027947 1.654285 0.891440
Cyclist -1 -1 -10 630.000000 162.000000 662.000000 244.000000 1.746052 0.590991 1.746845 0.801186 1.315504 15.119606 -2.039970 0.152945
Cyclist -1 -1 -10 340.000000 166.000000 365.000000 235.000000 1.710829 0.678254 1.713195 -6.487047 1.142130 18.466289 -2.984719 0.057888
Cyclist -1 -1 -10 673.000000 165.000000 710.000000 232.000000 1.720102 0.626377 1.784124 2.304314 1.341251 17.608476 2.286890 0.052662
Cyclist -1 -1 -10 607.000000 162.000000 639.000000 240.000000 1.749885 0.610312 1.731501 0.400002 1.339951 17.132154 -1.539779 0.050900
Cyclist -1 -1 -10 697.000000 174.000000 736.000000 238.000000 1.614748 0.413016 1.675350 2.824704 1.331943 17.032112 1.716603 0.029592
Cyclist -1 -1 -10 678.000000 161.000000 727.000000 283.000000 1.690306 0.484456 1.444195 2.618811 1.212736 17.340784 -2.061427 0.014722
Cyclist -1 -1 -10 1140.000000 132.000000 1227.000000 306.000000 1.678524 0.516623 1.710919 6.057535 1.199011 7.497326 2.386066 0.014300
