Pedestrian -1 -1 -10 355.000000 168.000000 373.000000 228.000000 1.641024 0.578205 0.564589 -5.309126 1.173376 15.827335 2.718234 0.012051
Car -1 -1 -10 377.000000 186.000000 511.000000 276.000000 1.465022 1.578673 3.749617 -3.000717 1.762416 13.619240 -1.570622 0.999419
Car -1 -1 -10 635.000000 180.000000 680.000000 217.000000 1.500742 1.625527 3.849631 1.929138 1.799120 30.763632 1.548837 0.999398
Car -1 -1 -10 543.000000 172.000000 575.000000 200.000000 1.870447 1.693337 4.297122 -3.366838 1.821179 49.408725 1.604312 0.999263
Car -1 -1 -10 -4.000000 171.000000 412.000000 374.000000 1.648605 1.670534 4.147605 -3.152128 1.609575 6.036023 1.540653 0.995455
Car -1 -1 -10 631.000000 173.000000 654.000000 200.000000 1.543560 1.625591 3.761423 2.263645 1.596936 48.595361 -1.513344 0.552888
Car -1 -1 -10 476.000000 176.000000 533.000000 202.000000 1.615029 1.664448 3.943981 -6.375240 1.862026 45.887307 -2.694559 0.237180
Car -1 -1 -10 280.000000 183.000000 386.000000 263.000000 1.644712 1.644069 3.919912 -6.735058 1.681445 16.732285 -3.306031 0.015363
Cyclist -1 -1 -10 106.000000 171.000000 304.000000 236.000000 1.666738 0.641099 1.696316 -9.142772 1.535421 16.700717 0.028841 0.014801
Cyclist -1 -1 -10 340.000000 181.000000 360.000000 239.000000 1.691586 0.581900 1.677822 -9.607420 1.482141 25.522426 -1.388342 0.013333
