Pedestrian -1 -1 -10 843.000000 153.000000 886.000000 270.000000 1.722252 0.653852 0.805700 3.657627 1.189370 10.280285 -1.572527 0.996539
Pedestrian -1 -1 -10 572.000000 160.000000 600.000000 249.000000 1.744188 0.552660 0.909076 -0.337615 1.285872 14.367690 -0.680672 0.993269
Pedestrian -1 -1 -10 509.000000 158.000000 539.000000 241.000000 1.807196 0.699838 0.863034 -1.782682 1.296486 16.211683 1.532079 0.959461
Pedestrian -1 -1 -10 410.000000 157.000000 440.000000 251.000000 1.725418 0.690031 0.684973 -3.527950 1.337582 13.927864 2.828813 0.919560
Pedestrian -1 -1 -10 719.000000 146.000000 779.000000 269.000000 1.705888 0.640878 0.922131 2.248721 1.298057 11.117433 2.828323 0.822042
Pedestrian -1 -1 -10 607.000000 164.000000 625.000000 212.000000 1.753323 0.646265 0.817656 0.374508 1.148770 26.147595 -2.055732 0.311949
Pedestrian -1 -1 -10 591.000000 163.000000 608.000000 213.000000 1.676159 0.604904 0.742552 -0.069232 1.042846 26.656734 -1.529254 0.221714
Pedestrian -1 -1 -10 555.000000 162.000000 572.000000 211.000000 1.709833 0.590234 0.707421 -1.492036 1.294953 27.205245 2.396795 0.212659
Pedestrian -1 -1 -10 174.000000 160.000000 340.000000 378.000000 1.661622 0.800010 0.640812 -2.479555 1.456417 5.079230 1.243055 0.139550
Pedestrian -1 -1 -10 667.000000 155.000000 695.000000 221.000000 1.731703 0.725767 0.723017 2.252053 1.762324 20.965942 -0.993121 0.123948
Pedestrian -1 -1 -10 529.000000 163.000000 556.000000 228.000000 1.765340 0.716598 0.722366 -1.551866 1.277263 20.608091 1.507136 0.120917
Pedestrian -1 -1 -10 652.000000 157.000000 677.000000 204.000000 1.772851 0.703529 0.841194 2.621963 0.845640 29.440065 -1.460344 0.016180
Car -1 -1 -10 1062.000000 227.000000 1237.000000 367.000000 1.521318 1.592610 3.684450 2.634107 1.322595 3.545323 -0.881102 0.059283
Car -1 -1 -10 0.000000 244.000000 143.000000 369.000000 1.530109 1.591631 3.780947 -4.155934 1.700462 5.463464 -2.808363 0.038158
Cyclist -1 -1 -10 165.000000 162.000000 341.000000 377.000000 1.748254 0.620956 1.748801 -2.492699 1.549501 5.079557 1.209091 0.996079
Cyclist -1 -1 -10 712.000000 148.000000 787.000000 269.000000 1.728350 0.572979 1.837736 2.202852 1.301364 11.075490 1.312658 0.955424
Cyclist -1 -1 -10 664.000000 157.000000 696.000000 219.000000 1.653195 0.648764 1.602081 2.225321 1.562667 21.401592 0.268120 0.287486
Cyclist -1 -1 -10 2.000000 215.000000 47.000000 292.000000 1.685538 0.497599 1.529173 -10.298786 1.524485 13.412346 -1.590695 0.012594
Cyclist -1 -1 -10 655.000000 157.000000 679.000000 208.000000 1.718795 0.551563 1.399467 2.206655 0.985409 23.889107 -0.824398 0.010687
