Pedestrian -1 -1 -10 812.000000 146.000000 887.000000 284.000000 1.796478 0.631155 1.044863 3.323228 1.410246 9.690647 -0.094551 0.996258
Pedestrian -1 -1 -10 475.000000 145.000000 554.000000 305.000000 1.854822 0.588408 1.206040 -1.142779 1.465808 8.255235 -0.051314 0.987136
Pedestrian -1 -1 -10 98.000000 171.000000 138.000000 303.000000 1.672840 0.592141 0.718454 -8.592845 1.581885 12.470875 0.019023 0.923407
Pedestrian -1 -1 -10 72.000000 175.000000 118.000000 314.000000 1.695172 0.627772 0.847517 -8.682683 1.585143 12.132146 0.013306 0.807733
Pedestrian -1 -1 -10 502.000000 157.000000 609.000000 281.000000 1.767397 0.682479 1.044250 -0.677605 1.364025 10.933558 -0.552423 0.136957
Pedestrian -1 -1 -10 826.000000 151.000000 838.000000 187.000000 1.735108 0.642463 0.715396 12.936392 0.296552 40.315121 -1.716867 0.070746
Pedestrian -1 -1 -10 18.000000 180.000000 169.000000 319.000000 1.675072 0.664416 0.906076 -8.620064 1.490886 12.181908 -0.031123 0.039183
Pedestrian -1 -1 -10 -1.000000 195.000000 296.000000 362.000000 1.749519 0.692297 0.838211 -2.649686 1.798775 3.944245 -2.598520 0.035026
Pedestrian -1 -1 -10 835.000000 156.000000 857.000000 195.000000 1.724329 0.539376 0.613732 4.517098 1.259570 12.393484 3.305107 0.025958
Car -1 -1 -10 449.000000 169.000000 482.000000 194.000000 1.511118 1.603200 3.730744 -8.574126 0.806774 44.267916 1.489334 0.998863
Car -1 -1 -10 1.000000 192.000000 318.000000 368.000000 1.498459 1.614162 3.839620 -3.246760 1.638478 3.899343 -1.567414 0.991902
Car -1 -1 -10 1166.000000 142.000000 1223.000000 185.000000 1.564316 1.604153 3.987464 25.292845 0.102316 29.072354 2.843068 0.103292
Cyclist -1 -1 -10 519.000000 154.000000 639.000000 271.000000 1.693575 0.586735 1.718346 -0.574475 1.292917 11.151388 -0.024583 0.999717
Cyclist -1 -1 -10 481.000000 151.000000 584.000000 288.000000 1.807668 0.597440 1.754896 -1.161273 1.466495 8.887827 -0.754593 0.847255
Cyclist -1 -1 -10 36.000000 191.000000 186.000000 297.000000 1.679209 0.594873 1.710599 -8.784857 1.573437 12.195125 -1.042002 0.150607
Cyclist -1 -1 -10 824.000000 153.000000 840.000000 187.000000 1.757293 0.588805 1.462836 13.318985 0.170357 41.472944 1.388527 0.108310
Cyclist -1 -1 -10 64.000000 176.000000 141.000000 317.000000 1.710677 0.537256 1.692004 -8.657156 1.415286 12.259283 -1.054594 0.057197
Cyclist -1 -1 -10 -1.000000 195.000000 296.000000 362.000000 1.670880 0.651107 1.825771 -2.710227 1.664325 4.027155 -1.512168 0.023976
Cyclist -1 -1 -10 490.000000 166.000000 527.000000 198.000000 1.691210 0.582332 1.623037 -5.653481 0.815997 38.909634 -2.145130 0.016027
