Car -1 -1 -10 644.000000 177.000000 676.000000 204.000000 1.599683 1.677746 4.111987 2.930372 1.890453 42.375024 1.650054 0.999446
Car -1 -1 -10 436.000000 173.000000 542.000000 252.000000 1.669306 1.673970 4.025730 -2.851985 1.697136 17.508664 1.594929 0.999386
Car -1 -1 -10 725.000000 190.000000 895.000000 319.000000 1.479519 1.567854 3.612088 2.550113 1.707836 10.042548 -1.503902 0.998959
Car -1 -1 -10 33.000000 172.000000 323.000000 276.000000 1.476350 1.620200 4.064944 -6.846671 1.494034 11.260631 -3.156494 0.996548
Car -1 -1 -10 804.000000 193.000000 1207.000000 375.000000 1.578867 1.593699 3.449454 2.638360 1.795112 5.184128 -1.540529 0.993825
Car -1 -1 -10 511.000000 177.000000 569.000000 226.000000 1.516661 1.581232 3.856303 -2.520878 1.714422 25.384593 -1.557885 0.948555
Car -1 -1 -10 533.000000 176.000000 583.000000 242.000000 1.549237 1.604452 3.727540 -2.822337 1.792416 25.293658 -1.588374 0.033687
Car -1 -1 -10 769.000000 193.000000 965.000000 352.000000 1.570668 1.616988 3.690222 2.515035 1.687800 4.434960 -1.582632 0.027074
Car -1 -1 -10 781.000000 191.000000 823.000000 225.000000 1.542171 1.586686 3.792282 5.508112 1.959348 20.595774 1.420496 0.024799
Cyclist -1 -1 -10 552.000000 171.000000 592.000000 256.000000 1.754519 0.575926 1.777249 -0.826852 1.680884 15.270412 1.674680 0.998432
Cyclist -1 -1 -10 533.000000 176.000000 583.000000 242.000000 1.670688 0.524860 1.695188 -0.873215 1.615675 15.373906 1.547455 0.131376
Cyclist -1 -1 -10 511.000000 177.000000 566.000000 231.000000 1.720340 0.594955 1.775038 -2.192057 1.835452 24.047183 -1.674489 0.011633
