Car -1 -1 -10 571.000000 179.000000 604.000000 209.000000 1.528725 1.587380 3.707612 -1.159701 1.179202 40.417575 -1.601508 0.999604
Car -1 -1 -10 345.000000 188.000000 460.000000 252.000000 1.433198 1.622731 4.045715 -4.970100 1.478870 17.921515 -1.607546 0.999203
Car -1 -1 -10 226.000000 187.000000 334.000000 245.000000 1.482143 1.571780 3.569531 -8.745756 1.562887 19.728642 -1.579477 0.998053
Car -1 -1 -10 25.000000 188.000000 254.000000 289.000000 1.526518 1.597144 3.790656 -7.823196 1.602278 12.603063 -1.602480 0.997649
Car -1 -1 -10 0.000000 233.000000 197.000000 375.000000 1.528169 1.623658 3.805741 -3.384214 1.755005 2.686455 -1.586135 0.946789
Car -1 -1 -10 -3.000000 178.000000 143.000000 263.000000 1.544595 1.619144 3.799061 -12.721608 1.531413 16.657379 -1.658055 0.874007
Car -1 -1 -10 371.000000 183.000000 424.000000 212.000000 1.535864 1.551469 3.658191 -8.492949 0.959444 29.234902 1.652993 0.628601
Car -1 -1 -10 284.000000 183.000000 340.000000 222.000000 1.586002 1.602743 3.866636 -11.702610 1.296049 27.809164 -1.757740 0.309735
Car -1 -1 -10 352.000000 179.000000 400.000000 210.000000 1.568855 1.633080 4.008690 -13.643479 1.312317 40.960511 -1.936591 0.082827
Car -1 -1 -10 505.000000 183.000000 539.000000 209.000000 1.510326 1.583348 3.752816 -5.046627 1.364213 42.504433 -1.574918 0.049177
Car -1 -1 -10 408.000000 183.000000 453.000000 212.000000 1.682220 1.654182 3.889300 -14.665797 1.888096 57.197567 0.202144 0.048677
