Pedestrian -1 -1 -10 794.000000 161.000000 836.000000 266.000000 1.638795 0.685091 0.789359 3.169671 1.264730 11.024024 -1.655656 0.989920
Pedestrian -1 -1 -10 925.000000 147.000000 963.000000 268.000000 1.725814 0.546054 0.694997 5.158712 1.031501 10.953611 1.017767 0.153525
Pedestrian -1 -1 -10 786.000000 172.000000 811.000000 267.000000 1.670391 0.657505 0.849248 3.082037 1.482908 11.021416 0.299020 0.080971
Pedestrian -1 -1 -10 894.000000 151.000000 923.000000 247.000000 1.707751 0.606832 0.692147 5.456220 0.849074 12.405809 2.967719 0.068524
Pedestrian -1 -1 -10 913.000000 145.000000 944.000000 263.000000 1.715141 0.663100 0.652126 6.502913 1.052315 13.956284 2.975605 0.037655
Pedestrian -1 -1 -10 849.000000 156.000000 873.000000 219.000000 1.778022 0.619690 0.734836 7.529719 0.950631 20.952196 0.417116 0.032773
Pedestrian -1 -1 -10 593.000000 152.000000 601.000000 180.000000 1.798037 0.736192 0.794631 -0.268063 -0.000949 51.270024 -1.166960 0.018141
Pedestrian -1 -1 -10 346.000000 158.000000 397.000000 209.000000 1.752652 0.628476 0.653264 -7.232166 0.779585 22.292065 -1.746416 0.016527
Pedestrian -1 -1 -10 336.000000 156.000000 401.000000 270.000000 1.695373 0.686101 0.674903 -3.150757 1.341622 9.770840 1.334273 0.011208
Pedestrian -1 -1 -10 360.000000 155.000000 386.000000 200.000000 1.696255 0.677020 0.777202 -7.257466 0.602525 22.487014 -1.870451 0.011177
Car -1 -1 -10 1211.000000 172.000000 1238.000000 269.000000 1.494289 1.561338 3.418289 10.385430 1.736292 11.740301 2.829966 0.016121
Cyclist -1 -1 -10 430.000000 159.000000 490.000000 264.000000 1.704463 0.565100 1.769885 -2.481806 1.321653 12.459423 1.680071 0.999636
Cyclist -1 -1 -10 326.000000 148.000000 409.000000 297.000000 1.706961 0.598957 1.770737 -3.168411 1.314772 9.692267 1.562771 0.998958
Cyclist -1 -1 -10 446.000000 159.000000 501.000000 231.000000 1.699197 0.524090 1.503318 -2.264308 1.739409 13.035419 0.440864 0.102885
Cyclist -1 -1 -10 342.000000 160.000000 399.000000 241.000000 1.689598 0.648962 1.699312 -3.276123 1.309425 9.855726 -1.821563 0.039963
Cyclist -1 -1 -10 353.000000 159.000000 393.000000 206.000000 1.672425 0.640272 1.710387 -7.304125 0.539987 22.583394 0.714297 0.023241
