Pedestrian -1 -1 -10 755.000000 157.000000 803.000000 263.000000 1.698178 0.670390 0.917751 2.712886 1.282792 11.220830 1.437809 0.939743
Pedestrian -1 -1 -10 1159.000000 231.000000 1236.000000 373.000000 1.677228 0.581966 0.530234 3.038400 1.577081 3.663412 3.269302 0.305970
Pedestrian -1 -1 -10 514.000000 165.000000 536.000000 222.000000 1.721158 0.635126 0.817466 -3.496796 1.090891 32.372842 -3.143211 0.208373
Pedestrian -1 -1 -10 422.000000 171.000000 440.000000 224.000000 1.735110 0.645648 0.663388 -5.438185 1.413689 22.945634 -1.722806 0.055414
Pedestrian -1 -1 -10 504.000000 168.000000 545.000000 232.000000 1.715293 0.630468 0.806167 -3.499051 1.078503 32.374938 -3.150731 0.023970
Pedestrian -1 -1 -10 580.000000 167.000000 592.000000 197.000000 1.730413 0.594301 0.749906 -0.966131 0.905782 42.106045 -1.578192 0.018227
Pedestrian -1 -1 -10 478.000000 166.000000 491.000000 223.000000 1.754483 0.638522 0.638969 -4.247182 1.265689 25.793772 1.431446 0.013837
Pedestrian -1 -1 -10 596.000000 167.000000 606.000000 197.000000 1.782602 0.632517 0.771790 -0.031801 0.878105 42.389543 -1.466191 0.011841
Car -1 -1 -10 375.000000 179.000000 555.000000 313.000000 1.593124 1.643476 3.948615 -1.710913 1.571997 9.936311 1.563389 0.998668
Cyclist -1 -1 -10 505.000000 170.000000 544.000000 232.000000 1.758196 0.652037 1.706781 -3.661907 1.021095 32.578757 3.013831 0.643508
Cyclist -1 -1 -10 480.000000 175.000000 537.000000 227.000000 1.671632 0.596530 1.602254 -4.867247 1.266374 36.272504 2.555437 0.126540
Cyclist -1 -1 -10 514.000000 165.000000 536.000000 222.000000 1.761384 0.641907 1.697351 -3.663964 1.012409 32.563050 3.015711 0.096286
Cyclist -1 -1 -10 1162.000000 237.000000 1237.000000 372.000000 1.726569 0.559375 1.466697 4.435043 1.641307 5.292835 1.235860 0.077554
Cyclist -1 -1 -10 418.000000 172.000000 442.000000 228.000000 1.713354 0.599712 1.692036 -5.581196 1.277450 23.289683 -2.436276 0.073683
Cyclist -1 -1 -10 478.000000 166.000000 491.000000 223.000000 1.683129 0.655995 1.672306 -4.227391 1.038777 25.917382 2.030571 0.037236
Cyclist -1 -1 -10 473.000000 172.000000 502.000000 221.000000 1.687065 0.676799 1.657578 -4.331292 1.072983 25.950664 2.930861 0.032777
Cyclist -1 -1 -10 428.000000 173.000000 447.000000 224.000000 1.714889 0.645384 1.623386 -5.639220 1.227926 23.051797 -3.338760 0.027036
Cyclist -1 -1 -10 380.000000 177.000000 551.000000 310.000000 1.696694 0.740660 1.790041 -1.513091 1.606758 9.167261 1.879845 0.019612
Cyclist -1 -1 -10 438.000000 178.000000 469.000000 218.000000 1.712203 0.608464 1.402478 -6.808117 1.103902 30.197679 -1.113775 0.015192
Cyclist -1 -1 -10 417.000000 178.000000 481.000000 226.000000 1.729108 0.592061 1.430380 -6.837637 1.223652 31.466655 2.867934 0.014347
