Pedestrian -1 -1 -10 872.000000 162.000000 928.000000 283.000000 1.639141 0.640919 0.887055 4.017683 1.371229 9.968286 -1.668662 0.991146
Pedestrian -1 -1 -10 -2.000000 155.000000 244.000000 379.000000 1.715025 0.820124 0.619159 -2.659478 1.607639 3.849074 1.085343 0.381992
Pedestrian -1 -1 -10 575.000000 162.000000 585.000000 196.000000 1.795865 0.648308 0.725602 -1.287267 0.600438 41.314166 1.883732 0.353555
Pedestrian -1 -1 -10 556.000000 161.000000 569.000000 196.000000 1.843374 0.631120 0.916757 -2.174730 0.724586 39.769640 -1.552402 0.170784
Pedestrian -1 -1 -10 636.000000 162.000000 645.000000 190.000000 1.751362 0.650552 0.788371 2.673218 0.389810 48.573657 -1.568465 0.090798
Pedestrian -1 -1 -10 746.000000 159.000000 767.000000 224.000000 1.767228 0.651242 0.685933 3.947127 1.215482 18.249179 -1.354238 0.066556
Pedestrian -1 -1 -10 1147.000000 252.000000 1190.000000 318.000000 1.680739 0.586744 0.653032 5.607700 1.815702 7.157985 -1.504813 0.053808
Pedestrian -1 -1 -10 5.000000 176.000000 122.000000 371.000000 1.694443 0.669801 0.725895 -2.823846 1.655329 3.957459 -0.131896 0.030249
Pedestrian -1 -1 -10 865.000000 159.000000 899.000000 249.000000 1.704502 0.596462 0.659685 5.120392 0.977980 13.534289 2.481675 0.017088
Pedestrian -1 -1 -10 859.000000 153.000000 877.000000 214.000000 1.745345 0.522719 0.655767 6.688920 0.662949 18.312251 1.383461 0.016080
Pedestrian -1 -1 -10 645.000000 163.000000 651.000000 190.000000 1.746594 0.651343 0.733885 3.269586 0.429815 48.749289 -2.099904 0.015957
Pedestrian -1 -1 -10 864.000000 155.000000 885.000000 224.000000 1.729194 0.612692 0.857816 6.847267 0.973444 18.189120 -1.348734 0.013922
Pedestrian -1 -1 -10 285.000000 167.000000 433.000000 362.000000 1.683970 0.759786 0.612529 -2.191203 1.523891 6.507088 1.724459 0.010225
Car -1 -1 -10 594.000000 170.000000 627.000000 197.000000 1.642825 1.654081 4.062617 0.579901 0.927249 39.217261 1.596950 0.998218
Cyclist -1 -1 -10 293.000000 163.000000 433.000000 373.000000 1.712411 0.561495 1.775785 -2.139119 1.559307 6.521214 1.574532 0.999094
Cyclist -1 -1 -10 -5.000000 155.000000 253.000000 373.000000 1.613486 0.558261 1.695775 -2.623851 1.435097 3.772503 1.581228 0.991771
Cyclist -1 -1 -10 3.000000 184.000000 119.000000 366.000000 1.621410 0.594155 1.646207 -2.577702 1.493181 3.935983 1.424780 0.049924
