Car -1 -1 -10 571.000000 180.000000 607.000000 212.000000 1.572063 1.637943 3.936232 -1.051985 1.407098 38.660865 -1.602013 0.999700
Car -1 -1 -10 224.000000 192.000000 448.000000 330.000000 1.469408 1.610913 3.987522 -3.428163 1.591268 9.787496 -1.574572 0.999576
Car -1 -1 -10 48.000000 193.000000 263.000000 291.000000 1.446653 1.595503 3.818881 -7.608448 1.630387 12.606583 -1.609240 0.998521
Car -1 -1 -10 426.000000 186.000000 497.000000 230.000000 1.485430 1.646553 4.071354 -5.099965 1.545616 25.401547 -1.622165 0.998477
Car -1 -1 -10 49.000000 195.000000 191.000000 254.000000 1.481593 1.585099 3.709277 -12.549906 1.790255 18.816552 -1.609867 0.937505
Car -1 -1 -10 193.000000 179.000000 304.000000 231.000000 1.628214 1.624463 3.993802 -12.895835 1.541234 26.254460 -1.578697 0.522081
Car -1 -1 -10 351.000000 191.000000 411.000000 228.000000 1.494175 1.571911 3.580630 -9.075795 1.559988 29.121551 -1.521197 0.432565
Car -1 -1 -10 277.000000 194.000000 365.000000 243.000000 1.558087 1.625983 3.854507 -8.153017 1.293444 21.089940 1.356089 0.043054
Car -1 -1 -10 144.000000 194.000000 238.000000 243.000000 1.474692 1.558359 3.751118 -17.129632 1.363966 28.233177 1.410350 0.019454
Car -1 -1 -10 425.000000 181.000000 466.000000 213.000000 1.537152 1.629832 3.884641 -8.682720 1.481908 38.758891 -1.164182 0.018819
Cyclist -1 -1 -10 283.000000 192.000000 348.000000 232.000000 1.756200 0.654367 1.698425 -8.330440 1.857642 19.957845 -3.061083 0.011486
