Car -1 -1 -10 741.000000 178.000000 933.000000 295.000000 1.502977 1.658271 4.050007 3.199780 1.579830 11.329997 -1.608252 0.999373
Car -1 -1 -10 104.000000 196.000000 356.000000 314.000000 1.444218 1.652700 4.143604 -5.690521 1.903003 11.718764 1.615542 0.999195
Car -1 -1 -10 691.000000 180.000000 763.000000 233.000000 1.461738 1.543803 3.752167 3.397619 1.670415 21.115460 1.543742 0.998446
Car -1 -1 -10 309.000000 190.000000 427.000000 260.000000 1.509855 1.534868 3.641754 -5.738044 1.954403 17.462839 1.570350 0.998160
Car -1 -1 -10 426.000000 185.000000 495.000000 229.000000 1.563065 1.610517 4.018321 -5.663810 2.033269 26.568757 1.650521 0.997913
Car -1 -1 -10 831.000000 185.000000 1247.000000 375.000000 1.471112 1.614072 3.907089 3.276683 1.631937 5.737481 -1.574189 0.996278
Car -1 -1 -10 670.000000 180.000000 731.000000 220.000000 1.469554 1.633952 4.010528 3.344830 1.694741 26.997917 -1.624968 0.918374
Car -1 -1 -10 655.000000 178.000000 699.000000 209.000000 1.487882 1.597908 3.781476 3.179679 1.727433 35.546458 -1.579420 0.265588
Car -1 -1 -10 493.000000 178.000000 532.000000 206.000000 1.571114 1.636552 3.932649 -5.644460 2.016381 41.506738 1.875184 0.161963
Car -1 -1 -10 209.000000 186.000000 319.000000 225.000000 1.512088 1.510238 3.437426 -13.322813 2.026720 28.871859 1.613426 0.068062
Car -1 -1 -10 -1.000000 186.000000 77.000000 253.000000 1.559272 1.584009 3.734781 -15.090967 1.740382 18.171269 0.412286 0.030855
