Pedestrian -1 -1 -10 3.000000 191.000000 128.000000 379.000000 1.689982 0.696311 0.778481 -4.548393 2.170247 5.813058 -2.672484 0.013136
Car -1 -1 -10 681.000000 182.000000 774.000000 249.000000 1.463137 1.627894 3.768449 2.773290 1.704630 17.744150 -1.578627 0.998751
Car -1 -1 -10 169.000000 174.000000 418.000000 251.000000 1.592063 1.673269 4.230305 -6.562013 1.604764 16.269842 0.033921 0.988899
Car -1 -1 -10 -6.000000 167.000000 291.000000 320.000000 1.631648 1.663275 4.003953 -6.441859 1.599198 8.559379 -3.160277 0.988100
Car -1 -1 -10 804.000000 194.000000 1246.000000 374.000000 1.507123 1.623805 3.856216 2.942686 1.731050 5.622833 -1.587319 0.977133
Car -1 -1 -10 404.000000 175.000000 504.000000 217.000000 1.684906 1.670822 4.059608 -5.781445 1.797333 29.566325 -1.709386 0.927448
Car -1 -1 -10 654.000000 173.000000 707.000000 219.000000 1.651467 1.661342 3.960936 2.693393 1.764554 28.637711 -1.573132 0.920780
Car -1 -1 -10 278.000000 168.000000 469.000000 231.000000 1.723840 1.702668 4.061564 -6.351691 1.638845 21.009301 -3.113012 0.609347
Car -1 -1 -10 91.000000 181.000000 306.000000 279.000000 1.519379 1.621678 3.726178 -6.770993 1.674454 11.318700 -3.082760 0.409550
Car -1 -1 -10 0.000000 191.000000 142.000000 376.000000 1.479558 1.605055 3.966519 -6.264531 1.775755 6.112678 -2.873842 0.369871
Car -1 -1 -10 439.000000 176.000000 536.000000 207.000000 1.790969 1.712570 4.125192 -5.943887 1.744105 38.334860 -2.917782 0.099638
Car -1 -1 -10 705.000000 184.000000 770.000000 224.000000 1.505459 1.569556 3.701278 6.160509 1.829501 30.277133 -1.919284 0.032894
Car -1 -1 -10 641.000000 175.000000 681.000000 205.000000 1.634611 1.652913 3.849460 2.660850 1.887857 43.852793 -1.546768 0.026495
