Pedestrian -1 -1 -10 760.000000 176.000000 784.000000 215.000000 1.734038 0.620220 0.545743 7.855131 1.895831 34.801830 -0.853479 0.036924
Car -1 -1 -10 734.000000 177.000000 909.000000 284.000000 1.522560 1.656906 4.012101 3.229224 1.575714 12.382895 -1.599172 0.999189
Car -1 -1 -10 156.000000 195.000000 378.000000 300.000000 1.448120 1.649926 4.148652 -5.738423 1.930811 12.759952 1.605178 0.998946
Car -1 -1 -10 813.000000 184.000000 1219.000000 375.000000 1.426617 1.654170 3.995824 3.283922 1.702201 6.964832 -1.585445 0.998869
Car -1 -1 -10 689.000000 181.000000 753.000000 231.000000 1.465969 1.551113 3.740453 3.396324 1.703258 22.242738 1.539080 0.997806
Car -1 -1 -10 336.000000 190.000000 437.000000 256.000000 1.500954 1.535633 3.663805 -5.716202 1.954798 18.520848 1.583738 0.997777
Car -1 -1 -10 436.000000 185.000000 498.000000 227.000000 1.557077 1.619652 3.993870 -5.575654 2.043952 27.612333 1.683224 0.996476
Car -1 -1 -10 670.000000 181.000000 724.000000 219.000000 1.479435 1.635924 4.029552 3.379708 1.769308 28.115636 -1.594651 0.937792
Car -1 -1 -10 3.000000 214.000000 117.000000 372.000000 1.486797 1.605552 3.828571 -5.988120 1.916158 5.456797 1.569662 0.791910
Car -1 -1 -10 655.000000 178.000000 697.000000 209.000000 1.501176 1.588718 3.656922 3.191637 1.778971 36.560306 -1.580751 0.729030
Car -1 -1 -10 1066.000000 157.000000 1244.000000 310.000000 1.469698 1.584237 3.813381 3.236108 1.505861 6.520284 -1.616648 0.633411
Car -1 -1 -10 0.000000 187.000000 111.000000 247.000000 1.511974 1.560366 3.915448 -15.003662 1.862570 18.872330 0.225354 0.309709
Car -1 -1 -10 496.000000 179.000000 533.000000 206.000000 1.552544 1.627374 3.942792 -5.366490 1.981458 42.727844 1.834670 0.098442
Cyclist -1 -1 -10 760.000000 176.000000 784.000000 215.000000 1.722691 0.563991 1.494103 8.029245 1.810225 35.597782 -0.646832 0.109806
