Car -1 -1 -10 574.000000 175.000000 611.000000 208.000000 1.530376 1.623614 3.765000 -0.828883 1.090500 37.533860 -1.598196 0.999272
Car -1 -1 -10 268.000000 184.000000 436.000000 286.000000 1.461325 1.580001 3.729055 -4.376542 1.506760 12.775835 -1.565577 0.999221
Car -1 -1 -10 473.000000 181.000000 520.000000 214.000000 1.442753 1.567807 3.716484 -4.828413 1.240220 32.045567 -1.587699 0.996904
Car -1 -1 -10 413.000000 181.000000 486.000000 231.000000 1.449346 1.596826 3.930524 -4.816187 1.297027 22.673265 -1.593893 0.995566
Car -1 -1 -10 258.000000 175.000000 357.000000 239.000000 1.529635 1.633213 3.863114 -8.538127 1.400128 20.975925 -1.605683 0.993844
Car -1 -1 -10 0.000000 199.000000 171.000000 312.000000 1.455871 1.601950 3.867691 -8.379735 1.651556 10.480245 -1.597841 0.284631
Car -1 -1 -10 360.000000 183.000000 420.000000 212.000000 1.510392 1.581333 3.675884 -8.814007 1.339741 29.473626 -1.703098 0.125965
Car -1 -1 -10 4.000000 162.000000 199.000000 249.000000 1.828490 1.667424 4.148499 -12.259401 1.350062 18.001845 -1.549281 0.033295
Car -1 -1 -10 898.000000 223.000000 1197.000000 369.000000 1.489867 1.604482 3.795448 3.183875 2.098747 3.872170 1.513598 0.023866
Car -1 -1 -10 0.000000 202.000000 111.000000 278.000000 1.548523 1.605505 3.907335 -12.738530 1.325485 17.502906 -1.692371 0.015064
Car -1 -1 -10 514.000000 167.000000 549.000000 201.000000 1.856392 1.662448 3.690515 -5.288982 0.680349 47.555914 -1.667287 0.012277
