Pedestrian -1 -1 -10 1000.000000 146.000000 1126.000000 368.000000 1.653603 0.580689 0.575204 3.092219 1.361541 4.756379 1.697096 0.999236
Pedestrian -1 -1 -10 580.000000 139.000000 666.000000 372.000000 1.788169 0.619247 0.776517 0.014714 1.471183 5.281712 1.200153 0.997860
Pedestrian -1 -1 -10 880.000000 144.000000 992.000000 371.000000 1.669666 0.587212 0.651072 2.243982 1.385001 4.818574 1.537067 0.996831
Pedestrian -1 -1 -10 526.000000 140.000000 569.000000 260.000000 1.805219 0.698387 0.859997 -0.891929 1.217891 10.999039 1.390725 0.995703
Pedestrian -1 -1 -10 268.000000 157.000000 350.000000 344.000000 1.750251 0.622603 0.908534 -2.836715 1.559766 6.655483 0.619136 0.995380
Pedestrian -1 -1 -10 835.000000 153.000000 903.000000 339.000000 1.736280 0.606465 0.759214 2.442794 1.460034 6.763906 1.361027 0.989586
Pedestrian -1 -1 -10 747.000000 145.000000 817.000000 335.000000 1.839736 0.632798 0.951621 1.759684 1.497578 7.081206 0.969415 0.987663
Pedestrian -1 -1 -10 673.000000 144.000000 737.000000 364.000000 1.783500 0.697513 0.859335 0.874160 1.497036 6.520746 1.105947 0.970745
Pedestrian -1 -1 -10 713.000000 160.000000 778.000000 351.000000 1.781786 0.632122 0.892086 1.217802 1.465708 6.669145 1.286310 0.906469
Pedestrian -1 -1 -10 715.000000 137.000000 758.000000 236.000000 1.726000 0.718886 0.854930 2.072713 0.935022 11.477843 1.659548 0.783647
Pedestrian -1 -1 -10 626.000000 144.000000 686.000000 359.000000 1.768182 0.598699 0.824568 0.404587 1.539120 6.042391 0.638831 0.767440
Pedestrian -1 -1 -10 647.000000 137.000000 690.000000 259.000000 1.774323 0.625058 0.768116 0.977324 1.085995 11.321053 1.232495 0.663752
Pedestrian -1 -1 -10 249.000000 131.000000 290.000000 259.000000 1.766062 0.657340 0.716121 -5.551507 0.944106 11.795669 0.073576 0.662478
Pedestrian -1 -1 -10 755.000000 147.000000 779.000000 208.000000 1.716718 0.591235 0.783017 4.156834 0.882572 18.327470 -2.432479 0.418958
Pedestrian -1 -1 -10 859.000000 153.000000 939.000000 358.000000 1.742076 0.567980 0.755907 2.106666 1.478055 4.838499 1.013827 0.291827
Cyclist -1 -1 -10 309.000000 138.000000 345.000000 208.000000 1.729642 0.620791 1.565021 -5.216932 0.874163 13.819367 -1.298986 0.470709
Cyclist -1 -1 -10 313.000000 145.000000 384.000000 209.000000 1.668553 0.616366 1.650012 -6.619161 1.170747 18.719639 -1.327853 0.149444
Cyclist -1 -1 -10 534.000000 146.000000 565.000000 183.000000 1.677954 0.514024 1.434747 -1.877825 0.851741 32.816659 -1.695788 0.141764
Cyclist -1 -1 -10 704.000000 148.000000 784.000000 285.000000 1.748029 0.593274 1.668792 2.269806 1.020520 11.502245 1.199622 0.091862
Cyclist -1 -1 -10 550.000000 145.000000 566.000000 191.000000 1.677954 0.514024 1.434748 -1.875182 0.851741 32.816313 -1.683833 0.083751
Cyclist -1 -1 -10 628.000000 140.000000 690.000000 303.000000 1.692035 0.488736 1.458232 1.340144 1.222911 14.879878 -2.122536 0.078901
Cyclist -1 -1 -10 527.000000 143.000000 565.000000 214.000000 1.690617 0.487734 1.337295 -1.357757 0.892776 15.910997 0.884750 0.057601
Cyclist -1 -1 -10 266.000000 148.000000 346.000000 340.000000 1.720186 0.606849 1.688702 -2.944608 1.476504 6.694177 0.526796 0.046694
Cyclist -1 -1 -10 248.000000 131.000000 290.000000 262.000000 1.880741 0.612868 1.787559 -5.562227 1.044444 11.818228 1.062800 0.031303
Cyclist -1 -1 -10 736.000000 144.000000 777.000000 224.000000 1.712810 0.548821 1.627670 4.093057 0.861285 18.381628 -1.338429 0.029704
Cyclist -1 -1 -10 635.000000 144.000000 679.000000 232.000000 1.719105 0.544597 1.689253 0.847106 0.995398 11.257099 1.122838 0.027525
Cyclist -1 -1 -10 594.000000 142.000000 682.000000 360.000000 1.738074 0.531657 1.728177 0.243553 1.469948 5.923855 -1.084192 0.017834
Cyclist -1 -1 -10 712.000000 138.000000 765.000000 240.000000 1.738290 0.702065 1.706063 2.073766 0.870987 11.560187 1.235186 0.017098
Cyclist -1 -1 -10 742.000000 153.000000 809.000000 279.000000 1.699279 0.625750 1.592074 1.842043 0.898668 7.268639 -1.301912 0.012218
