Pedestrian -1 -1 -10 1010.000000 146.000000 1102.000000 330.000000 1.700018 0.669219 0.814114 4.295450 1.360328 6.722921 -1.591090 0.995323
Pedestrian -1 -1 -10 554.000000 164.000000 567.000000 204.000000 1.679589 0.583534 0.666521 -1.850138 0.840072 33.195492 1.588626 0.842468
Pedestrian -1 -1 -10 628.000000 165.000000 637.000000 192.000000 1.748928 0.616335 0.700345 1.957393 0.701191 45.423999 2.044133 0.543620
Pedestrian -1 -1 -10 617.000000 164.000000 626.000000 190.000000 1.749358 0.652424 0.833673 1.680476 0.546307 55.515733 -1.899992 0.305060
Pedestrian -1 -1 -10 634.000000 165.000000 642.000000 192.000000 1.741707 0.656976 0.667071 2.432761 0.634227 46.488927 -1.095520 0.262682
Pedestrian -1 -1 -10 642.000000 164.000000 651.000000 192.000000 1.819319 0.628772 0.814400 2.914510 0.630533 46.315178 -1.946399 0.155941
Pedestrian -1 -1 -10 603.000000 163.000000 613.000000 193.000000 1.766104 0.608277 0.691486 0.783025 0.478764 55.525834 -1.442029 0.140839
Pedestrian -1 -1 -10 551.000000 167.000000 562.000000 201.000000 1.689747 0.607235 0.601617 -1.910598 0.912015 33.636439 2.524244 0.105472
Pedestrian -1 -1 -10 639.000000 164.000000 648.000000 192.000000 1.730559 0.720011 0.788863 2.755763 0.583613 46.738678 -1.461208 0.087229
Pedestrian -1 -1 -10 609.000000 164.000000 617.000000 192.000000 1.759803 0.626285 0.702640 0.818207 0.497906 55.508155 0.161666 0.079111
Pedestrian -1 -1 -10 1031.000000 164.000000 1065.000000 210.000000 1.689785 0.557592 0.574677 7.453155 1.017668 12.413194 1.108219 0.050807
Pedestrian -1 -1 -10 1071.000000 135.000000 1101.000000 215.000000 1.714818 0.629083 0.731872 8.346512 0.766917 12.474686 1.653494 0.043515
Pedestrian -1 -1 -10 462.000000 171.000000 482.000000 220.000000 1.748010 0.614254 0.696566 -3.453197 1.145699 20.362880 2.428431 0.041642
Pedestrian -1 -1 -10 626.000000 164.000000 633.000000 191.000000 1.739867 0.634941 0.667489 1.839242 0.693779 44.859661 1.150738 0.027780
Pedestrian -1 -1 -10 1003.000000 146.000000 1022.000000 192.000000 1.735684 0.630057 0.684262 7.135529 0.844596 12.520385 -1.499887 0.027268
Pedestrian -1 -1 -10 594.000000 168.000000 615.000000 198.000000 1.790995 0.634042 0.683639 -0.100773 0.825535 45.242276 -1.523555 0.026122
Pedestrian -1 -1 -10 568.000000 170.000000 580.000000 202.000000 1.756143 0.558373 0.747312 -1.892252 0.720480 49.800859 0.618867 0.014475
Pedestrian -1 -1 -10 1018.000000 157.000000 1066.000000 268.000000 1.721073 0.635414 0.674301 7.476847 0.951413 12.492571 0.429851 0.014069
Car -1 -1 -10 562.000000 172.000000 620.000000 221.000000 1.526327 1.654800 4.084100 -0.243029 1.207125 23.396351 1.654651 0.998811
Car -1 -1 -10 948.000000 159.000000 1039.000000 207.000000 1.545882 1.553104 3.291430 9.875113 1.422813 17.757890 2.966517 0.577533
Cyclist -1 -1 -10 1025.000000 155.000000 1062.000000 211.000000 1.724478 0.496629 1.541636 7.929370 0.797154 12.595252 -0.392281 0.029605
Cyclist -1 -1 -10 1003.000000 150.000000 1104.000000 328.000000 1.744288 0.645809 1.743591 4.221007 1.380283 6.803886 1.594378 0.014618
