Car -1 -1 -10 625.000000 182.000000 724.000000 250.000000 1.502057 1.592760 3.498073 1.459673 1.700226 17.434477 -1.789149 0.998339
Car -1 -1 -10 557.000000 175.000000 644.000000 212.000000 1.500910 1.601993 3.955860 -0.329801 1.714205 33.024184 -0.693229 0.996900
Car -1 -1 -10 760.000000 166.000000 857.000000 204.000000 1.518401 1.638405 4.063910 9.021257 1.272080 31.989217 -0.709049 0.996109
Car -1 -1 -10 696.000000 170.000000 797.000000 209.000000 1.504850 1.586537 3.827419 5.429696 1.437157 28.962386 -0.643590 0.992418
Car -1 -1 -10 835.000000 168.000000 904.000000 199.000000 1.506643 1.567082 3.506660 12.676325 1.322938 34.807238 -0.640647 0.972451
Car -1 -1 -10 938.000000 176.000000 1243.000000 374.000000 1.531104 1.609393 3.761467 2.603135 1.746464 2.619521 -1.634923 0.848426
Car -1 -1 -10 878.000000 160.000000 962.000000 195.000000 1.614405 1.656174 4.001606 16.159129 1.068816 37.487823 -0.660230 0.457586
Car -1 -1 -10 680.000000 172.000000 746.000000 203.000000 1.484655 1.631971 3.955785 5.044196 1.576318 28.638840 1.188308 0.039908
Cyclist -1 -1 -10 650.000000 174.000000 676.000000 209.000000 1.693623 0.493192 1.347395 1.340142 1.048559 18.048963 1.050898 0.052034
Cyclist -1 -1 -10 656.000000 175.000000 695.000000 204.000000 1.675960 0.605588 1.663920 3.172692 1.670620 39.623397 -0.964964 0.035435
Cyclist -1 -1 -10 624.000000 180.000000 724.000000 252.000000 1.706550 0.810792 1.890414 1.363597 1.682113 16.344974 0.203385 0.028213
Cyclist -1 -1 -10 666.000000 174.000000 717.000000 203.000000 1.705083 0.537122 1.684628 4.633732 1.638957 36.230629 -0.881543 0.014626
Cyclist -1 -1 -10 665.000000 173.000000 682.000000 213.000000 1.690762 0.497748 1.351213 1.532150 0.987137 17.486009 1.065752 0.012995
