Car -1 -1 -10 810.000000 185.000000 1085.000000 334.000000 1.493502 1.629989 3.775820 3.750940 1.656345 8.762091 -1.552162 0.999726
Car -1 -1 -10 501.000000 178.000000 545.000000 211.000000 1.523894 1.531402 3.529641 -4.162139 1.801937 34.869977 1.583331 0.999530
Car -1 -1 -10 271.000000 189.000000 435.000000 279.000000 1.514516 1.590819 3.833842 -4.650680 1.819639 13.615988 1.577243 0.999369
Car -1 -1 -10 375.000000 185.000000 481.000000 249.000000 1.442286 1.594538 3.980297 -4.674092 1.795868 18.945547 1.564981 0.999085
Car -1 -1 -10 0.000000 191.000000 329.000000 374.000000 1.497500 1.610304 3.796568 -4.708047 1.817836 7.969367 1.569042 0.998898
Car -1 -1 -10 740.000000 179.000000 885.000000 269.000000 1.486800 1.645143 4.027028 3.607526 1.605841 13.868015 -1.623284 0.997233
Car -1 -1 -10 712.000000 179.000000 800.000000 241.000000 1.503647 1.615827 3.834230 3.692595 1.667542 19.022577 -1.557723 0.994178
Car -1 -1 -10 700.000000 176.000000 761.000000 225.000000 1.534781 1.610927 3.784248 4.038970 1.720826 24.551322 -1.535607 0.975953
Car -1 -1 -10 1030.000000 185.000000 1239.000000 376.000000 1.509749 1.643733 3.875871 3.573497 1.795204 2.945702 -1.585031 0.955039
Car -1 -1 -10 522.000000 177.000000 559.000000 206.000000 1.552020 1.617338 4.057769 -3.856013 1.738829 39.563676 1.677893 0.909737
Car -1 -1 -10 687.000000 175.000000 730.000000 214.000000 1.563976 1.487765 3.292946 4.206358 1.762384 30.859313 -1.567291 0.656553
Car -1 -1 -10 1085.000000 171.000000 1237.000000 224.000000 1.518623 1.604611 3.738515 19.104529 1.248147 23.966061 2.936553 0.378931
Cyclist -1 -1 -10 939.000000 176.000000 1032.000000 215.000000 1.742489 0.715089 1.805023 11.418384 1.411126 21.876584 3.604308 0.016371
Cyclist -1 -1 -10 1029.000000 186.000000 1244.000000 376.000000 1.673115 0.621283 1.824380 3.109655 1.985128 4.058125 -1.543479 0.013820
