Pedestrian -1 -1 -10 468.000000 176.000000 481.000000 204.000000 1.683280 0.612588 0.624025 -7.320779 1.173228 38.855218 2.336588 0.187227
Car -1 -1 -10 758.000000 191.000000 1007.000000 350.000000 1.451645 1.590184 3.617190 2.952479 1.740089 8.433504 -1.592374 0.999070
Car -1 -1 -10 50.000000 194.000000 360.000000 364.000000 1.511801 1.609952 3.929952 -4.419857 1.832798 8.627127 1.556759 0.999021
Car -1 -1 -10 670.000000 181.000000 737.000000 241.000000 1.507146 1.616800 3.811380 2.571855 1.765169 20.393035 -1.579516 0.997418
Car -1 -1 -10 453.000000 182.000000 513.000000 227.000000 1.513847 1.611943 3.775494 -4.746259 1.937761 27.042838 1.512214 0.997148
Car -1 -1 -10 722.000000 184.000000 851.000000 289.000000 1.466705 1.557170 3.521212 2.983532 1.724651 12.653490 -1.570823 0.936906
Car -1 -1 -10 660.000000 182.000000 715.000000 226.000000 1.553492 1.547528 3.480012 2.776697 1.859748 26.546029 -1.584641 0.902427
Car -1 -1 -10 480.000000 177.000000 526.000000 219.000000 1.685265 1.629605 3.914025 -4.732894 1.927534 32.639861 1.539358 0.870436
Car -1 -1 -10 645.000000 179.000000 683.000000 213.000000 1.512374 1.582906 3.713649 2.854351 1.997858 35.035953 -1.576224 0.720678
Car -1 -1 -10 501.000000 178.000000 540.000000 211.000000 1.454697 1.582756 3.852953 -4.709356 1.682379 32.759913 1.558675 0.502907
Car -1 -1 -10 272.000000 186.000000 370.000000 234.000000 1.562363 1.587647 3.959675 -9.962162 2.024785 24.518173 -0.048618 0.170661
