Pedestrian -1 -1 -10 747.000000 172.000000 762.000000 220.000000 1.667118 0.597652 0.578574 4.494954 2.081988 20.901080 -1.363520 0.034584
Car -1 -1 -10 489.000000 187.000000 548.000000 225.000000 1.562465 1.600240 3.688899 -3.729764 2.104291 29.994145 1.623589 0.999514
Car -1 -1 -10 763.000000 191.000000 896.000000 278.000000 1.456851 1.632315 3.899946 4.052229 1.808892 14.122569 -1.516553 0.996953
Car -1 -1 -10 726.000000 183.000000 822.000000 247.000000 1.506533 1.583845 3.580827 4.234979 1.823711 19.915305 -1.588067 0.990005
Car -1 -1 -10 711.000000 184.000000 769.000000 231.000000 1.473368 1.618696 3.958358 4.490950 1.913054 25.244051 -1.507727 0.973117
Car -1 -1 -10 698.000000 183.000000 740.000000 219.000000 1.503325 1.615662 3.831278 4.714183 1.966755 30.611304 -1.489650 0.926746
Car -1 -1 -10 1.000000 219.000000 160.000000 376.000000 1.503204 1.618856 3.790154 -4.686775 1.793318 3.687880 1.585925 0.624041
Car -1 -1 -10 522.000000 186.000000 562.000000 218.000000 1.533429 1.590883 3.895263 -3.495254 2.294975 35.966898 1.665473 0.621247
Car -1 -1 -10 688.000000 182.000000 725.000000 214.000000 1.628544 1.637157 4.013515 4.886402 1.938001 35.682362 1.582833 0.406451
Car -1 -1 -10 823.000000 161.000000 1232.000000 375.000000 1.765146 1.716222 4.426361 3.991805 1.709829 7.970133 -1.544312 0.296774
