Car -1 -1 -10 251.000000 194.000000 403.000000 278.000000 1.517095 1.613312 3.887285 -5.762086 1.988712 15.108363 1.597649 0.999696
Car -1 -1 -10 358.000000 189.000000 450.000000 247.000000 1.452492 1.571760 3.840161 -5.795986 1.951677 20.489948 1.578089 0.996779
Car -1 -1 -10 798.000000 153.000000 918.000000 197.000000 1.582944 1.639246 4.047752 9.261442 0.964611 27.288884 3.181817 0.994479
Car -1 -1 -10 404.000000 188.000000 481.000000 234.000000 1.474844 1.556640 3.768372 -5.708941 1.982337 25.365374 1.557937 0.986652
Car -1 -1 -10 443.000000 185.000000 506.000000 220.000000 1.476472 1.569746 3.929048 -5.681236 1.903802 31.514981 1.578478 0.955615
Car -1 -1 -10 488.000000 182.000000 529.000000 212.000000 1.558552 1.614447 4.059571 -5.431927 2.036670 39.053498 1.631657 0.923161
Car -1 -1 -10 664.000000 174.000000 708.000000 207.000000 1.569926 1.609257 3.810439 3.795982 1.709000 32.849253 -1.570752 0.893217
Car -1 -1 -10 1091.000000 135.000000 1241.000000 174.000000 1.515534 1.644804 4.113292 22.781998 0.019364 30.669811 0.071113 0.409692
Car -1 -1 -10 747.000000 160.000000 846.000000 194.000000 1.583791 1.722747 4.144834 8.816634 1.145465 33.968867 -0.215926 0.211814
Car -1 -1 -10 1055.000000 141.000000 1153.000000 175.000000 1.500514 1.612832 3.970347 23.626697 0.098403 34.125744 0.071567 0.093317
