Car -1 -1 -10 630.000000 178.000000 682.000000 219.000000 1.453257 1.639832 3.955294 1.768574 1.761263 29.079735 -1.634250 0.998177
Car -1 -1 -10 -1.000000 158.000000 266.000000 313.000000 1.711511 1.691094 4.017418 -7.097223 1.739798 9.655526 -3.206796 0.997694
Car -1 -1 -10 982.000000 185.000000 1239.000000 351.000000 1.525423 1.689901 4.017666 6.203406 1.684518 7.091876 0.161341 0.993299
Car -1 -1 -10 311.000000 179.000000 456.000000 227.000000 1.544437 1.564798 4.225882 -7.105645 1.764021 23.322452 -3.270738 0.989154
Car -1 -1 -10 780.000000 174.000000 992.000000 271.000000 1.641330 1.611350 4.079901 5.560012 1.768707 13.635865 -0.116640 0.975636
Car -1 -1 -10 822.000000 185.000000 1156.000000 296.000000 1.569821 1.605453 4.061317 5.894209 1.779162 10.682118 3.081317 0.975204
Car -1 -1 -10 615.000000 175.000000 649.000000 201.000000 1.543501 1.624270 3.903678 0.726851 1.844559 44.376165 -1.547912 0.334775
Car -1 -1 -10 477.000000 177.000000 514.000000 202.000000 1.538233 1.610462 3.938901 -6.699165 2.022640 40.704243 1.846910 0.250652
Car -1 -1 -10 375.000000 179.000000 480.000000 221.000000 1.529880 1.569299 3.904739 -6.850338 1.819514 26.192137 -2.979626 0.128023
Cyclist -1 -1 -10 474.000000 174.000000 507.000000 238.000000 1.733237 0.602310 1.764652 -3.396739 1.830895 19.972534 1.537414 0.992468
Cyclist -1 -1 -10 476.000000 179.000000 512.000000 208.000000 1.732231 0.690025 0.968482 -6.048165 1.645080 36.277405 -1.280755 0.624584
