Pedestrian -1 -1 -10 300.000000 169.000000 368.000000 330.000000 1.748558 0.663241 0.787565 -3.106070 1.668394 8.298911 -1.462922 0.997126
Pedestrian -1 -1 -10 777.000000 177.000000 839.000000 339.000000 1.712542 0.648481 0.741031 2.220673 1.612451 7.793735 -1.661073 0.996051
Pedestrian -1 -1 -10 975.000000 163.000000 1053.000000 349.000000 1.782466 0.663710 0.819272 4.036592 1.640910 7.197007 1.680338 0.995105
Pedestrian -1 -1 -10 634.000000 172.000000 667.000000 251.000000 1.720090 0.656774 1.066800 1.189986 1.582909 17.506003 -1.947020 0.994212
Pedestrian -1 -1 -10 1049.000000 159.000000 1152.000000 348.000000 1.696895 0.648473 0.665555 4.600823 1.584376 6.848499 2.138101 0.972231
Pedestrian -1 -1 -10 721.000000 177.000000 761.000000 297.000000 1.693116 0.617082 0.761873 1.942748 1.664582 10.456737 -1.836131 0.959509
Pedestrian -1 -1 -10 691.000000 182.000000 733.000000 285.000000 1.627631 0.604426 0.691463 1.837452 1.694116 11.867405 -1.429571 0.947605
Pedestrian -1 -1 -10 186.000000 172.000000 242.000000 321.000000 1.744658 0.672999 0.863910 -4.659932 1.625134 8.542466 1.015740 0.935626
Pedestrian -1 -1 -10 739.000000 180.000000 768.000000 287.000000 1.714126 0.627130 0.764482 2.671994 1.739457 12.145108 1.790132 0.253231
Pedestrian -1 -1 -10 777.000000 179.000000 812.000000 301.000000 1.741970 0.608613 0.666846 2.355330 1.515186 9.292473 -0.858561 0.234675
Pedestrian -1 -1 -10 783.000000 180.000000 832.000000 259.000000 1.780433 0.588039 0.441984 4.167000 1.365482 14.612655 -1.294586 0.088745
Pedestrian -1 -1 -10 804.000000 178.000000 829.000000 227.000000 1.628748 0.565441 0.553748 5.624895 1.503051 18.016726 3.333254 0.072669
Pedestrian -1 -1 -10 783.000000 176.000000 807.000000 249.000000 1.684407 0.615206 0.639415 4.416242 1.151816 15.882356 -0.781339 0.066781
Pedestrian -1 -1 -10 793.000000 180.000000 818.000000 237.000000 1.719158 0.536798 0.601436 3.077162 1.557168 9.495644 3.266471 0.047720
Car -1 -1 -10 545.000000 183.000000 597.000000 223.000000 1.506930 1.631270 3.954222 -1.243364 1.608304 29.889690 1.624149 0.999356
Cyclist -1 -1 -10 174.000000 176.000000 247.000000 324.000000 1.828238 0.711354 1.779608 -4.741920 1.700427 8.572362 1.079983 0.382483
Cyclist -1 -1 -10 636.000000 176.000000 673.000000 251.000000 1.774238 0.535165 1.723083 1.131911 1.630506 17.574512 -2.010340 0.374413
Cyclist -1 -1 -10 0.000000 212.000000 56.000000 331.000000 1.670513 0.518918 1.745975 -7.018614 1.796465 8.674417 -2.125164 0.082206
Cyclist -1 -1 -10 775.000000 180.000000 833.000000 329.000000 1.775975 0.640991 1.764752 2.260295 1.673897 8.041632 -1.256112 0.075112
Cyclist -1 -1 -10 650.000000 179.000000 691.000000 249.000000 1.711390 0.613043 1.783102 1.353620 1.698781 17.531428 1.134883 0.060724
Cyclist -1 -1 -10 780.000000 179.000000 814.000000 290.000000 1.736796 0.616565 1.597037 3.001029 1.366787 10.936467 0.386663 0.027085
