Pedestrian -1 -1 -10 505.000000 174.000000 524.000000 218.000000 1.648376 0.644848 0.613069 -3.590303 1.740100 27.176161 1.556430 0.169070
Pedestrian -1 -1 -10 707.000000 161.000000 725.000000 212.000000 1.760571 0.674400 0.931335 4.046041 1.409211 27.599102 -1.844442 0.070238
Pedestrian -1 -1 -10 389.000000 177.000000 421.000000 252.000000 1.625971 0.550737 0.608130 -3.716197 1.680849 13.064049 1.688683 0.064139
Pedestrian -1 -1 -10 426.000000 171.000000 472.000000 274.000000 1.732402 0.736782 0.745016 -2.965071 1.779283 13.438107 1.427909 0.018217
Car -1 -1 -10 638.000000 175.000000 671.000000 201.000000 1.565919 1.613539 3.844639 2.571937 1.578518 41.416424 0.027604 0.902176
Car -1 -1 -10 1002.000000 200.000000 1235.000000 371.000000 1.508248 1.613649 3.748173 2.497343 1.462676 1.073537 -1.597747 0.898670
Car -1 -1 -10 0.000000 209.000000 181.000000 371.000000 1.583956 1.634914 3.836693 -5.003066 1.858217 5.171066 1.560939 0.824472
Car -1 -1 -10 376.000000 185.000000 450.000000 248.000000 1.517478 1.616718 3.770242 -5.577930 2.048063 20.532344 1.293040 0.245212
Car -1 -1 -10 498.000000 176.000000 530.000000 211.000000 1.560202 1.644420 4.015100 -5.035109 2.018781 39.811954 1.770482 0.066802
Cyclist -1 -1 -10 422.000000 172.000000 477.000000 279.000000 1.746609 0.624037 1.803595 -2.959769 1.759536 13.239602 1.551069 0.999605
Cyclist -1 -1 -10 506.000000 172.000000 524.000000 220.000000 1.692385 0.534535 1.749693 -3.597602 1.814631 27.116887 1.524742 0.999013
Cyclist -1 -1 -10 377.000000 177.000000 435.000000 284.000000 1.728822 0.590167 1.775808 -3.610881 1.839053 12.856819 1.536105 0.998718
Cyclist -1 -1 -10 707.000000 161.000000 726.000000 213.000000 1.846195 0.670552 1.762778 3.959547 1.441403 27.660370 -1.365269 0.759042
Cyclist -1 -1 -10 373.000000 187.000000 453.000000 245.000000 1.677287 0.769795 1.714744 -5.117530 2.544230 19.277759 -1.251338 0.249252
Cyclist -1 -1 -10 997.000000 191.000000 1245.000000 377.000000 1.643134 0.533404 1.623799 2.004788 1.611020 2.126384 -1.568051 0.046411
Cyclist -1 -1 -10 389.000000 178.000000 420.000000 255.000000 1.687203 0.540793 1.617959 -3.686687 1.677486 13.037709 0.744747 0.040790
