Pedestrian -1 -1 -10 1147.000000 161.000000 1195.000000 261.000000 1.709818 0.664726 0.775034 14.420488 1.233038 18.353649 2.587389 0.094866
Pedestrian -1 -1 -10 0.000000 179.000000 98.000000 370.000000 1.744886 0.641172 0.822143 -4.831450 1.880658 6.172454 -2.721751 0.012531
Car -1 -1 -10 630.000000 178.000000 681.000000 218.000000 1.430907 1.633179 3.951464 1.774858 1.743875 30.093418 -1.639546 0.998260
Car -1 -1 -10 0.000000 162.000000 290.000000 300.000000 1.621562 1.670684 3.958458 -6.990118 1.727841 10.458086 -3.230254 0.997011
Car -1 -1 -10 1008.000000 189.000000 1242.000000 376.000000 1.535555 1.590221 3.816624 5.905430 1.729304 6.491784 0.038880 0.993782
Car -1 -1 -10 802.000000 184.000000 1133.000000 286.000000 1.550904 1.611758 4.009244 5.918446 1.792140 11.658832 3.056296 0.978013
Car -1 -1 -10 324.000000 179.000000 466.000000 226.000000 1.455492 1.586700 4.078243 -7.055313 1.685250 24.201801 -3.239355 0.977249
Car -1 -1 -10 766.000000 171.000000 968.000000 262.000000 1.525790 1.600396 4.030447 5.503852 1.836085 14.489672 -0.027589 0.974954
Car -1 -1 -10 940.000000 185.000000 1188.000000 317.000000 1.472145 1.578712 3.771301 6.278864 1.703742 9.058515 -0.038404 0.832512
Car -1 -1 -10 4.000000 175.000000 95.000000 373.000000 1.477200 1.601326 3.847177 -6.205651 1.621328 5.348027 -3.063254 0.384289
Car -1 -1 -10 616.000000 175.000000 646.000000 201.000000 1.584202 1.564344 3.583220 1.097078 1.804252 45.575804 -1.523700 0.183521
Car -1 -1 -10 382.000000 179.000000 487.000000 219.000000 1.623261 1.579740 3.869404 -7.544925 1.910289 29.813301 -1.324765 0.127851
Cyclist -1 -1 -10 484.000000 174.000000 512.000000 234.000000 1.687773 0.568767 1.737506 -3.341533 1.793395 21.272905 1.523026 0.992016
Cyclist -1 -1 -10 485.000000 178.000000 516.000000 206.000000 1.805407 0.737384 1.712042 -6.015317 1.749808 37.330204 -0.210952 0.253261
Cyclist -1 -1 -10 1131.000000 169.000000 1211.000000 245.000000 1.748967 0.612677 1.665598 14.486773 1.295534 18.568036 -2.457081 0.029804
