Car -1 -1 -10 711.000000 164.000000 913.000000 309.000000 1.815499 1.736746 4.355974 2.708297 1.750948 11.155957 -1.622105 0.999418
Car -1 -1 -10 -2.000000 187.000000 347.000000 295.000000 1.501399 1.576655 3.850532 -6.289703 1.693578 10.389975 -3.157375 0.997218
Car -1 -1 -10 186.000000 173.000000 412.000000 260.000000 1.519565 1.573510 3.802330 -6.465905 1.680702 15.102758 -3.148161 0.993766
Car -1 -1 -10 688.000000 181.000000 786.000000 254.000000 1.464818 1.577454 3.677352 2.834457 1.665805 16.279563 -1.595747 0.980872
Car -1 -1 -10 269.000000 169.000000 449.000000 243.000000 1.694651 1.634457 3.972828 -6.047736 1.662608 17.607641 0.147312 0.978867
Car -1 -1 -10 666.000000 176.000000 748.000000 232.000000 1.550472 1.637414 3.870215 2.739038 1.709268 21.858920 -1.568019 0.967798
Car -1 -1 -10 646.000000 175.000000 690.000000 208.000000 1.476807 1.593375 3.815619 2.595894 1.664882 33.970432 -1.580118 0.962750
Car -1 -1 -10 391.000000 172.000000 516.000000 210.000000 1.581534 1.625896 4.137977 -6.728328 1.785025 32.658883 -3.196648 0.804584
Car -1 -1 -10 360.000000 170.000000 472.000000 223.000000 1.564623 1.610971 3.929754 -5.747566 1.590468 25.103833 -3.033709 0.680875
Car -1 -1 -10 2.000000 190.000000 98.000000 375.000000 1.483594 1.602533 3.825494 -6.494089 1.653878 5.918396 -3.152336 0.165510
