Pedestrian -1 -1 -10 769.000000 171.000000 821.000000 283.000000 1.674398 0.705022 0.933318 2.907009 1.487000 10.721901 -1.407725 0.994296
Pedestrian -1 -1 -10 437.000000 178.000000 456.000000 244.000000 1.778854 0.642194 0.752479 -4.272579 1.664109 19.495090 1.739131 0.978398
Pedestrian -1 -1 -10 451.000000 182.000000 467.000000 236.000000 1.734151 0.590987 0.598125 -4.699221 1.603236 23.185272 -1.761307 0.632553
Pedestrian -1 -1 -10 259.000000 183.000000 288.000000 277.000000 1.720499 0.637060 0.713981 -5.919365 1.683070 13.049909 1.194798 0.516504
Pedestrian -1 -1 -10 1153.000000 146.000000 1236.000000 355.000000 1.693891 0.556625 0.568965 4.987952 1.108442 6.374619 3.282676 0.149106
Pedestrian -1 -1 -10 518.000000 180.000000 535.000000 220.000000 1.704763 0.705586 0.908482 -3.420274 1.751285 33.004652 0.503854 0.065147
Pedestrian -1 -1 -10 1199.000000 151.000000 1238.000000 364.000000 1.710683 0.619659 0.563746 3.642289 1.399249 4.091801 3.319640 0.057620
Pedestrian -1 -1 -10 611.000000 179.000000 620.000000 210.000000 1.749943 0.609599 0.701061 0.782294 1.678187 42.462953 -1.635046 0.020607
Pedestrian -1 -1 -10 597.000000 178.000000 607.000000 210.000000 1.789829 0.632646 0.757857 -0.029951 1.547111 42.292894 -1.612274 0.016988
Cyclist -1 -1 -10 1171.000000 156.000000 1237.000000 354.000000 1.718733 0.638657 1.595302 5.088119 1.012871 6.545393 -1.820342 0.088623
Cyclist -1 -1 -10 513.000000 181.000000 537.000000 219.000000 1.737876 0.785564 1.807997 -3.551660 1.715570 33.052426 -0.019822 0.016005
Cyclist -1 -1 -10 254.000000 182.000000 295.000000 281.000000 1.695582 0.650667 1.646912 -6.217112 1.686155 13.278579 0.632367 0.010875
