Pedestrian -1 -1 -10 711.000000 165.000000 764.000000 272.000000 1.721240 0.628835 0.794934 2.038140 1.442602 11.267729 -0.333913 0.987197
Pedestrian -1 -1 -10 882.000000 151.000000 899.000000 195.000000 1.689516 0.557035 0.636380 13.044565 0.234262 33.067773 0.994086 0.133757
Pedestrian -1 -1 -10 1002.000000 149.000000 1024.000000 212.000000 1.739630 0.639702 0.844456 10.424411 0.805321 18.270014 -0.598268 0.089327
Pedestrian -1 -1 -10 21.000000 177.000000 49.000000 267.000000 1.819752 0.659777 0.868598 -17.771774 1.854674 22.126184 2.041001 0.081727
Pedestrian -1 -1 -10 726.000000 169.000000 750.000000 201.000000 1.582585 0.653644 0.757200 1.569958 0.467567 7.633892 1.178237 0.045498
Pedestrian -1 -1 -10 730.000000 167.000000 743.000000 195.000000 1.814909 0.585156 0.656731 10.197815 0.919569 55.000422 2.737319 0.025041
Car -1 -1 -10 447.000000 173.000000 480.000000 199.000000 1.598160 1.639991 3.858315 -8.582627 1.087811 42.918090 1.385039 0.998342
Car -1 -1 -10 0.000000 205.000000 294.000000 365.000000 1.543330 1.617158 3.828581 -3.163658 1.703954 3.748088 -1.564292 0.974388
Cyclist -1 -1 -10 727.000000 169.000000 748.000000 201.000000 1.731159 0.523515 1.395416 1.877129 0.482470 10.242494 1.206211 0.023714
Cyclist -1 -1 -10 22.000000 197.000000 276.000000 359.000000 1.657656 0.643353 1.767813 -2.669260 1.641779 3.625981 -1.581219 0.023100
