Pedestrian -1 -1 -10 310.000000 159.000000 355.000000 281.000000 1.799417 0.692356 0.945611 -4.277334 1.474481 11.047608 0.738446 0.993093
Pedestrian -1 -1 -10 341.000000 158.000000 384.000000 276.000000 1.792566 0.670614 0.850528 -4.045630 1.457684 11.331389 0.725459 0.979008
Pedestrian -1 -1 -10 483.000000 166.000000 491.000000 194.000000 1.772518 0.623577 0.772104 -8.467148 0.854993 50.158679 -1.733527 0.507550
Pedestrian -1 -1 -10 362.000000 165.000000 381.000000 221.000000 1.703226 0.571593 0.589153 -7.628225 1.028012 22.853788 2.292511 0.054910
Pedestrian -1 -1 -10 336.000000 161.000000 363.000000 270.000000 1.816594 0.566200 0.967639 -4.142092 1.489677 11.359964 0.177789 0.049632
Pedestrian -1 -1 -10 356.000000 160.000000 389.000000 240.000000 1.727719 0.578075 0.620145 -3.896892 1.137139 12.501983 2.684567 0.021413
Pedestrian -1 -1 -10 361.000000 164.000000 372.000000 202.000000 1.683280 0.612588 0.624023 -12.417095 0.482900 36.440227 2.197562 0.020093
Pedestrian -1 -1 -10 365.000000 166.000000 377.000000 203.000000 1.702011 0.565977 0.590533 -7.635195 1.020630 22.844571 2.285899 0.016077
Car -1 -1 -10 537.000000 159.000000 583.000000 209.000000 1.770069 1.692871 3.893843 -2.042558 1.061528 29.653459 -1.716413 0.911663
Cyclist -1 -1 -10 483.000000 165.000000 491.000000 193.000000 1.723652 0.597955 1.783760 -8.506624 0.797858 50.590602 -1.735128 0.079356
Cyclist -1 -1 -10 342.000000 161.000000 387.000000 273.000000 1.813519 0.673606 1.751901 -4.093153 1.467107 11.430673 1.380371 0.040960
Cyclist -1 -1 -10 356.000000 166.000000 387.000000 214.000000 1.741839 0.525110 1.516318 -9.764080 1.372068 30.660497 2.756336 0.011505
