Car -1 -1 -10 522.000000 178.000000 561.000000 206.000000 1.521992 1.664058 4.137263 -3.821703 1.881252 39.961731 1.519552 0.999361
Car -1 -1 -10 209.000000 175.000000 382.000000 279.000000 1.650329 1.636484 4.026947 -6.135370 1.833667 14.593995 1.556500 0.998868
Car -1 -1 -10 332.000000 179.000000 436.000000 241.000000 1.645576 1.651139 4.076795 -6.383501 1.875814 21.331152 1.554929 0.995853
Car -1 -1 -10 845.000000 171.000000 1229.000000 375.000000 1.504739 1.660271 4.020902 2.959889 1.596153 4.267810 -1.597917 0.982520
Car -1 -1 -10 436.000000 182.000000 487.000000 215.000000 1.462028 1.538466 3.836048 -6.585567 1.850362 31.931551 1.544437 0.980727
Car -1 -1 -10 691.000000 165.000000 772.000000 192.000000 1.579138 1.613723 4.094586 7.919050 1.427899 46.470501 3.278228 0.934202
Car -1 -1 -10 -2.000000 219.000000 162.000000 370.000000 1.465859 1.628051 3.893026 -6.084291 1.958875 6.520075 1.583843 0.740497
Car -1 -1 -10 1012.000000 154.000000 1225.000000 212.000000 1.553308 1.641021 4.038521 15.423713 0.944382 21.304525 3.730553 0.073328
Car -1 -1 -10 994.000000 157.000000 1235.000000 292.000000 1.611653 1.562926 3.884601 10.190414 1.520434 14.126743 2.777880 0.045741
Cyclist -1 -1 -10 -3.000000 218.000000 163.000000 371.000000 1.669845 0.515349 1.769160 -5.588573 2.007752 7.159132 -1.592715 0.016614
