Pedestrian -1 -1 -10 183.000000 162.000000 249.000000 319.000000 1.781163 0.689755 0.740650 -4.707277 1.533396 8.599884 2.075424 0.995548
Pedestrian -1 -1 -10 393.000000 197.000000 447.000000 303.000000 1.700723 0.664279 0.787488 -2.136544 1.624514 8.450818 -3.380984 0.616166
Pedestrian -1 -1 -10 426.000000 191.000000 455.000000 261.000000 1.710770 0.623097 0.572257 -1.806686 1.630852 8.297685 2.396957 0.363068
Pedestrian -1 -1 -10 386.000000 198.000000 421.000000 274.000000 1.663878 0.556071 0.581748 -2.260133 1.781666 8.379557 2.216601 0.278111
Pedestrian -1 -1 -10 345.000000 199.000000 402.000000 305.000000 1.585245 0.726714 0.833701 -2.667518 1.699499 8.335402 -1.546465 0.253641
Pedestrian -1 -1 -10 401.000000 199.000000 428.000000 266.000000 1.658043 0.604373 0.647700 -2.140682 1.710921 8.047835 -1.766273 0.105160
Pedestrian -1 -1 -10 412.000000 197.000000 446.000000 261.000000 1.677600 0.585485 0.590370 -2.602180 1.642474 12.392846 0.319984 0.087040
Pedestrian -1 -1 -10 350.000000 201.000000 388.000000 270.000000 1.761530 0.644408 0.618981 -4.997452 1.986426 15.524853 -1.649036 0.085690
Car -1 -1 -10 830.000000 126.000000 1236.000000 374.000000 1.717071 1.642271 3.806160 3.134935 1.455365 5.442734 -1.587629 0.869344
Cyclist -1 -1 -10 512.000000 171.000000 558.000000 211.000000 1.746398 0.658679 1.802133 -2.848358 1.287725 30.046771 -2.265370 0.065702
Cyclist -1 -1 -10 393.000000 197.000000 453.000000 301.000000 1.684748 0.574557 1.717683 -2.214251 1.694840 8.410230 -1.342491 0.019839
