Car -1 -1 -10 699.000000 185.000000 919.000000 335.000000 1.606535 1.688683 4.158793 2.402276 1.836674 9.956550 -1.648846 0.999081
Car -1 -1 -10 32.000000 217.000000 435.000000 371.000000 1.464192 1.605670 3.828108 -2.837227 1.852127 6.050753 1.576464 0.994899
Car -1 -1 -10 630.000000 188.000000 662.000000 213.000000 1.509315 1.616456 3.987813 2.140328 2.408002 43.577069 -1.600657 0.970607
Car -1 -1 -10 61.000000 197.000000 403.000000 289.000000 1.496006 1.564115 4.185195 -6.976489 1.866417 13.502456 -1.065128 0.941835
Car -1 -1 -10 265.000000 191.000000 421.000000 252.000000 1.570210 1.638937 4.037799 -6.848320 2.075442 17.882979 -3.290716 0.831122
Car -1 -1 -10 382.000000 190.000000 500.000000 229.000000 1.542487 1.564376 4.040137 -6.179757 2.113188 27.956915 -0.072448 0.727665
Car -1 -1 -10 435.000000 186.000000 513.000000 220.000000 1.521631 1.630074 3.941593 -6.746175 2.139796 33.019071 0.141268 0.175163
Car -1 -1 -10 352.000000 193.000000 468.000000 239.000000 1.537733 1.567555 3.670732 -5.796952 2.140476 24.881299 -0.370591 0.048528
Car -1 -1 -10 722.000000 189.000000 777.000000 221.000000 1.587456 1.599420 3.834925 7.314258 2.866233 44.093175 1.272216 0.030660
Car -1 -1 -10 189.000000 201.000000 328.000000 261.000000 1.415868 1.556411 3.765508 -6.738405 1.658271 14.037958 1.612178 0.026039
