Car -1 -1 -10 774.000000 162.000000 1152.000000 377.000000 1.517926 1.622494 3.847622 2.831180 1.613191 6.679764 -1.588258 0.999639
Car -1 -1 -10 702.000000 174.000000 866.000000 277.000000 1.464433 1.644192 4.053419 2.698753 1.559027 12.463000 -1.580968 0.997980
Car -1 -1 -10 84.000000 196.000000 407.000000 376.000000 1.522374 1.602833 3.860764 -3.529446 1.823012 7.811271 1.546864 0.997522
Car -1 -1 -10 349.000000 190.000000 477.000000 284.000000 1.459806 1.578721 3.933677 -3.643516 1.797648 13.532399 1.521586 0.997363
Car -1 -1 -10 463.000000 179.000000 526.000000 228.000000 1.483239 1.570357 3.810085 -3.806452 1.754435 23.738515 1.593770 0.992074
Car -1 -1 -10 686.000000 171.000000 776.000000 237.000000 1.530477 1.652412 3.957338 2.955340 1.500717 18.694699 -1.594681 0.987445
Car -1 -1 -10 421.000000 180.000000 495.000000 245.000000 1.484167 1.545726 3.662556 -3.980856 1.728745 19.155474 1.538864 0.980097
Car -1 -1 -10 671.000000 169.000000 733.000000 220.000000 1.549996 1.625721 3.796839 2.967195 1.505091 24.420740 -1.579658 0.948260
Car -1 -1 -10 634.000000 170.000000 671.000000 196.000000 1.599651 1.614286 3.723162 2.585261 1.448879 45.850991 -2.049737 0.734704
Car -1 -1 -10 1054.000000 180.000000 1246.000000 372.000000 1.515262 1.624898 3.772303 2.862554 1.517464 1.127347 -1.562806 0.514616
Cyclist -1 -1 -10 1047.000000 175.000000 1245.000000 370.000000 1.722088 0.720118 1.665449 3.505487 1.939783 4.629036 0.663350 0.011570
