Pedestrian -1 -1 -10 686.000000 177.000000 756.000000 244.000000 1.730715 0.714168 0.894236 2.364884 1.817280 16.032903 0.274190 0.012372
Car -1 -1 -10 716.000000 184.000000 901.000000 304.000000 1.432200 1.636879 4.018706 2.702852 1.611418 10.978913 -1.633566 0.998248
Car -1 -1 -10 306.000000 198.000000 470.000000 309.000000 1.463685 1.596054 3.954254 -3.601077 1.880185 12.102024 1.574343 0.995001
Car -1 -1 -10 1.000000 207.000000 371.000000 375.000000 1.499418 1.619774 3.927796 -3.520998 1.865726 6.459566 1.555407 0.994153
Car -1 -1 -10 695.000000 177.000000 792.000000 251.000000 1.522281 1.646127 3.965221 3.000555 1.718343 17.231436 -1.595943 0.994137
Car -1 -1 -10 816.000000 178.000000 1254.000000 375.000000 1.510047 1.616988 3.793577 2.786519 1.667166 5.222141 -1.577185 0.993078
Car -1 -1 -10 407.000000 187.000000 490.000000 258.000000 1.488721 1.559248 3.738295 -3.891705 1.876835 17.819374 1.547912 0.980569
Car -1 -1 -10 677.000000 178.000000 744.000000 231.000000 1.542921 1.618991 3.842966 3.091868 1.742457 22.932024 -1.563509 0.961134
Car -1 -1 -10 451.000000 186.000000 526.000000 240.000000 1.478682 1.558027 3.857858 -3.730580 1.910807 22.376963 1.588523 0.951734
Car -1 -1 -10 635.000000 178.000000 677.000000 205.000000 1.571040 1.637216 4.067771 2.927425 1.949224 44.662720 -1.649998 0.756702
