Pedestrian -1 -1 -10 645.000000 152.000000 678.000000 237.000000 1.738329 0.648955 0.808802 1.169304 1.086557 14.967275 1.253994 0.988833
Pedestrian -1 -1 -10 339.000000 168.000000 362.000000 222.000000 1.720677 0.662345 1.057619 -8.261486 1.221323 23.505941 -1.942998 0.981043
Pedestrian -1 -1 -10 37.000000 175.000000 97.000000 303.000000 1.813237 0.714280 0.917661 -8.526124 1.446525 11.450719 -3.760363 0.936225
Pedestrian -1 -1 -10 0.000000 174.000000 36.000000 333.000000 1.696773 0.513544 0.587190 -7.053570 1.613590 9.225189 2.311507 0.729880
Pedestrian -1 -1 -10 431.000000 168.000000 442.000000 199.000000 1.685160 0.596697 0.676044 -9.657251 1.045099 41.691834 -2.261144 0.201113
Pedestrian -1 -1 -10 468.000000 168.000000 490.000000 216.000000 1.724348 0.756138 0.899101 -4.379862 1.154458 25.987974 -2.016742 0.097909
Pedestrian -1 -1 -10 486.000000 170.000000 502.000000 215.000000 1.662334 0.611844 0.757645 -3.930531 1.095269 26.149033 -1.630456 0.074306
Pedestrian -1 -1 -10 213.000000 154.000000 329.000000 357.000000 1.716374 0.699762 0.721589 -2.960237 1.524233 6.535955 1.245992 0.056475
Pedestrian -1 -1 -10 477.000000 170.000000 497.000000 216.000000 1.725833 0.646386 0.807952 -4.106274 1.083466 26.072227 1.401584 0.032406
Pedestrian -1 -1 -10 18.000000 185.000000 138.000000 329.000000 1.728060 0.722970 0.647983 -6.398033 1.767317 8.450911 -2.166478 0.013129
Car -1 -1 -10 19.000000 180.000000 286.000000 368.000000 1.664878 1.660961 3.967275 -4.946082 1.646643 8.335893 1.058968 0.996386
Car -1 -1 -10 18.000000 185.000000 138.000000 329.000000 1.537240 1.515611 3.254957 -8.382118 1.284217 10.103423 -3.611617 0.036114
Car -1 -1 -10 186.000000 163.000000 336.000000 364.000000 1.624285 1.612672 3.899521 -3.368040 1.507222 7.809100 -2.133201 0.024039
Cyclist -1 -1 -10 206.000000 148.000000 333.000000 371.000000 1.746349 0.621699 1.731952 -2.909929 1.523913 6.373341 1.435646 0.997424
Cyclist -1 -1 -10 13.000000 177.000000 296.000000 372.000000 1.698394 0.697308 1.767344 -4.466262 1.760362 7.581007 1.595677 0.214134
Cyclist -1 -1 -10 468.000000 167.000000 489.000000 216.000000 1.777812 0.677231 1.726393 -4.545117 1.138099 25.984472 0.928615 0.194204
Cyclist -1 -1 -10 1.000000 170.000000 49.000000 330.000000 1.785481 0.595930 1.259240 -8.274392 1.528695 10.605616 0.289497 0.082917
Cyclist -1 -1 -10 27.000000 174.000000 102.000000 307.000000 1.806626 0.585327 1.797808 -8.669228 1.421499 11.429030 1.021744 0.062391
Cyclist -1 -1 -10 1.000000 162.000000 20.000000 359.000000 1.715357 0.576849 1.538387 -10.685856 1.108534 13.305453 -1.610788 0.010913
