Pedestrian -1 -1 -10 1157.000000 133.000000 1236.000000 364.000000 1.698391 0.561005 0.781134 4.708255 1.367524 5.717178 1.164101 0.985529
Pedestrian -1 -1 -10 674.000000 173.000000 693.000000 226.000000 1.725081 0.652824 0.807083 2.668899 1.422008 23.307182 -1.585579 0.959994
Pedestrian -1 -1 -10 923.000000 231.000000 1010.000000 370.000000 1.704485 0.593613 0.528594 2.630655 1.532325 4.956304 3.064855 0.778308
Pedestrian -1 -1 -10 696.000000 171.000000 717.000000 227.000000 1.785158 0.703550 1.013573 3.420877 1.456963 23.410082 -1.529326 0.698477
Pedestrian -1 -1 -10 535.000000 170.000000 561.000000 229.000000 1.749298 0.696427 1.012637 -1.654462 1.398486 22.653115 -1.775564 0.439642
Pedestrian -1 -1 -10 981.000000 180.000000 1023.000000 266.000000 1.691418 0.731324 0.789326 6.158341 1.700986 10.911817 -1.156583 0.307288
Pedestrian -1 -1 -10 891.000000 225.000000 1093.000000 368.000000 1.697339 0.620783 0.652497 2.577546 1.834093 4.826676 1.108343 0.030926
Pedestrian -1 -1 -10 1207.000000 129.000000 1237.000000 337.000000 1.648488 0.530396 0.711957 4.823051 0.867183 5.563207 -0.372029 0.012583
Pedestrian -1 -1 -10 609.000000 172.000000 622.000000 205.000000 1.759852 0.621248 0.800426 0.855614 1.233994 39.721482 -1.594279 0.011770
Car -1 -1 -10 16.000000 203.000000 341.000000 371.000000 1.505850 1.581261 3.721138 -2.584038 1.670336 3.051588 1.667944 0.989756
Car -1 -1 -10 913.000000 226.000000 1035.000000 367.000000 1.471675 1.536435 3.789743 2.955103 1.472129 4.508791 1.576372 0.011109
Cyclist -1 -1 -10 535.000000 171.000000 561.000000 230.000000 1.853487 0.722707 1.736679 -1.756141 1.496780 22.674496 -1.630348 0.871852
Cyclist -1 -1 -10 913.000000 226.000000 1035.000000 367.000000 1.679611 0.634697 1.644842 2.068750 1.807621 4.208497 -1.094644 0.570769
Cyclist -1 -1 -10 561.000000 176.000000 582.000000 206.000000 1.642960 0.532509 1.517669 -1.412063 1.535341 33.821716 0.963231 0.041185
