Car -1 -1 -10 573.000000 175.000000 611.000000 210.000000 1.542389 1.621229 3.748210 -0.737707 1.053530 35.414931 -1.590001 0.999405
Car -1 -1 -10 214.000000 186.000000 407.000000 293.000000 1.471549 1.610720 3.983417 -4.687010 1.516889 11.893151 -1.573640 0.999358
Car -1 -1 -10 408.000000 183.000000 487.000000 237.000000 1.469749 1.573959 3.679777 -4.606738 1.410483 21.125332 -1.586742 0.999006
Car -1 -1 -10 90.000000 177.000000 232.000000 242.000000 1.534451 1.596333 3.691578 -12.165418 1.405767 20.006427 -1.570180 0.997786
Car -1 -1 -10 216.000000 186.000000 315.000000 248.000000 1.481018 1.610537 3.770658 -8.453340 1.593188 18.920148 -1.521095 0.959233
Car -1 -1 -10 445.000000 180.000000 500.000000 220.000000 1.498939 1.606858 3.694232 -5.517933 1.272544 29.234292 -1.601593 0.589269
Car -1 -1 -10 0.000000 178.000000 161.000000 315.000000 1.572464 1.611323 3.828809 -8.386411 1.579324 10.153321 -1.579277 0.517789
Car -1 -1 -10 344.000000 179.000000 418.000000 217.000000 1.513471 1.589216 3.683005 -9.109635 1.273638 29.061995 -1.555448 0.451724
Car -1 -1 -10 412.000000 173.000000 462.000000 205.000000 1.502727 1.643377 3.755568 -8.890263 0.722492 39.753010 -1.731379 0.079427
Car -1 -1 -10 509.000000 172.000000 545.000000 205.000000 1.760038 1.666328 3.699546 -4.757686 0.983548 36.472025 -1.615816 0.016162
