Pedestrian -1 -1 -10 382.000000 175.000000 405.000000 244.000000 1.777324 0.664461 0.713590 -5.871878 1.956991 19.630112 -1.759320 0.990485
Pedestrian -1 -1 -10 352.000000 182.000000 377.000000 242.000000 1.767803 0.709940 0.680416 -6.819058 1.972754 19.966352 2.239087 0.081686
Pedestrian -1 -1 -10 410.000000 197.000000 421.000000 227.000000 1.704443 0.546836 0.693627 -7.646847 2.392466 27.947907 0.323810 0.070098
Car -1 -1 -10 679.000000 179.000000 759.000000 243.000000 1.505332 1.576149 3.443256 2.608382 1.671088 17.950297 -1.559093 0.999375
Car -1 -1 -10 765.000000 181.000000 1050.000000 360.000000 1.500783 1.609372 3.718434 2.822343 1.634110 7.780594 -1.596251 0.998958
Car -1 -1 -10 314.000000 199.000000 450.000000 286.000000 1.470468 1.574533 3.618629 -4.268088 2.014962 13.939116 -1.641183 0.998807
Car -1 -1 -10 647.000000 176.000000 686.000000 211.000000 1.588225 1.605433 3.770169 2.497234 1.735011 33.876796 -1.550953 0.998050
Car -1 -1 -10 423.000000 180.000000 504.000000 241.000000 1.678270 1.653871 4.044377 -4.604472 1.990507 23.068540 -1.561280 0.997913
Car -1 -1 -10 491.000000 184.000000 531.000000 216.000000 1.532124 1.551562 3.726072 -5.000869 2.059270 37.058379 1.564948 0.991094
Car -1 -1 -10 803.000000 186.000000 916.000000 260.000000 1.489236 1.575974 3.455430 8.351933 1.917358 26.659712 1.397923 0.011195
Car -1 -1 -10 784.000000 182.000000 978.000000 287.000000 1.516912 1.570574 4.035084 3.679424 1.195067 9.350866 1.449769 0.010341
Car -1 -1 -10 350.000000 189.000000 433.000000 246.000000 1.572057 1.608403 3.902685 -6.146511 1.788067 21.296625 1.770638 0.010191
Cyclist -1 -1 -10 349.000000 183.000000 379.000000 241.000000 1.651747 0.559709 1.517650 -7.203038 1.621155 20.584719 0.632849 0.038149
Cyclist -1 -1 -10 373.000000 183.000000 402.000000 244.000000 1.732006 0.616596 1.671493 -6.048240 1.677708 19.659290 1.871793 0.021391
Cyclist -1 -1 -10 365.000000 185.000000 386.000000 243.000000 1.755613 0.603284 1.320653 -7.241318 1.643183 22.456186 0.714501 0.012587
Cyclist -1 -1 -10 407.000000 196.000000 422.000000 230.000000 1.669811 0.590292 1.632279 -7.738380 2.176922 27.986752 -1.357797 0.010871
