Pedestrian -1 -1 -10 689.000000 172.000000 712.000000 229.000000 1.735160 0.591170 0.688597 2.454727 1.401119 17.943579 2.716927 0.957741
Pedestrian -1 -1 -10 3.000000 164.000000 103.000000 370.000000 1.697272 0.604196 0.788774 -3.482028 1.541589 4.439818 -0.064565 0.901319
Pedestrian -1 -1 -10 103.000000 184.000000 158.000000 321.000000 1.726370 0.641525 0.774100 -5.398261 1.579843 8.275453 2.024751 0.832593
Pedestrian -1 -1 -10 767.000000 168.000000 787.000000 226.000000 1.651976 0.627589 0.758330 5.122881 1.185425 20.951795 -1.700999 0.744948
Pedestrian -1 -1 -10 36.000000 187.000000 140.000000 367.000000 1.694558 0.648982 0.619010 -3.497528 1.950877 5.160270 -1.736923 0.247987
Pedestrian -1 -1 -10 512.000000 173.000000 524.000000 209.000000 1.772949 0.650679 0.794403 -4.680993 1.373050 40.338771 3.012150 0.221222
Pedestrian -1 -1 -10 550.000000 181.000000 562.000000 209.000000 1.692513 0.704724 0.765376 -2.386126 1.705384 38.557312 -1.631681 0.170368
Pedestrian -1 -1 -10 538.000000 180.000000 552.000000 209.000000 1.646334 0.662519 0.742110 -3.049655 1.594170 38.701610 -1.322900 0.140135
Pedestrian -1 -1 -10 75.000000 189.000000 186.000000 347.000000 1.842388 0.674742 0.517618 -5.250463 1.703014 7.777967 -1.645514 0.114479
Pedestrian -1 -1 -10 506.000000 174.000000 519.000000 209.000000 1.786043 0.639024 0.682046 -4.966480 1.429137 38.723330 1.560934 0.114173
Pedestrian -1 -1 -10 502.000000 173.000000 513.000000 209.000000 1.747464 0.600411 0.584386 -5.038686 1.227443 38.730986 2.442093 0.036205
Pedestrian -1 -1 -10 22.000000 166.000000 241.000000 366.000000 1.780969 0.684105 0.991935 -3.211359 1.804456 4.822598 -0.040707 0.018421
Car -1 -1 -10 60.000000 140.000000 465.000000 376.000000 1.863885 1.679683 4.107628 -2.659922 1.610520 6.695319 1.573905 0.849702
Car -1 -1 -10 641.000000 172.000000 687.000000 211.000000 1.697266 1.656924 4.039430 2.927320 1.310389 35.941108 -1.612403 0.353729
Car -1 -1 -10 18.000000 165.000000 255.000000 366.000000 1.574413 1.511181 3.648783 -3.353840 1.414970 6.396871 1.588580 0.077959
Car -1 -1 -10 75.000000 189.000000 186.000000 347.000000 1.482698 1.595229 4.023621 -2.658086 1.514834 6.595016 1.387266 0.011968
Cyclist -1 -1 -10 643.000000 171.000000 687.000000 212.000000 1.718096 0.492464 1.636124 2.728202 1.305102 29.691992 -0.845119 0.011816
Cyclist -1 -1 -10 0.000000 177.000000 116.000000 369.000000 1.721324 0.561070 1.591659 -3.397801 1.417060 4.198972 0.328238 0.011722
