Pedestrian -1 -1 -10 996.000000 148.000000 1080.000000 336.000000 1.620240 0.585542 0.763163 4.261068 1.331704 7.031081 -1.629485 0.967495
Pedestrian -1 -1 -10 566.000000 165.000000 579.000000 202.000000 1.755216 0.622761 0.767334 -1.326312 0.891855 34.232190 1.668581 0.879963
Pedestrian -1 -1 -10 638.000000 165.000000 648.000000 193.000000 1.777309 0.646727 0.724005 2.674919 0.693047 46.148074 1.240323 0.688234
Pedestrian -1 -1 -10 626.000000 165.000000 635.000000 191.000000 1.724189 0.603238 0.822519 2.382394 0.459120 56.036053 -1.468441 0.418344
Pedestrian -1 -1 -10 563.000000 166.000000 573.000000 200.000000 1.779150 0.571567 0.650295 -1.529496 0.862074 35.589900 1.085017 0.275837
Pedestrian -1 -1 -10 643.000000 164.000000 654.000000 192.000000 1.777730 0.711523 0.801615 3.033954 0.661417 47.194030 1.690048 0.241343
Pedestrian -1 -1 -10 653.000000 164.000000 661.000000 192.000000 1.754459 0.581701 0.754894 3.527032 0.530310 45.656212 -1.456513 0.163735
Pedestrian -1 -1 -10 794.000000 157.000000 821.000000 235.000000 1.731916 0.657934 0.748454 4.289141 1.123194 14.968151 -1.350458 0.162259
Pedestrian -1 -1 -10 620.000000 164.000000 632.000000 192.000000 1.835060 0.675093 0.853359 2.070263 0.526355 55.855535 -1.597509 0.133364
Pedestrian -1 -1 -10 616.000000 165.000000 625.000000 192.000000 1.742131 0.615773 0.651418 1.618019 0.533042 55.906052 -1.473531 0.097334
Pedestrian -1 -1 -10 650.000000 164.000000 657.000000 191.000000 1.821547 0.538328 0.550124 3.775846 0.615279 49.705798 -1.445518 0.080610
Pedestrian -1 -1 -10 1008.000000 146.000000 1026.000000 198.000000 1.776113 0.651648 0.625550 7.553537 0.805081 12.871054 0.646087 0.049111
Pedestrian -1 -1 -10 635.000000 164.000000 642.000000 189.000000 1.740681 0.623943 0.663978 2.425627 0.766952 45.189313 -1.419867 0.043927
Pedestrian -1 -1 -10 610.000000 167.000000 627.000000 196.000000 1.662769 0.575490 0.569038 0.513912 1.289688 17.764491 2.522043 0.039107
Pedestrian -1 -1 -10 1032.000000 156.000000 1085.000000 310.000000 1.717083 0.627600 0.632586 4.633168 1.303641 7.375306 1.648917 0.029462
Pedestrian -1 -1 -10 1023.000000 159.000000 1044.000000 210.000000 1.684776 0.553536 0.590574 7.678012 0.792099 13.136631 3.062530 0.013892
Pedestrian -1 -1 -10 1007.000000 155.000000 1061.000000 219.000000 1.741328 0.674342 0.821507 7.751723 0.840929 12.975520 -1.381632 0.011512
Pedestrian -1 -1 -10 572.000000 166.000000 590.000000 203.000000 1.772962 0.597088 0.736010 -1.330053 0.873007 34.176073 1.948801 0.011162
Car -1 -1 -10 576.000000 172.000000 630.000000 217.000000 1.496032 1.621850 4.201542 0.178794 1.172694 25.424789 1.677418 0.998399
Car -1 -1 -10 938.000000 162.000000 1023.000000 204.000000 1.524241 1.504203 3.205061 13.105285 1.179053 23.164595 2.069600 0.271821
Cyclist -1 -1 -10 989.000000 150.000000 1088.000000 333.000000 1.694331 0.516920 1.699214 4.255616 1.310933 7.074243 -1.608555 0.015752
Cyclist -1 -1 -10 624.000000 164.000000 636.000000 192.000000 1.751959 0.579939 1.706229 2.295766 0.473830 56.168749 1.648205 0.014243
Cyclist -1 -1 -10 500.000000 157.000000 521.000000 195.000000 1.688477 0.518745 1.555741 -3.478243 1.274550 27.000231 -1.714042 0.010836
