Car -1 -1 -10 424.000000 180.000000 494.000000 229.000000 1.507101 1.529126 3.557203 -4.826862 1.745541 23.629985 1.560443 0.999375
Car -1 -1 -10 799.000000 187.000000 1123.000000 364.000000 1.497249 1.637719 3.873343 3.419660 1.743217 7.901652 -1.582134 0.999349
Car -1 -1 -10 713.000000 180.000000 803.000000 243.000000 1.456440 1.638563 4.014058 3.666586 1.638486 18.882758 -1.581414 0.994748
Car -1 -1 -10 466.000000 179.000000 521.000000 219.000000 1.484415 1.571989 3.746449 -4.605159 1.684078 28.489269 1.633214 0.993272
Car -1 -1 -10 6.000000 201.000000 319.000000 374.000000 1.445184 1.631181 4.039243 -4.969545 1.810932 7.738759 1.581238 0.992762
Car -1 -1 -10 745.000000 180.000000 894.000000 278.000000 1.525685 1.632981 3.785719 3.565191 1.666495 13.310102 -1.586993 0.992744
Car -1 -1 -10 1002.000000 195.000000 1244.000000 374.000000 1.479151 1.629725 3.834604 3.178965 1.778743 2.760853 -1.591309 0.974473
Car -1 -1 -10 700.000000 178.000000 764.000000 225.000000 1.535795 1.555717 3.507158 3.984834 1.745280 24.270612 -1.561808 0.963749
Car -1 -1 -10 1051.000000 172.000000 1165.000000 222.000000 1.515258 1.581615 4.048530 16.744063 1.206005 23.546413 -1.649448 0.726099
Car -1 -1 -10 1166.000000 166.000000 1241.000000 231.000000 1.589182 1.430290 3.059886 14.945226 1.416605 17.821617 2.692332 0.300143
Car -1 -1 -10 0.000000 187.000000 68.000000 226.000000 1.524240 1.504203 3.205061 -29.110361 2.212879 37.642172 0.910100 0.217795
