Car -1 -1 -10 640.000000 176.000000 715.000000 231.000000 1.469954 1.628411 3.977480 1.852647 1.592235 21.397745 -1.620893 0.999305
Car -1 -1 -10 619.000000 171.000000 658.000000 204.000000 1.546948 1.583929 3.683892 1.317658 1.596493 36.401174 -1.656920 0.981150
Car -1 -1 -10 132.000000 184.000000 432.000000 250.000000 1.494164 1.714271 4.440077 -7.179909 1.677111 15.848231 -3.106976 0.933055
Car -1 -1 -10 421.000000 177.000000 493.000000 211.000000 1.524240 1.504203 3.205061 -7.586421 1.644831 32.731310 1.373983 0.924239
Car -1 -1 -10 947.000000 156.000000 1235.000000 367.000000 1.702922 1.717350 4.239151 4.976489 1.579715 6.912545 1.739703 0.889856
Car -1 -1 -10 271.000000 179.000000 433.000000 239.000000 1.509190 1.599334 3.952737 -6.765850 1.723475 18.229952 -3.086345 0.283583
Car -1 -1 -10 459.000000 174.000000 517.000000 199.000000 1.634134 1.632479 3.958589 -7.398657 1.741996 47.925677 -3.183126 0.202089
Car -1 -1 -10 290.000000 181.000000 403.000000 287.000000 1.461949 1.608022 4.063799 -6.024231 1.806520 15.241984 1.775244 0.149812
Car -1 -1 -10 384.000000 178.000000 471.000000 216.000000 1.583292 1.573937 3.801791 -8.435625 1.662104 33.463423 1.423893 0.037430
Car -1 -1 -10 1084.000000 189.000000 1244.000000 371.000000 1.487123 1.601576 4.009072 5.466703 1.654391 5.540152 0.170889 0.018780
Car -1 -1 -10 233.000000 184.000000 363.000000 243.000000 1.450974 1.606910 3.841011 -7.327740 1.482450 17.654406 1.649546 0.016920
Car -1 -1 -10 1031.000000 162.000000 1235.000000 295.000000 1.518833 1.556041 3.787612 5.489849 1.361702 8.085996 1.606773 0.013604
Cyclist -1 -1 -10 306.000000 177.000000 401.000000 327.000000 1.689127 0.633178 1.737812 -3.206775 1.750041 9.020906 1.553546 0.999526
Cyclist -1 -1 -10 266.000000 183.000000 410.000000 265.000000 1.645527 0.754398 1.849007 -6.013309 1.888714 14.754483 2.368968 0.317929
