Car -1 -1 -10 706.000000 186.000000 842.000000 279.000000 1.423120 1.629667 3.956224 2.820408 1.683083 13.036427 -1.568557 0.999706
Car -1 -1 -10 552.000000 177.000000 588.000000 205.000000 1.427924 1.564058 3.481609 -2.082186 1.667478 36.976546 1.561121 0.998448
Car -1 -1 -10 679.000000 179.000000 742.000000 229.000000 1.425771 1.592753 3.919015 3.039615 1.648222 22.284232 -1.571976 0.990524
Car -1 -1 -10 318.000000 177.000000 493.000000 237.000000 1.571135 1.617203 4.113261 -5.704644 1.684708 20.458723 0.649798 0.982612
Car -1 -1 -10 191.000000 172.000000 421.000000 257.000000 1.502849 1.626198 4.137423 -5.895907 1.482994 14.207799 -0.005849 0.973790
Car -1 -1 -10 0.000000 181.000000 248.000000 372.000000 1.592211 1.617948 3.911699 -5.975685 1.577972 7.312304 -0.030236 0.954138
Car -1 -1 -10 652.000000 172.000000 687.000000 201.000000 1.533633 1.623413 3.675046 3.374817 1.528304 40.704589 -1.526635 0.922002
Car -1 -1 -10 390.000000 175.000000 509.000000 219.000000 1.570489 1.624799 4.099221 -6.040508 1.554276 28.454074 -3.257145 0.890927
Car -1 -1 -10 486.000000 175.000000 546.000000 200.000000 1.491766 1.622279 3.880831 -5.111466 1.623032 44.216937 -0.136361 0.621863
Cyclist -1 -1 -10 2.000000 169.000000 238.000000 369.000000 1.627741 0.790564 1.877998 -4.811550 1.892446 6.619587 -0.108052 0.029308
