Pedestrian -1 -1 -10 766.000000 154.000000 840.000000 351.000000 1.787529 0.657210 0.988107 1.731381 1.543082 6.593813 -0.815187 0.997163
Pedestrian -1 -1 -10 561.000000 166.000000 587.000000 232.000000 1.718623 0.697047 0.867235 -0.770978 1.288915 19.179626 -1.985350 0.996223
Pedestrian -1 -1 -10 960.000000 121.000000 1030.000000 289.000000 1.776956 0.577301 0.931612 4.600272 1.169814 8.444746 -2.514725 0.995942
Pedestrian -1 -1 -10 501.000000 167.000000 524.000000 242.000000 1.783705 0.647664 0.902576 -2.284554 1.406897 17.332672 -2.173630 0.975492
Pedestrian -1 -1 -10 473.000000 169.000000 500.000000 243.000000 1.757075 0.686133 0.916554 -2.809011 1.393557 17.394232 1.286807 0.957189
Pedestrian -1 -1 -10 604.000000 167.000000 624.000000 228.000000 1.806190 0.590411 0.857740 0.168757 1.363125 20.128527 2.608789 0.914902
Pedestrian -1 -1 -10 588.000000 164.000000 607.000000 216.000000 1.719268 0.640206 0.813497 -0.150590 1.105036 27.142583 -1.646072 0.907237
Pedestrian -1 -1 -10 79.000000 221.000000 174.000000 353.000000 1.719758 0.552748 0.611837 -4.929833 1.541416 8.094198 -0.024559 0.848352
Pedestrian -1 -1 -10 613.000000 166.000000 632.000000 229.000000 1.743885 0.601669 0.747969 0.491067 1.320272 19.098425 2.026527 0.787984
Pedestrian -1 -1 -10 193.000000 215.000000 308.000000 369.000000 1.715491 0.666899 0.789575 -2.626317 2.045134 5.271529 -2.010346 0.570726
Pedestrian -1 -1 -10 1098.000000 131.000000 1154.000000 285.000000 1.756465 0.642956 0.758179 6.119881 1.174208 8.327101 3.244946 0.555575
Pedestrian -1 -1 -10 251.000000 207.000000 321.000000 366.000000 1.767770 0.644490 0.809802 -3.921093 1.978467 8.979949 0.164523 0.518358
Pedestrian -1 -1 -10 627.000000 168.000000 648.000000 225.000000 1.751131 0.657981 0.765011 1.118192 1.228093 20.907075 3.071512 0.433243
Pedestrian -1 -1 -10 245.000000 200.000000 295.000000 330.000000 1.706244 0.578786 0.624896 -4.019067 1.840923 8.899610 0.027864 0.354084
Pedestrian -1 -1 -10 201.000000 202.000000 238.000000 293.000000 1.694311 0.773069 0.590640 -6.083231 1.978543 11.315427 0.005727 0.320557
Pedestrian -1 -1 -10 674.000000 158.000000 699.000000 227.000000 1.688276 0.648589 0.812114 2.723911 0.930602 23.153587 -1.052449 0.223450
Pedestrian -1 -1 -10 2.000000 215.000000 119.000000 368.000000 1.669457 0.561502 0.545279 -4.296736 1.710678 5.679322 1.882539 0.140296
Pedestrian -1 -1 -10 279.000000 215.000000 338.000000 361.000000 1.711645 0.614382 0.689512 -2.435884 1.827534 5.930740 0.159031 0.139401
Car -1 -1 -10 1172.000000 222.000000 1239.000000 368.000000 1.473276 1.571242 3.787075 5.834867 1.552405 6.091427 -1.435390 0.058890
Cyclist -1 -1 -10 181.000000 224.000000 285.000000 369.000000 1.676097 0.599035 1.713013 -2.653496 1.817463 5.293654 -2.108339 0.631261
Cyclist -1 -1 -10 668.000000 161.000000 701.000000 230.000000 1.741610 0.541744 1.696093 2.660530 0.977076 23.183533 -0.815032 0.234179
Cyclist -1 -1 -10 0.000000 216.000000 100.000000 357.000000 1.715436 0.580457 1.643933 -10.403475 1.431036 13.883210 -1.583775 0.089767
Cyclist -1 -1 -10 634.000000 168.000000 681.000000 225.000000 1.734821 0.636403 1.573157 1.648393 1.338367 21.592948 1.169989 0.066051
Cyclist -1 -1 -10 197.000000 203.000000 241.000000 294.000000 1.629455 0.528972 1.764895 -6.039568 1.751502 11.456361 -2.056190 0.065068
Cyclist -1 -1 -10 229.000000 210.000000 314.000000 365.000000 1.641440 0.498839 1.712408 -2.685565 1.792841 5.462319 -1.575201 0.061846
Cyclist -1 -1 -10 207.000000 203.000000 287.000000 309.000000 1.741025 0.632041 1.428656 -4.597174 1.698679 9.758378 0.529792 0.031510
Cyclist -1 -1 -10 253.000000 203.000000 308.000000 312.000000 1.685459 0.624714 1.655367 -5.522945 1.658555 12.024949 1.699427 0.029956
Cyclist -1 -1 -10 76.000000 221.000000 177.000000 362.000000 1.699292 0.602157 1.771979 -3.254159 2.021899 3.991656 -1.567122 0.026587
Cyclist -1 -1 -10 266.000000 206.000000 329.000000 288.000000 1.639372 0.622982 1.664251 -4.957841 1.704599 12.320747 -0.363771 0.010059
