Pedestrian -1 -1 -10 719.000000 163.000000 778.000000 345.000000 1.714684 0.568714 0.938401 1.415301 1.493005 7.233965 -0.835353 0.998462
Pedestrian -1 -1 -10 940.000000 130.000000 1006.000000 280.000000 1.766272 0.610517 0.961190 4.656663 1.169811 9.261241 -2.601634 0.995586
Pedestrian -1 -1 -10 556.000000 169.000000 578.000000 233.000000 1.758760 0.659653 0.845282 -0.968341 1.400048 19.681475 -1.756165 0.995403
Pedestrian -1 -1 -10 493.000000 169.000000 515.000000 238.000000 1.749342 0.652446 0.828911 -2.697638 1.479677 18.813609 1.033672 0.975078
Pedestrian -1 -1 -10 467.000000 173.000000 492.000000 240.000000 1.729365 0.671937 0.953051 -3.290239 1.474891 18.996163 1.355636 0.973775
Pedestrian -1 -1 -10 1019.000000 140.000000 1072.000000 273.000000 1.775482 0.647272 0.824722 5.956328 1.227493 9.710500 3.187030 0.830883
Pedestrian -1 -1 -10 595.000000 170.000000 612.000000 229.000000 1.756562 0.628442 0.756439 -0.062125 1.346244 20.677270 -0.478123 0.804490
Pedestrian -1 -1 -10 148.000000 213.000000 231.000000 360.000000 1.677987 0.614158 0.658315 -6.719597 1.747663 11.773949 -2.036376 0.714043
Pedestrian -1 -1 -10 603.000000 169.000000 620.000000 231.000000 1.787175 0.644929 0.726828 0.192044 1.522132 20.719499 1.989518 0.707455
Pedestrian -1 -1 -10 244.000000 216.000000 315.000000 351.000000 1.656621 0.667255 0.685274 -2.741682 1.965584 6.342989 -0.378626 0.513304
Pedestrian -1 -1 -10 271.000000 202.000000 320.000000 301.000000 1.725142 0.617178 0.665536 -4.292061 1.894717 10.112740 -1.511534 0.373908
Pedestrian -1 -1 -10 615.000000 170.000000 632.000000 226.000000 1.748291 0.587995 0.672043 0.611489 1.349798 21.527590 -3.108957 0.337901
Pedestrian -1 -1 -10 584.000000 167.000000 601.000000 219.000000 1.736506 0.606634 0.600695 -0.420429 1.326575 27.498916 -2.111441 0.337094
Pedestrian -1 -1 -10 0.000000 168.000000 176.000000 373.000000 1.717138 0.692658 0.568974 -1.497024 1.618242 1.962802 -2.256001 0.320838
Pedestrian -1 -1 -10 291.000000 203.000000 333.000000 296.000000 1.755383 0.603287 0.690491 -5.210342 1.808071 13.131187 -1.544715 0.269312
Pedestrian -1 -1 -10 348.000000 200.000000 379.000000 295.000000 1.731892 0.598678 0.626403 -3.673157 1.910272 11.212200 -1.851679 0.118810
Pedestrian -1 -1 -10 317.000000 205.000000 381.000000 302.000000 1.730288 0.738044 0.654259 -3.762113 1.998156 10.956529 -1.479546 0.116218
Pedestrian -1 -1 -10 222.000000 202.000000 256.000000 277.000000 1.700356 0.632811 0.745429 -6.393754 1.902283 12.462754 2.226184 0.061233
Pedestrian -1 -1 -10 277.000000 202.000000 351.000000 321.000000 1.723175 0.634341 0.686838 -3.985206 1.922632 10.058892 0.204365 0.058119
Pedestrian -1 -1 -10 856.000000 161.000000 882.000000 240.000000 1.747307 0.675492 0.775770 4.883441 1.747190 13.262383 2.472785 0.057463
Car -1 -1 -10 1072.000000 231.000000 1236.000000 364.000000 1.465706 1.608308 3.777644 5.600448 1.731918 5.268362 1.536830 0.047392
Cyclist -1 -1 -10 243.000000 218.000000 317.000000 343.000000 1.673630 0.647517 1.750103 -2.696447 1.819760 6.153084 2.162194 0.254277
Cyclist -1 -1 -10 641.000000 172.000000 695.000000 229.000000 1.676709 0.527307 1.645686 1.486617 1.512371 20.761826 1.617133 0.237934
Cyclist -1 -1 -10 257.000000 206.000000 325.000000 297.000000 1.671872 0.674297 1.643710 -4.399510 1.642267 10.072196 -1.420469 0.116945
Cyclist -1 -1 -10 0.000000 159.000000 174.000000 368.000000 1.665297 0.655195 1.696159 -1.594752 1.446335 1.914741 1.492164 0.106592
Cyclist -1 -1 -10 494.000000 170.000000 515.000000 238.000000 1.809413 0.671156 1.789505 -2.722551 1.510983 18.904130 1.432767 0.036271
Cyclist -1 -1 -10 225.000000 203.000000 263.000000 278.000000 1.684650 0.576479 1.815454 -6.144451 1.726752 12.445771 -2.019846 0.031491
Cyclist -1 -1 -10 644.000000 169.000000 669.000000 218.000000 1.724689 0.777595 1.787303 1.775032 1.167035 23.632635 3.106941 0.028875
Cyclist -1 -1 -10 294.000000 203.000000 338.000000 297.000000 1.742453 0.582554 1.390703 -4.826960 1.723119 11.898563 0.625544 0.027460
Cyclist -1 -1 -10 132.000000 207.000000 238.000000 366.000000 1.700368 0.564112 1.561261 -3.914908 1.666858 6.744083 -2.080140 0.019689
Cyclist -1 -1 -10 273.000000 202.000000 303.000000 283.000000 1.677954 0.514024 1.434747 -5.513006 1.563887 12.374851 -2.028340 0.017846
Cyclist -1 -1 -10 667.000000 164.000000 689.000000 227.000000 1.725044 0.639678 1.721039 2.452830 1.074378 23.734292 -2.028831 0.015807
Cyclist -1 -1 -10 317.000000 205.000000 381.000000 302.000000 1.656521 0.654088 1.637207 -3.817306 1.749707 11.229296 0.630675 0.012270
