Car -1 -1 -10 648.000000 178.000000 696.000000 217.000000 1.446086 1.615436 3.731521 2.457795 1.708323 29.585764 -1.613735 0.999037
Car -1 -1 -10 350.000000 189.000000 480.000000 271.000000 1.469220 1.526888 3.603666 -3.930951 1.879109 15.246040 1.582125 0.997167
Car -1 -1 -10 48.000000 199.000000 400.000000 375.000000 1.491285 1.659568 4.151938 -3.701837 1.815636 7.909318 1.546701 0.995975
Car -1 -1 -10 782.000000 162.000000 935.000000 218.000000 1.507537 1.650861 4.253497 7.754282 1.423495 22.566788 3.133358 0.977232
Car -1 -1 -10 3.000000 212.000000 194.000000 362.000000 1.481491 1.507416 3.370365 -5.945400 2.035041 9.029564 -1.605288 0.976651
Car -1 -1 -10 484.000000 182.000000 518.000000 207.000000 1.573673 1.625924 3.964467 -6.686779 2.193027 45.142531 1.531771 0.912455
Car -1 -1 -10 437.000000 182.000000 492.000000 220.000000 1.596455 1.604742 3.922099 -6.828082 2.311003 32.400945 -3.199942 0.901028
Car -1 -1 -10 849.000000 167.000000 948.000000 208.000000 1.570300 1.679978 4.084815 9.111709 1.164648 23.625585 -2.616825 0.125629
Car -1 -1 -10 744.000000 164.000000 844.000000 202.000000 1.584759 1.612128 3.990911 7.656948 1.370972 31.793222 3.212028 0.101953
Car -1 -1 -10 360.000000 190.000000 445.000000 230.000000 1.418283 1.579576 3.920984 -6.623874 1.998838 22.850016 1.689725 0.054574
Car -1 -1 -10 947.000000 151.000000 1023.000000 182.000000 1.568854 1.644920 3.873752 21.674576 0.618722 41.864858 0.017871 0.026632
