Car -1 -1 -10 192.000000 184.000000 328.000000 256.000000 1.483009 1.576030 3.597852 -8.151103 1.512922 17.173965 -1.595000 0.999637
Car -1 -1 -10 578.000000 173.000000 648.000000 237.000000 1.559912 1.631426 3.566859 0.047612 1.283385 19.907603 -1.597797 0.999503
Car -1 -1 -10 331.000000 177.000000 476.000000 275.000000 1.659625 1.635713 3.934591 -3.844597 1.478891 14.111590 -1.575604 0.999026
Car -1 -1 -10 444.000000 178.000000 509.000000 226.000000 1.578172 1.588440 3.678147 -4.518715 1.372634 25.717870 -1.620460 0.993759
Car -1 -1 -10 506.000000 179.000000 544.000000 204.000000 1.554591 1.633491 3.901094 -4.660730 1.342260 45.277003 -1.685928 0.786251
Car -1 -1 -10 486.000000 180.000000 526.000000 211.000000 1.483285 1.580164 3.624087 -5.156037 1.237188 36.903246 -1.587665 0.376266
Car -1 -1 -10 325.000000 184.000000 394.000000 226.000000 1.479010 1.623079 3.844831 -8.707376 1.434999 26.147071 -1.330665 0.328612
Car -1 -1 -10 0.000000 95.000000 189.000000 372.000000 1.834828 1.691823 4.023075 -4.126961 1.428530 3.558581 -1.564689 0.065760
Car -1 -1 -10 293.000000 183.000000 356.000000 212.000000 1.548510 1.647883 4.072641 -13.017422 1.360073 32.663860 -1.513669 0.059601
Car -1 -1 -10 26.000000 191.000000 180.000000 283.000000 1.479382 1.578193 3.772298 -16.511621 1.732187 25.343772 -1.530929 0.026725
