Car -1 -1 -10 805.000000 184.000000 1001.000000 250.000000 1.488355 1.597229 4.003974 6.730005 1.829712 16.835427 -0.068470 0.999467
Car -1 -1 -10 48.000000 181.000000 372.000000 278.000000 1.502323 1.642190 4.198757 -6.466403 1.613581 11.567225 -3.200376 0.998480
Car -1 -1 -10 884.000000 186.000000 1266.000000 318.000000 1.497005 1.652492 4.224940 6.239517 1.678763 9.140381 3.178823 0.997269
Car -1 -1 -10 287.000000 177.000000 477.000000 241.000000 1.595875 1.599216 4.058665 -5.787383 1.767483 18.691125 0.130382 0.997218
Car -1 -1 -10 710.000000 179.000000 801.000000 218.000000 1.525665 1.638765 3.872209 6.052637 1.804171 28.593842 -0.009210 0.996375
Car -1 -1 -10 218.000000 180.000000 434.000000 259.000000 1.642243 1.587317 3.924833 -5.693313 1.709193 15.311502 0.596672 0.989151
Car -1 -1 -10 786.000000 179.000000 918.000000 241.000000 1.592901 1.559816 3.821621 6.824785 1.757975 20.978932 -0.614612 0.988082
Car -1 -1 -10 448.000000 175.000000 531.000000 207.000000 1.642347 1.618725 4.053483 -6.069309 1.769775 37.117255 0.026467 0.848234
Car -1 -1 -10 359.000000 173.000000 492.000000 224.000000 1.532435 1.570833 3.849499 -6.129764 1.367613 23.753086 -3.214899 0.758043
Car -1 -1 -10 0.000000 199.000000 87.000000 374.000000 1.484321 1.598273 3.900420 -5.316015 1.520972 4.216772 -3.222383 0.393268
Car -1 -1 -10 406.000000 175.000000 515.000000 215.000000 1.469179 1.629428 3.948079 -5.684037 1.664525 29.234223 -2.871614 0.273667
