Pedestrian -1 -1 -10 848.000000 152.000000 897.000000 279.000000 1.742540 0.597737 0.859529 3.788687 1.344342 10.320760 1.393689 0.995832
Pedestrian -1 -1 -10 75.000000 194.000000 130.000000 323.000000 1.784327 0.671546 0.496698 -6.252652 1.696803 8.981006 -1.670611 0.896398
Pedestrian -1 -1 -10 606.000000 177.000000 624.000000 226.000000 1.687522 0.609179 0.800918 0.377534 1.569120 25.246620 -2.001577 0.195223
Pedestrian -1 -1 -10 624.000000 177.000000 644.000000 227.000000 1.724974 0.606444 0.791508 1.144897 1.508462 25.328372 -1.626837 0.149362
Pedestrian -1 -1 -10 9.000000 200.000000 48.000000 302.000000 1.745337 0.754741 0.803183 -8.794195 1.978745 10.996710 -1.719427 0.099072
Pedestrian -1 -1 -10 821.000000 170.000000 853.000000 243.000000 1.668991 0.728068 0.855192 4.993486 1.510062 15.072786 -1.690236 0.048831
Pedestrian -1 -1 -10 22.000000 199.000000 146.000000 325.000000 1.722480 0.689057 0.776303 -7.000253 1.799926 9.352835 -0.469735 0.032767
Pedestrian -1 -1 -10 836.000000 163.000000 877.000000 258.000000 1.805392 0.653623 0.739779 4.385084 1.276016 12.885962 2.911424 0.018213
Pedestrian -1 -1 -10 4.000000 215.000000 76.000000 351.000000 1.701366 0.696358 0.696251 -7.978512 2.197563 10.418775 -2.675174 0.016569
Car -1 -1 -10 1.000000 199.000000 407.000000 373.000000 1.526183 1.642671 3.997259 -3.310049 1.755719 5.932734 1.637026 0.993416
Cyclist -1 -1 -10 -5.000000 197.000000 389.000000 372.000000 1.713675 0.645452 1.837346 -2.831667 1.860703 5.625868 2.012040 0.023710
Cyclist -1 -1 -10 60.000000 195.000000 138.000000 314.000000 1.734127 0.850769 1.691340 -6.580265 1.707400 9.564685 -1.558447 0.021607
