Car -1 -1 -10 256.000000 182.000000 443.000000 305.000000 1.486128 1.592287 3.764210 -3.748514 1.561710 10.950998 -1.569119 0.999686
Car -1 -1 -10 701.000000 188.000000 814.000000 268.000000 1.442694 1.560781 3.665715 2.887213 1.472809 14.662467 -1.590133 0.999630
Car -1 -1 -10 650.000000 181.000000 706.000000 222.000000 1.442989 1.627888 3.739315 2.596013 1.325284 28.215487 -1.583402 0.999320
Car -1 -1 -10 -1.000000 178.000000 223.000000 293.000000 1.534949 1.592949 3.742318 -8.113571 1.498670 11.709998 -1.605343 0.998622
Car -1 -1 -10 435.000000 182.000000 513.000000 237.000000 1.559791 1.582727 3.629261 -3.936529 1.449253 21.519804 -1.595613 0.998228
Car -1 -1 -10 483.000000 183.000000 532.000000 221.000000 1.544380 1.610339 3.957301 -4.236169 1.388435 29.612121 -1.576999 0.867225
Car -1 -1 -10 381.000000 181.000000 442.000000 225.000000 1.484867 1.587563 3.643425 -8.472605 1.358038 31.007830 -1.543594 0.547545
Car -1 -1 -10 274.000000 183.000000 363.000000 244.000000 1.516084 1.603794 3.760378 -8.100556 1.641447 20.144677 1.641490 0.193912
Car -1 -1 -10 503.000000 183.000000 540.000000 209.000000 1.478318 1.586601 3.818039 -4.976166 1.335653 40.501135 -1.597524 0.114681
Car -1 -1 -10 434.000000 180.000000 483.000000 217.000000 1.538251 1.598896 3.878564 -8.802259 1.608707 40.621561 -1.797504 0.035119
