Car -1 -1 -10 572.000000 180.000000 604.000000 209.000000 1.504475 1.588540 3.517236 -1.100379 1.229442 41.025374 -1.628891 0.999451
Car -1 -1 -10 130.000000 182.000000 305.000000 265.000000 1.503063 1.598621 3.697385 -8.040209 1.531269 15.310510 -1.607328 0.995511
Car -1 -1 -10 262.000000 187.000000 361.000000 240.000000 1.533876 1.613685 3.916308 -8.860285 1.578875 20.759597 -1.601140 0.973454
Car -1 -1 -10 3.000000 208.000000 257.000000 375.000000 1.500215 1.636400 4.008638 -4.792282 1.635198 6.203329 -1.583875 0.890425
Car -1 -1 -10 463.000000 185.000000 522.000000 224.000000 1.527213 1.592019 3.934281 -4.698703 1.565766 30.535662 -1.596615 0.874356
Car -1 -1 -10 30.000000 182.000000 181.000000 262.000000 1.470611 1.598144 3.831419 -11.437461 1.388267 17.379753 -1.594514 0.812822
Car -1 -1 -10 494.000000 183.000000 532.000000 210.000000 1.543610 1.621733 3.758386 -5.775272 1.531353 41.738015 -3.145431 0.103617
Car -1 -1 -10 307.000000 187.000000 384.000000 234.000000 1.492589 1.606463 3.809290 -8.352282 1.540276 21.039752 -1.573418 0.093091
Car -1 -1 -10 85.000000 184.000000 200.000000 243.000000 1.520804 1.615160 3.811832 -11.518588 1.420406 17.461050 -1.673850 0.067019
Car -1 -1 -10 331.000000 186.000000 434.000000 229.000000 1.524240 1.504203 3.205061 -7.778916 1.354104 22.354418 1.279503 0.012892
Car -1 -1 -10 247.000000 183.000000 328.000000 227.000000 1.437060 1.562395 3.624812 -8.734691 1.520786 20.413318 1.281222 0.012710
