Pedestrian -1 -1 -10 880.000000 149.000000 975.000000 338.000000 1.706664 0.574512 0.925390 2.949068 1.385856 6.798984 -2.618937 0.997737
Pedestrian -1 -1 -10 672.000000 157.000000 714.000000 264.000000 1.736775 0.721307 1.031510 1.514996 1.294640 12.268331 -1.590337 0.996943
Pedestrian -1 -1 -10 607.000000 163.000000 645.000000 265.000000 1.677148 0.630550 0.714616 0.315448 1.375948 12.001240 1.135717 0.995827
Pedestrian -1 -1 -10 1025.000000 152.000000 1125.000000 324.000000 1.682657 0.659447 0.699210 4.506775 1.401693 7.022864 -2.085098 0.994545
Pedestrian -1 -1 -10 270.000000 169.000000 305.000000 255.000000 1.721943 0.642720 1.058893 -6.504610 1.424645 14.720122 -1.629860 0.992167
Pedestrian -1 -1 -10 649.000000 165.000000 680.000000 258.000000 1.749006 0.545942 0.934138 1.147307 1.423689 13.240151 -2.526735 0.982162
Pedestrian -1 -1 -10 86.000000 171.000000 189.000000 371.000000 1.718222 0.710741 0.773475 -4.009908 1.654173 6.146396 1.578985 0.981505
Pedestrian -1 -1 -10 786.000000 147.000000 818.000000 260.000000 1.728127 0.527819 0.944492 3.189851 1.186896 11.646790 -2.266433 0.980518
Pedestrian -1 -1 -10 29.000000 167.000000 155.000000 375.000000 1.710921 0.739090 0.762713 -4.156954 1.594014 5.912229 1.049065 0.810713
Pedestrian -1 -1 -10 1140.000000 136.000000 1228.000000 308.000000 1.673266 0.621561 0.719479 6.028704 1.196362 7.528081 1.164811 0.551887
Pedestrian -1 -1 -10 360.000000 161.000000 375.000000 213.000000 1.639611 0.566806 0.553237 -5.711081 1.456275 18.146139 2.726257 0.139021
Pedestrian -1 -1 -10 228.000000 163.000000 249.000000 224.000000 1.644151 0.559983 0.630500 -8.590556 1.074914 16.888599 0.632764 0.137035
Pedestrian -1 -1 -10 807.000000 151.000000 824.000000 223.000000 1.730901 0.579321 0.456642 5.378856 1.373923 17.961475 -0.791616 0.025407
Pedestrian -1 -1 -10 623.000000 165.000000 668.000000 250.000000 1.724225 0.555971 0.663582 0.914881 1.331437 13.296343 -1.021939 0.022091
Car -1 -1 -10 466.000000 163.000000 558.000000 242.000000 1.745245 1.674933 3.991301 -2.167295 1.261915 18.018430 1.584656 0.999069
Car -1 -1 -10 375.000000 155.000000 473.000000 231.000000 1.945740 1.781800 4.350285 -5.138432 1.266930 21.078576 1.490345 0.974354
Car -1 -1 -10 428.000000 159.000000 498.000000 214.000000 1.694039 1.379047 2.927297 -5.081392 1.016805 23.381726 -1.677886 0.024812
Cyclist -1 -1 -10 7.000000 172.000000 153.000000 373.000000 1.712759 0.514064 1.746815 -4.158447 1.553299 5.877963 1.404572 0.361971
Cyclist -1 -1 -10 89.000000 167.000000 189.000000 373.000000 1.735275 0.569857 1.776251 -3.909765 1.592737 6.033880 1.432189 0.333872
Cyclist -1 -1 -10 1140.000000 134.000000 1230.000000 308.000000 1.657595 0.519320 1.703411 6.044095 1.169031 7.488873 2.382539 0.014144
Cyclist -1 -1 -10 607.000000 163.000000 644.000000 264.000000 1.768137 0.602169 1.730022 0.329443 1.414247 12.104077 -1.961325 0.012868
