Car -1 -1 -10 10.000000 191.000000 358.000000 299.000000 1.491798 1.628155 3.984203 -6.356464 1.776186 10.742090 -3.119885 0.998144
Car -1 -1 -10 660.000000 179.000000 700.000000 209.000000 1.502288 1.677696 3.966678 3.435365 1.734503 36.181322 -1.564057 0.997579
Car -1 -1 -10 302.000000 183.000000 501.000000 238.000000 1.507441 1.643141 4.280240 -5.525660 1.715698 20.807597 0.130455 0.993252
Car -1 -1 -10 383.000000 178.000000 509.000000 226.000000 1.543498 1.604396 4.081792 -5.693282 1.797874 25.926137 -3.153926 0.945436
Car -1 -1 -10 899.000000 185.000000 1246.000000 374.000000 1.507467 1.590213 3.762386 2.574788 1.581831 2.560052 -1.582791 0.931384
Car -1 -1 -10 173.000000 185.000000 360.000000 267.000000 1.557317 1.597346 3.776897 -6.726986 1.873755 13.435745 -3.422177 0.926347
Car -1 -1 -10 429.000000 176.000000 532.000000 215.000000 1.612956 1.612524 4.097813 -5.157914 1.841233 30.738590 0.120902 0.605081
Car -1 -1 -10 1.000000 199.000000 142.000000 377.000000 1.445552 1.615103 4.049264 -6.213190 1.761864 5.767885 -3.274176 0.182910
Car -1 -1 -10 476.000000 176.000000 558.000000 206.000000 1.572888 1.607169 3.893701 -4.385871 2.001039 45.130759 -3.167165 0.031290
Car -1 -1 -10 288.000000 184.000000 416.000000 226.000000 1.524240 1.504203 3.205061 -14.069962 2.000406 34.652533 1.239709 0.024355
