Pedestrian -1 -1 -10 4.000000 210.000000 70.000000 377.000000 1.726192 0.615030 0.766917 -4.740821 2.171563 5.863797 -2.734535 0.049496
Car -1 -1 -10 728.000000 187.000000 965.000000 327.000000 1.471698 1.646183 4.100897 2.845844 1.676457 9.631993 -1.599419 0.999542
Car -1 -1 -10 150.000000 186.000000 436.000000 270.000000 1.528494 1.658268 4.109691 -5.753075 1.779755 13.516993 0.055282 0.999436
Car -1 -1 -10 683.000000 179.000000 766.000000 233.000000 1.405480 1.621677 3.939357 3.196375 1.595800 20.372047 -1.583843 0.998162
Car -1 -1 -10 654.000000 170.000000 694.000000 203.000000 1.596985 1.613878 3.866010 3.476903 1.567552 39.751250 -1.546015 0.978318
Car -1 -1 -10 449.000000 175.000000 533.000000 209.000000 1.553841 1.611704 3.939741 -5.504441 1.517371 34.117621 0.800102 0.949955
Car -1 -1 -10 0.000000 182.000000 218.000000 353.000000 1.562019 1.596252 4.032057 -6.556073 1.694593 7.617529 -0.035034 0.867849
Car -1 -1 -10 284.000000 170.000000 429.000000 235.000000 1.564231 1.672639 4.189601 -6.067148 1.456652 17.412444 1.614018 0.846057
Car -1 -1 -10 481.000000 173.000000 548.000000 204.000000 1.588872 1.612434 3.890538 -4.669259 1.668040 36.821292 1.889162 0.390989
Car -1 -1 -10 390.000000 178.000000 523.000000 221.000000 1.542568 1.619936 4.103189 -4.715137 1.726978 27.067302 1.586585 0.100412
Car -1 -1 -10 0.000000 190.000000 106.000000 372.000000 1.483242 1.616336 3.894380 -6.366219 1.743206 5.223193 -3.142500 0.041756
