Car -1 -1 -10 397.000000 189.000000 477.000000 237.000000 1.468558 1.627686 4.047999 -5.868199 2.111896 25.143885 1.609369 0.998779
Car -1 -1 -10 124.000000 204.000000 325.000000 322.000000 1.458574 1.574891 3.691508 -5.983037 2.023588 11.630100 1.563910 0.998509
Car -1 -1 -10 298.000000 195.000000 418.000000 263.000000 1.497026 1.618390 3.973029 -5.994604 2.030385 17.610645 1.556340 0.998342
Car -1 -1 -10 693.000000 176.000000 774.000000 235.000000 1.494995 1.624468 3.883044 3.144272 1.566161 19.402956 -1.577984 0.997941
Car -1 -1 -10 949.000000 136.000000 1235.000000 226.000000 1.547941 1.687763 4.128201 9.098797 0.987185 13.376606 3.273683 0.988232
Car -1 -1 -10 676.000000 175.000000 741.000000 224.000000 1.563235 1.635066 3.896889 3.156955 1.649554 25.007268 -1.554824 0.987520
Car -1 -1 -10 656.000000 178.000000 704.000000 209.000000 1.484180 1.592350 3.822470 3.237180 1.692603 34.799292 1.527527 0.907876
Car -1 -1 -10 0.000000 226.000000 189.000000 373.000000 1.468156 1.592927 3.857555 -5.901936 2.005912 6.936936 1.576282 0.887508
Car -1 -1 -10 445.000000 186.000000 500.000000 225.000000 1.513591 1.579235 3.679099 -5.862998 2.173912 30.994101 1.581186 0.863036
Car -1 -1 -10 812.000000 155.000000 977.000000 211.000000 1.557825 1.603949 4.144704 8.301855 1.120784 21.273448 3.123509 0.860267
Car -1 -1 -10 882.000000 149.000000 1040.000000 214.000000 1.528526 1.586527 3.861640 9.101067 1.029115 18.142437 3.054099 0.730385
Car -1 -1 -10 645.000000 178.000000 685.000000 204.000000 1.529775 1.603365 3.716610 3.647012 1.878045 39.328402 1.519381 0.262686
Car -1 -1 -10 485.000000 184.000000 529.000000 212.000000 1.616489 1.622362 3.974263 -5.910650 2.180248 40.120390 1.766419 0.256171
