Car -1 -1 -10 294.000000 198.000000 424.000000 296.000000 1.557421 1.537338 3.617042 -4.477187 2.048473 13.151928 1.435475 0.999143
Car -1 -1 -10 791.000000 198.000000 1246.000000 373.000000 1.453329 1.633280 4.025857 3.209551 1.773368 6.450333 -1.608949 0.999091
Car -1 -1 -10 647.000000 177.000000 765.000000 264.000000 1.598013 1.648516 3.879743 1.775368 1.754211 16.441043 -1.677761 0.996467
Car -1 -1 -10 711.000000 193.000000 914.000000 312.000000 1.473728 1.632839 3.840211 2.736302 1.774013 10.976100 -1.656739 0.994794
Car -1 -1 -10 418.000000 176.000000 491.000000 237.000000 1.828877 1.725915 4.284652 -5.438146 2.028945 24.711993 -1.711260 0.990848
Car -1 -1 -10 4.000000 208.000000 338.000000 376.000000 1.520428 1.624044 3.968618 -3.850938 1.917461 6.482158 1.472022 0.989661
Car -1 -1 -10 603.000000 181.000000 653.000000 224.000000 1.480126 1.610917 4.037902 0.653119 1.964179 29.080119 -1.639503 0.988009
Car -1 -1 -10 483.000000 183.000000 512.000000 208.000000 1.531345 1.619491 3.948887 -7.182871 2.185253 46.041263 1.483872 0.984074
Car -1 -1 -10 623.000000 180.000000 696.000000 239.000000 1.535805 1.529587 3.411944 1.743807 1.637273 22.888125 2.116313 0.928383
Car -1 -1 -10 596.000000 182.000000 628.000000 211.000000 1.536877 1.613023 3.700324 0.240873 2.157547 40.476197 0.002382 0.316135
