Pedestrian -1 -1 -10 739.000000 171.000000 784.000000 277.000000 1.675812 0.717882 0.859405 2.425168 1.470180 10.894034 1.384896 0.960465
Pedestrian -1 -1 -10 425.000000 175.000000 447.000000 237.000000 1.752509 0.637951 0.773384 -4.833082 1.634434 20.877029 1.781149 0.889867
Pedestrian -1 -1 -10 1150.000000 150.000000 1238.000000 375.000000 1.697157 0.605371 0.589078 3.400095 1.749315 4.053413 2.207157 0.809739
Pedestrian -1 -1 -10 268.000000 179.000000 297.000000 282.000000 1.675199 0.590195 0.651559 -6.248379 1.749804 13.958250 2.106195 0.732340
Pedestrian -1 -1 -10 484.000000 178.000000 504.000000 218.000000 1.739036 0.660250 1.167331 -4.913617 1.627457 33.336381 -2.219943 0.294799
Pedestrian -1 -1 -10 522.000000 177.000000 536.000000 217.000000 1.769223 0.565184 0.911244 -3.253375 1.541982 31.945203 -0.727462 0.119091
Pedestrian -1 -1 -10 379.000000 177.000000 392.000000 219.000000 1.674098 0.650214 0.814169 -7.190879 1.422449 23.374871 -2.369975 0.112039
Pedestrian -1 -1 -10 419.000000 177.000000 437.000000 234.000000 1.698677 0.587219 0.618627 -4.968773 1.528357 20.872929 1.795270 0.038741
Pedestrian -1 -1 -10 570.000000 177.000000 581.000000 208.000000 1.746342 0.646633 0.671877 -1.547521 1.517019 42.124388 1.147617 0.024440
Cyclist -1 -1 -10 480.000000 179.000000 505.000000 218.000000 1.808883 0.639148 1.763474 -5.089695 1.639622 33.444463 -2.716427 0.102838
Cyclist -1 -1 -10 1139.000000 142.000000 1235.000000 377.000000 1.730509 0.635662 1.678684 2.209171 1.500327 3.123532 2.883958 0.072689
