Pedestrian -1 -1 -10 509.000000 166.000000 522.000000 206.000000 1.772281 0.650467 0.642160 -2.866831 1.174885 22.814059 -1.255468 0.105889
Pedestrian -1 -1 -10 478.000000 172.000000 500.000000 209.000000 1.705176 0.651201 0.576814 -3.701696 1.315348 20.441189 -1.299165 0.010430
Car -1 -1 -10 451.000000 174.000000 574.000000 267.000000 1.557899 1.638823 4.039748 -1.685631 1.536642 13.447523 -1.528903 0.999579
Car -1 -1 -10 756.000000 167.000000 938.000000 311.000000 1.650627 1.647590 3.798567 3.129673 1.607902 10.352350 -1.481645 0.998452
Car -1 -1 -10 514.000000 175.000000 609.000000 241.000000 1.495158 1.619296 4.065487 -1.216961 1.560286 18.673880 -1.438442 0.995693
Car -1 -1 -10 613.000000 171.000000 643.000000 199.000000 1.499831 1.635711 3.879919 1.157222 1.495909 45.709846 -1.578665 0.992734
Car -1 -1 -10 710.000000 175.000000 755.000000 210.000000 1.456148 1.596604 3.793355 5.161438 1.533774 31.536396 -1.516002 0.991768
Car -1 -1 -10 738.000000 175.000000 834.000000 255.000000 1.477651 1.602094 3.792615 3.784793 1.578973 15.856045 -1.497065 0.983815
Car -1 -1 -10 700.000000 174.000000 734.000000 201.000000 1.531035 1.578149 3.679568 6.478976 1.590256 43.789648 -1.515361 0.146435
Cyclist -1 -1 -10 480.000000 170.000000 498.000000 213.000000 1.641580 0.565464 1.637425 -3.691759 1.090274 21.120619 -1.216298 0.012022
