Car -1 -1 -10 743.000000 175.000000 1009.000000 345.000000 1.609303 1.656895 4.029968 2.997832 1.692209 9.053261 -1.604964 0.999522
Car -1 -1 -10 706.000000 175.000000 780.000000 208.000000 1.498861 1.563342 3.731120 6.248482 1.698866 34.252156 -2.092032 0.989964
Car -1 -1 -10 252.000000 178.000000 444.000000 258.000000 1.549537 1.601603 4.100841 -5.842231 1.696122 15.997137 0.118447 0.981182
Car -1 -1 -10 60.000000 175.000000 366.000000 285.000000 1.466863 1.565981 3.886868 -5.797897 1.454907 10.584596 0.067512 0.963011
Car -1 -1 -10 350.000000 176.000000 471.000000 225.000000 1.526078 1.624055 3.810392 -7.063803 1.533383 25.784777 -3.246410 0.943862
Car -1 -1 -10 395.000000 173.000000 500.000000 216.000000 1.762271 1.715378 4.406910 -6.776672 1.740220 29.945272 -3.157688 0.530740
Car -1 -1 -10 30.000000 176.000000 261.000000 255.000000 1.505554 1.619768 3.997201 -7.462009 1.403393 11.950014 1.575831 0.192586
Car -1 -1 -10 456.000000 176.000000 521.000000 203.000000 1.599183 1.648889 3.849190 -6.243456 1.661198 42.548371 1.418610 0.016974
Car -1 -1 -10 3.000000 202.000000 104.000000 289.000000 1.520996 1.598089 3.858785 -7.107515 1.684510 10.617137 0.422150 0.016041
Car -1 -1 -10 772.000000 179.000000 899.000000 262.000000 1.573825 1.603412 3.854513 6.071152 1.033391 15.683363 1.466698 0.011948
