Pedestrian -1 -1 -10 803.000000 175.000000 818.000000 221.000000 1.665121 0.534956 0.633206 12.451579 1.506203 43.593189 2.405916 0.050749
Pedestrian -1 -1 -10 751.000000 167.000000 765.000000 213.000000 1.553932 0.646280 0.747613 2.260517 0.608988 9.753099 1.198249 0.012204
Car -1 -1 -10 443.000000 185.000000 519.000000 235.000000 1.502092 1.584127 3.618577 -4.214346 1.952597 23.850970 1.586830 0.999541
Car -1 -1 -10 762.000000 180.000000 910.000000 277.000000 1.592411 1.625688 3.660916 4.092601 1.796724 13.810014 -1.608609 0.998010
Car -1 -1 -10 839.000000 195.000000 1181.000000 373.000000 1.476436 1.621791 3.935138 3.937606 1.792728 8.050377 -1.547909 0.997338
Car -1 -1 -10 708.000000 180.000000 773.000000 228.000000 1.546553 1.600738 3.823261 4.296138 1.835030 24.531562 -1.505760 0.994430
Car -1 -1 -10 729.000000 183.000000 819.000000 246.000000 1.479307 1.619416 3.937545 4.165279 1.741264 18.920909 -1.520968 0.992741
Car -1 -1 -10 488.000000 184.000000 542.000000 221.000000 1.575463 1.574106 3.764408 -3.835107 1.987590 29.811036 1.605837 0.992149
Car -1 -1 -10 691.000000 178.000000 742.000000 218.000000 1.529783 1.628162 4.010814 4.422704 1.840918 29.829230 -1.559470 0.952768
Car -1 -1 -10 514.000000 183.000000 556.000000 214.000000 1.464995 1.566302 3.866287 -3.577574 1.938471 34.784326 1.588351 0.503439
Car -1 -1 -10 1144.000000 174.000000 1239.000000 225.000000 1.579320 1.634216 3.798525 18.137137 1.439432 21.434392 -0.239558 0.339755
Car -1 -1 -10 1117.000000 205.000000 1237.000000 373.000000 1.512756 1.597293 3.837783 3.641177 1.590948 2.086821 1.578710 0.132632
