Pedestrian -1 -1 -10 811.000000 175.000000 836.000000 214.000000 1.684353 0.568243 0.610925 11.911311 1.467022 38.502924 2.829818 0.032690
Car -1 -1 -10 827.000000 183.000000 1119.000000 352.000000 1.542539 1.589254 3.691974 3.921829 1.718866 8.530925 -1.612739 0.999443
Car -1 -1 -10 379.000000 184.000000 486.000000 249.000000 1.499631 1.592587 3.745828 -4.448087 1.822530 18.569561 1.570342 0.999335
Car -1 -1 -10 758.000000 184.000000 905.000000 275.000000 1.487807 1.627883 3.871585 3.881815 1.677069 13.634818 -1.577191 0.997661
Car -1 -1 -10 442.000000 181.000000 519.000000 230.000000 1.523203 1.588320 3.813946 -4.217179 1.856317 24.241149 1.604808 0.997433
Car -1 -1 -10 724.000000 180.000000 816.000000 242.000000 1.497868 1.600819 3.743340 3.992639 1.679724 19.177158 -1.515425 0.994237
Car -1 -1 -10 700.000000 179.000000 764.000000 226.000000 1.514245 1.615407 3.980607 4.041981 1.701056 24.302762 -1.559392 0.992241
Car -1 -1 -10 486.000000 181.000000 537.000000 219.000000 1.436548 1.569119 3.919491 -4.047884 1.799901 29.466483 1.619311 0.987733
Car -1 -1 -10 692.000000 178.000000 737.000000 215.000000 1.608391 1.358334 2.749381 4.990182 2.009716 33.010055 -1.488338 0.836224
Car -1 -1 -10 1047.000000 192.000000 1241.000000 367.000000 1.489337 1.646096 3.894146 3.778641 1.928349 2.432910 -1.605058 0.194489
Car -1 -1 -10 686.000000 177.000000 721.000000 206.000000 1.515538 1.595544 3.818783 4.675720 1.578026 35.141690 -1.557147 0.105908
Cyclist -1 -1 -10 919.000000 181.000000 1000.000000 221.000000 1.660863 0.459171 1.643776 11.921690 1.532072 24.034506 -1.670295 0.060762
Cyclist -1 -1 -10 810.000000 175.000000 836.000000 213.000000 1.733135 0.600455 1.521500 12.217571 1.349359 39.470897 1.312543 0.012692
