Pedestrian -1 -1 -10 400.000000 175.000000 422.000000 239.000000 1.760087 0.698777 0.734177 -5.905940 1.883652 21.559782 -1.829674 0.985706
Pedestrian -1 -1 -10 380.000000 183.000000 402.000000 237.000000 1.720923 0.684223 0.585614 -6.932741 1.750200 22.411859 -2.333067 0.010963
Car -1 -1 -10 738.000000 180.000000 951.000000 321.000000 1.482860 1.610036 3.747645 2.828008 1.631392 9.580074 -1.626019 0.999519
Car -1 -1 -10 672.000000 180.000000 743.000000 238.000000 1.517285 1.569032 3.418392 2.595375 1.730613 19.671860 -1.579217 0.998506
Car -1 -1 -10 352.000000 195.000000 464.000000 272.000000 1.442413 1.556059 3.588501 -4.302909 1.951782 15.696431 -1.614758 0.998309
Car -1 -1 -10 433.000000 180.000000 506.000000 235.000000 1.706612 1.671382 4.161542 -4.677868 1.992801 24.944804 -1.585720 0.995411
Car -1 -1 -10 643.000000 176.000000 679.000000 210.000000 1.552388 1.578655 3.626482 2.425461 1.758217 35.427172 -1.598660 0.993668
Car -1 -1 -10 496.000000 182.000000 532.000000 214.000000 1.569226 1.586747 3.787777 -5.171778 2.119500 38.866581 1.526616 0.961005
Car -1 -1 -10 761.000000 183.000000 831.000000 242.000000 1.522142 1.628270 3.796738 8.094003 1.676018 30.928699 0.089828 0.167814
Cyclist -1 -1 -10 395.000000 177.000000 421.000000 237.000000 1.718481 0.678221 1.657103 -6.012631 1.707657 21.670163 1.858866 0.010112
