Car -1 -1 -10 681.000000 201.000000 899.000000 322.000000 1.435205 1.612542 3.938032 2.279427 1.864168 10.241697 -1.732809 0.999576
Car -1 -1 -10 385.000000 192.000000 428.000000 223.000000 1.557396 1.678568 3.960384 -11.143753 2.652921 39.505393 1.403208 0.999241
Car -1 -1 -10 564.000000 189.000000 628.000000 234.000000 1.431065 1.634938 3.826562 -0.604035 2.045971 25.301472 -1.720716 0.998606
Car -1 -1 -10 -4.000000 212.000000 255.000000 363.000000 1.528779 1.588655 3.785072 -6.259149 2.134610 9.688212 1.376137 0.992839
Car -1 -1 -10 554.000000 188.000000 606.000000 224.000000 1.508760 1.613662 3.967703 -1.501507 2.110208 31.072189 -1.714744 0.992314
Car -1 -1 -10 765.000000 172.000000 887.000000 222.000000 1.525999 1.636906 4.123241 7.776918 1.550603 25.334332 -2.724720 0.975282
Car -1 -1 -10 969.000000 180.000000 1245.000000 372.000000 1.545387 1.597342 3.750872 3.246823 1.482583 2.661058 -1.675545 0.829213
Car -1 -1 -10 0.000000 226.000000 118.000000 371.000000 1.489945 1.631406 3.884207 -5.395836 2.080627 5.162902 1.359885 0.785417
Car -1 -1 -10 405.000000 190.000000 439.000000 217.000000 1.543559 1.608137 3.728625 -11.165477 2.730954 44.350777 1.244957 0.759769
Car -1 -1 -10 1067.000000 173.000000 1207.000000 251.000000 1.543244 1.651699 4.046752 10.232670 1.452966 14.157268 2.233763 0.712754
Car -1 -1 -10 705.000000 180.000000 810.000000 212.000000 1.553200 1.613621 4.081709 6.330215 1.736913 31.568331 -2.724223 0.507997
Car -1 -1 -10 184.000000 196.000000 256.000000 222.000000 1.567543 1.632546 4.069906 -17.558208 2.262218 33.016366 -1.562204 0.361573
