Pedestrian -1 -1 -10 1180.000000 127.000000 1234.000000 243.000000 1.717611 0.590691 0.636473 13.678382 1.392931 16.288900 0.765190 0.011685
Car -1 -1 -10 724.000000 191.000000 895.000000 302.000000 1.432368 1.642985 4.020031 2.891920 1.692599 11.187243 -1.544563 0.999395
Car -1 -1 -10 551.000000 178.000000 589.000000 207.000000 1.485287 1.575951 3.828074 -1.896980 1.657307 35.189352 1.603073 0.999066
Car -1 -1 -10 688.000000 181.000000 759.000000 235.000000 1.422787 1.607312 3.940348 3.112614 1.667799 20.446000 -1.564265 0.997027
Car -1 -1 -10 303.000000 178.000000 481.000000 242.000000 1.578144 1.547710 3.836204 -5.402174 1.874808 19.890555 0.080565 0.992067
Car -1 -1 -10 656.000000 173.000000 693.000000 203.000000 1.567696 1.588596 3.706660 3.346803 1.636289 38.786759 -1.602331 0.965357
Car -1 -1 -10 61.000000 172.000000 397.000000 274.000000 1.539756 1.676209 4.084058 -5.830590 1.422366 12.228551 0.020825 0.956716
Car -1 -1 -10 382.000000 175.000000 498.000000 225.000000 1.579488 1.612049 3.991357 -6.284603 1.625216 26.186582 -3.280058 0.948497
Car -1 -1 -10 481.000000 176.000000 547.000000 201.000000 1.513122 1.614581 3.805459 -5.285421 1.673193 42.234431 -0.124621 0.879172
Car -1 -1 -10 2.000000 218.000000 113.000000 380.000000 1.479718 1.600297 3.962964 -5.608957 1.960416 4.661587 -0.012222 0.633243
Car -1 -1 -10 211.000000 178.000000 436.000000 250.000000 1.594736 1.592486 3.843675 -5.879688 1.645602 16.603252 -1.391622 0.222568
