Car -1 -1 -10 753.000000 197.000000 1048.000000 374.000000 1.449149 1.609905 3.870792 2.762730 1.754217 7.737899 -1.606890 0.999728
Car -1 -1 -10 672.000000 177.000000 760.000000 251.000000 1.580720 1.651320 3.915619 2.574589 1.766102 18.673683 -1.556234 0.998802
Car -1 -1 -10 263.000000 184.000000 452.000000 249.000000 1.522423 1.611145 3.970441 -6.356043 1.759102 18.522349 -3.156967 0.981724
Car -1 -1 -10 9.000000 162.000000 353.000000 296.000000 1.827895 1.715358 4.153923 -6.495747 1.830827 11.100255 -3.161738 0.980193
Car -1 -1 -10 656.000000 183.000000 713.000000 230.000000 1.463988 1.616812 3.947649 2.533332 1.860784 24.643586 -1.613016 0.938693
Car -1 -1 -10 204.000000 186.000000 406.000000 270.000000 1.538034 1.592628 3.872605 -6.361451 1.916882 15.718089 -3.329984 0.686812
Car -1 -1 -10 645.000000 178.000000 686.000000 216.000000 1.586156 1.589096 3.682634 2.473504 1.889576 33.727613 -1.635702 0.589314
Car -1 -1 -10 0.000000 207.000000 142.000000 378.000000 1.441069 1.625079 4.056107 -6.434042 1.839345 6.216388 0.031614 0.425653
Car -1 -1 -10 478.000000 180.000000 541.000000 207.000000 1.511880 1.601553 3.962736 -6.136855 2.070203 44.298979 0.737473 0.270914
Car -1 -1 -10 398.000000 183.000000 513.000000 221.000000 1.489680 1.618050 3.900995 -5.817692 2.093451 31.072164 1.942880 0.206027
Car -1 -1 -10 441.000000 181.000000 525.000000 213.000000 1.633608 1.576690 3.956785 -6.750301 1.964129 36.849273 -0.071924 0.202363
