Pedestrian -1 -1 -10 398.000000 183.000000 408.000000 215.000000 1.710540 0.643437 0.885796 -12.065624 2.218168 42.193188 -1.918725 0.317228
Pedestrian -1 -1 -10 407.000000 179.000000 419.000000 212.000000 1.785968 0.668754 0.746424 -11.692195 2.222796 42.281914 1.358398 0.234271
Pedestrian -1 -1 -10 406.000000 183.000000 439.000000 218.000000 1.607167 0.581445 0.650056 -4.146106 1.519452 16.798158 1.883292 0.083716
Pedestrian -1 -1 -10 403.000000 180.000000 412.000000 215.000000 1.739659 0.611501 0.700152 -11.765196 2.262032 42.262821 1.245603 0.065664
Pedestrian -1 -1 -10 334.000000 185.000000 392.000000 272.000000 1.631339 0.565843 0.646854 -3.865165 1.640245 11.274462 1.657090 0.018824
Pedestrian -1 -1 -10 344.000000 183.000000 380.000000 234.000000 1.708847 0.612196 0.572473 -3.700353 1.716712 11.067956 2.286507 0.017726
Car -1 -1 -10 720.000000 182.000000 926.000000 320.000000 1.462451 1.605755 3.613210 2.641977 1.672540 9.779755 -1.675935 0.999520
Car -1 -1 -10 213.000000 201.000000 363.000000 302.000000 1.503490 1.557394 3.619571 -5.111238 1.964007 12.355485 -1.832230 0.998082
Car -1 -1 -10 578.000000 182.000000 631.000000 224.000000 1.510807 1.607025 3.648551 -0.397219 1.976175 28.633032 -1.726890 0.997297
Car -1 -1 -10 555.000000 183.000000 589.000000 211.000000 1.502268 1.609111 3.807887 -1.984381 2.046729 38.735067 -1.700398 0.512256
Car -1 -1 -10 409.000000 186.000000 450.000000 221.000000 1.534188 1.645150 3.720995 -8.555272 2.694909 33.591554 -1.837511 0.401237
Car -1 -1 -10 304.000000 188.000000 401.000000 260.000000 1.493959 1.568924 3.762044 -6.204792 1.987423 18.163652 1.429435 0.381815
Car -1 -1 -10 426.000000 185.000000 455.000000 213.000000 1.508083 1.599101 3.732723 -10.112775 2.326044 41.919970 -1.825130 0.024589
Car -1 -1 -10 329.000000 184.000000 387.000000 242.000000 1.584757 1.562928 3.756728 -6.161941 2.040460 18.196679 1.178739 0.017125
Cyclist -1 -1 -10 393.000000 182.000000 450.000000 281.000000 1.709022 0.570278 1.812076 -3.544228 1.870986 13.358878 1.515509 0.999759
Cyclist -1 -1 -10 328.000000 180.000000 396.000000 303.000000 1.700123 0.522908 1.728009 -4.007409 1.846310 11.213860 1.255161 0.999320
Cyclist -1 -1 -10 409.000000 185.000000 448.000000 225.000000 1.734790 0.576157 1.545374 -3.601811 1.551381 15.001268 -2.422483 0.476239
Cyclist -1 -1 -10 255.000000 193.000000 387.000000 298.000000 1.620330 0.703291 1.803841 -4.417096 1.903251 11.192938 2.705694 0.139732
Cyclist -1 -1 -10 309.000000 190.000000 404.000000 254.000000 1.699583 0.602532 1.802018 -5.829402 2.013643 17.919415 -3.012655 0.090973
Cyclist -1 -1 -10 406.000000 179.000000 427.000000 219.000000 1.753697 0.625168 1.668639 -11.723919 1.962476 42.557626 0.740958 0.044143
Cyclist -1 -1 -10 334.000000 184.000000 387.000000 242.000000 1.669218 0.629561 1.587696 -6.233144 1.857760 17.949019 -1.972459 0.018779
Cyclist -1 -1 -10 398.000000 181.000000 409.000000 216.000000 1.760727 0.575580 1.679900 -12.189523 2.252909 42.315941 -1.744064 0.010404
