Pedestrian -1 -1 -10 1064.000000 129.000000 1190.000000 334.000000 1.783883 0.626364 1.015956 4.758180 1.353168 6.603839 1.130266 0.995885
Pedestrian -1 -1 -10 646.000000 166.000000 698.000000 290.000000 1.641262 0.606746 0.773795 0.884200 1.465513 9.680009 -2.521713 0.994576
Pedestrian -1 -1 -10 582.000000 158.000000 663.000000 319.000000 1.741668 0.635867 1.047281 0.052207 1.501235 7.660292 -2.675594 0.994235
Pedestrian -1 -1 -10 1118.000000 137.000000 1226.000000 315.000000 1.708127 0.633478 0.749819 6.098483 1.264235 7.547109 3.485516 0.916802
Pedestrian -1 -1 -10 563.000000 161.000000 587.000000 232.000000 1.713425 0.650424 0.877579 -0.754827 1.231267 18.698581 -1.834708 0.647888
Pedestrian -1 -1 -10 716.000000 173.000000 740.000000 227.000000 1.683280 0.612588 0.624024 3.111433 1.161578 18.515933 2.697441 0.392279
Pedestrian -1 -1 -10 588.000000 160.000000 625.000000 293.000000 1.620196 0.592195 0.704785 -0.022930 1.251067 7.592027 -2.088294 0.281379
Pedestrian -1 -1 -10 453.000000 159.000000 492.000000 237.000000 1.699375 0.575873 0.828825 -2.843114 1.459111 15.967526 0.331153 0.167342
Pedestrian -1 -1 -10 687.000000 174.000000 718.000000 233.000000 1.737984 0.631437 0.712779 2.429219 1.626666 19.116416 2.653866 0.157379
Pedestrian -1 -1 -10 589.000000 164.000000 611.000000 241.000000 1.767773 0.563203 0.808525 -0.188229 1.231120 16.690807 -2.522655 0.147869
Pedestrian -1 -1 -10 668.000000 171.000000 686.000000 221.000000 1.721816 0.747092 0.505121 2.206391 1.381526 21.147047 -1.486589 0.095942
Pedestrian -1 -1 -10 660.000000 174.000000 701.000000 245.000000 1.680790 0.553715 0.618974 2.455894 1.481816 20.579197 2.252409 0.075257
Pedestrian -1 -1 -10 599.000000 168.000000 620.000000 242.000000 1.784013 0.694363 0.699701 0.091560 1.372718 18.492409 2.996451 0.073000
Pedestrian -1 -1 -10 800.000000 170.000000 816.000000 221.000000 1.712756 0.607572 0.693116 4.734733 1.321933 16.264851 -1.220344 0.042918
Car -1 -1 -10 191.000000 155.000000 479.000000 353.000000 1.766922 1.650643 4.007673 -2.809292 1.508970 8.503070 1.616784 0.989910
Car -1 -1 -10 388.000000 158.000000 497.000000 245.000000 2.059208 1.758436 4.395024 -5.087804 1.460052 21.811508 1.670272 0.097128
Car -1 -1 -10 439.000000 161.000000 509.000000 211.000000 1.800442 1.653131 3.945303 -5.178964 0.916017 27.848258 2.324938 0.085998
Cyclist -1 -1 -10 687.000000 174.000000 718.000000 233.000000 1.704305 0.586427 1.642924 2.587649 1.326076 18.117219 -0.881273 0.073573
Cyclist -1 -1 -10 667.000000 172.000000 691.000000 229.000000 1.680513 0.495837 1.578819 2.246199 1.374576 20.153511 1.635573 0.041258
Cyclist -1 -1 -10 1129.000000 138.000000 1230.000000 310.000000 1.652764 0.497426 1.713995 6.029259 1.191707 7.513358 2.643024 0.020824
Cyclist -1 -1 -10 450.000000 160.000000 493.000000 242.000000 1.715777 0.707423 1.723702 -2.968422 1.406690 15.875175 0.389348 0.020713
Cyclist -1 -1 -10 660.000000 174.000000 701.000000 245.000000 1.699043 0.607402 1.522906 2.105107 1.814608 17.585533 -1.446313 0.019495
Cyclist -1 -1 -10 585.000000 163.000000 619.000000 245.000000 1.808798 0.652589 1.585473 -0.093522 1.333428 18.354442 1.131545 0.015422
Cyclist -1 -1 -10 645.000000 169.000000 697.000000 287.000000 1.693345 0.522309 1.627076 0.738079 1.445106 9.673212 -1.985612 0.014633
Cyclist -1 -1 -10 709.000000 172.000000 735.000000 231.000000 1.654493 0.484519 1.748961 2.939327 1.364076 16.884397 1.784087 0.010588
Cyclist -1 -1 -10 1057.000000 133.000000 1207.000000 330.000000 1.734838 0.574949 1.775474 4.972685 1.409252 6.748107 -0.485610 0.010533
