Pedestrian -1 -1 -10 277.000000 182.000000 292.000000 217.000000 1.731945 0.695910 0.682199 -20.797840 2.038789 46.315912 -1.529038 0.192903
Pedestrian -1 -1 -10 298.000000 182.000000 313.000000 214.000000 1.700185 0.581529 0.594621 -18.892455 2.139826 44.584414 -1.849792 0.125855
Pedestrian -1 -1 -10 274.000000 182.000000 303.000000 223.000000 1.683280 0.612588 0.624024 -12.294222 1.996850 26.903151 2.103380 0.031928
Car -1 -1 -10 597.000000 173.000000 631.000000 204.000000 1.568952 1.602929 3.993920 0.215420 1.892637 43.016839 -1.616853 0.999546
Car -1 -1 -10 210.000000 191.000000 299.000000 238.000000 1.561987 1.569046 3.658878 -12.706736 2.299036 26.224815 1.544863 0.999267
Car -1 -1 -10 262.000000 188.000000 317.000000 221.000000 1.555066 1.556597 3.577982 -16.185073 2.341384 36.932466 1.631555 0.831394
Car -1 -1 -10 275.000000 182.000000 301.000000 223.000000 1.424310 1.544343 3.563840 -7.324682 0.714220 16.569766 0.250737 0.027257
Car -1 -1 -10 288.000000 186.000000 316.000000 217.000000 1.524244 1.504204 3.205059 -15.762644 2.340581 36.724627 1.179765 0.010230
Cyclist -1 -1 -10 266.000000 186.000000 314.000000 221.000000 1.677953 0.514024 1.434746 -15.570810 2.327398 36.107543 -2.035047 0.164513
Cyclist -1 -1 -10 294.000000 181.000000 317.000000 216.000000 1.719189 0.602557 1.653479 -19.003328 2.166317 44.804834 -1.973617 0.061118
Cyclist -1 -1 -10 275.000000 181.000000 297.000000 222.000000 1.677954 0.514024 1.434747 -12.386323 1.894800 27.122598 -2.039662 0.018555
Cyclist -1 -1 -10 63.000000 206.000000 121.000000 251.000000 1.690473 0.716593 1.758633 -17.015198 2.719844 23.591147 -1.589952 0.016835
Cyclist -1 -1 -10 298.000000 183.000000 310.000000 208.000000 1.710221 0.571183 1.552012 -19.148913 2.175442 45.031708 -1.963339 0.016093
Cyclist -1 -1 -10 274.000000 184.000000 291.000000 210.000000 1.726501 0.563593 1.576483 -20.044638 2.313266 44.554641 -1.989600 0.010509
