Pedestrian -1 -1 -10 826.000000 175.000000 846.000000 231.000000 1.742415 0.539288 0.800986 10.350662 2.094335 32.648555 2.769185 0.030834
Car -1 -1 -10 787.000000 187.000000 1075.000000 340.000000 1.504479 1.636970 4.102439 3.577396 1.738331 8.734535 -1.593537 0.999367
Car -1 -1 -10 472.000000 182.000000 526.000000 220.000000 1.500550 1.533876 3.566813 -4.488019 1.861437 29.769423 1.605625 0.999283
Car -1 -1 -10 269.000000 191.000000 430.000000 281.000000 1.457614 1.606641 4.023876 -4.808746 1.802666 13.747922 1.551238 0.999078
Car -1 -1 -10 -3.000000 192.000000 335.000000 369.000000 1.509506 1.617340 3.830697 -4.779254 1.813188 8.528931 1.552312 0.998679
Car -1 -1 -10 737.000000 184.000000 871.000000 272.000000 1.524759 1.633848 3.832402 3.472612 1.744570 13.792963 -1.600087 0.996189
Car -1 -1 -10 500.000000 180.000000 544.000000 212.000000 1.549465 1.587114 3.760940 -4.210365 1.865365 34.421103 1.612065 0.980234
Car -1 -1 -10 714.000000 181.000000 798.000000 246.000000 1.513489 1.635929 3.855258 3.803857 1.773787 19.425480 -1.537920 0.969776
Car -1 -1 -10 691.000000 180.000000 755.000000 227.000000 1.556939 1.582231 3.738809 3.883968 1.894606 24.729715 -1.566566 0.961012
Car -1 -1 -10 988.000000 204.000000 1244.000000 377.000000 1.517813 1.636525 3.880918 3.460986 1.832982 3.149130 1.559123 0.957883
Car -1 -1 -10 970.000000 176.000000 1073.000000 216.000000 1.577691 1.677051 4.166858 14.027043 1.411487 24.057117 0.370675 0.271303
Car -1 -1 -10 1051.000000 175.000000 1184.000000 231.000000 1.618951 1.625692 3.909179 13.816309 1.482525 19.951863 1.231929 0.081881
Car -1 -1 -10 1176.000000 173.000000 1241.000000 233.000000 1.518809 1.493038 3.262581 16.244668 1.235703 20.466613 2.706141 0.045694
Cyclist -1 -1 -10 938.000000 178.000000 995.000000 224.000000 1.695088 0.640459 1.542415 11.251683 1.498842 22.654783 0.581540 0.305441
Cyclist -1 -1 -10 958.000000 178.000000 982.000000 227.000000 1.705306 0.662012 1.658727 11.655785 1.481200 22.881529 0.562182 0.223809
Cyclist -1 -1 -10 905.000000 186.000000 1021.000000 231.000000 1.662015 0.780338 1.898642 11.535631 1.662140 23.141136 3.222682 0.178870
Cyclist -1 -1 -10 989.000000 203.000000 1243.000000 364.000000 1.705388 0.575168 1.818359 2.988095 2.003959 4.161586 1.554563 0.010033
