Car -1 -1 -10 729.000000 196.000000 941.000000 351.000000 1.512927 1.629237 3.629743 2.616205 1.850679 9.427268 -1.628052 0.998945
Car -1 -1 -10 243.000000 213.000000 446.000000 343.000000 1.481275 1.624593 3.969058 -3.627821 2.099928 10.630458 1.548849 0.998166
Car -1 -1 -10 855.000000 202.000000 1225.000000 371.000000 1.501305 1.608026 3.723705 3.061398 1.794224 4.786603 -1.604328 0.995074
Car -1 -1 -10 679.000000 198.000000 798.000000 276.000000 1.459653 1.635330 4.036109 2.595956 2.053863 15.321562 -1.609930 0.994105
Car -1 -1 -10 392.000000 209.000000 491.000000 286.000000 1.465384 1.590350 3.902027 -3.780931 2.313507 16.312923 1.558036 0.987585
Car -1 -1 -10 473.000000 203.000000 529.000000 246.000000 1.439303 1.570790 3.810822 -4.021885 2.575711 26.535673 1.554604 0.972246
Car -1 -1 -10 667.000000 196.000000 741.000000 251.000000 1.524797 1.618934 3.859232 2.740092 2.252555 21.703363 -1.595678 0.969722
Car -1 -1 -10 441.000000 203.000000 500.000000 260.000000 1.493216 1.563972 3.723903 -4.190490 2.449863 22.229878 1.548309 0.864221
Car -1 -1 -10 659.000000 195.000000 711.000000 239.000000 1.570471 1.597365 3.755125 2.706016 2.443800 27.250174 -1.598858 0.384044
Cyclist -1 -1 -10 821.000000 191.000000 1238.000000 376.000000 1.708130 0.739082 1.883196 2.496477 1.829146 4.006686 -1.673725 0.035796
