Pedestrian -1 -1 -10 752.000000 154.000000 770.000000 222.000000 1.683280 0.612588 0.624024 5.633415 0.763627 27.106702 2.728535 0.516693
Pedestrian -1 -1 -10 737.000000 157.000000 750.000000 210.000000 1.758183 0.663614 0.723117 5.197574 1.193422 27.738441 -1.420395 0.306541
Pedestrian -1 -1 -10 735.000000 161.000000 760.000000 214.000000 1.695071 0.682279 0.689179 5.257948 1.138413 27.553974 -1.063540 0.052545
Pedestrian -1 -1 -10 693.000000 174.000000 775.000000 231.000000 1.731532 0.653177 0.944536 2.548376 1.638136 18.393536 0.315403 0.017737
Car -1 -1 -10 353.000000 183.000000 447.000000 245.000000 1.568972 1.576104 3.726122 -5.756290 1.880600 20.100136 1.582170 0.999280
Car -1 -1 -10 715.000000 174.000000 845.000000 264.000000 1.483221 1.617405 3.781503 3.082423 1.521057 13.946851 -1.654426 0.998604
Car -1 -1 -10 846.000000 182.000000 1242.000000 375.000000 1.498179 1.635729 3.947991 3.316124 1.632243 5.330166 -1.619932 0.992190
Car -1 -1 -10 687.000000 176.000000 772.000000 230.000000 1.460377 1.572735 3.561935 3.144432 1.490946 19.084124 -1.652529 0.966921
Car -1 -1 -10 410.000000 183.000000 480.000000 228.000000 1.481496 1.527779 3.609911 -5.687587 1.844382 25.102539 1.540976 0.951329
Car -1 -1 -10 3.000000 223.000000 152.000000 373.000000 1.467227 1.584674 3.734278 -5.632249 1.965023 5.717995 1.634560 0.716745
Car -1 -1 -10 682.000000 176.000000 742.000000 216.000000 1.520302 1.574998 3.611111 3.557051 1.476067 24.499794 -1.542540 0.412898
Car -1 -1 -10 818.000000 163.000000 901.000000 207.000000 1.517027 1.615578 4.033695 11.521175 1.348077 33.704335 0.202870 0.027920
Cyclist -1 -1 -10 751.000000 157.000000 771.000000 216.000000 1.670909 0.637056 1.718379 5.623246 0.848291 27.528464 2.933914 0.020332
