Pedestrian -1 -1 -10 575.000000 157.000000 611.000000 231.000000 1.737539 0.619306 0.620088 -0.332769 1.149839 18.136767 1.108519 0.996091
Pedestrian -1 -1 -10 169.000000 171.000000 207.000000 249.000000 1.810031 0.660584 1.062289 -9.940200 1.657909 16.925538 -3.208125 0.969402
Pedestrian -1 -1 -10 208.000000 174.000000 236.000000 246.000000 1.708665 0.599621 0.795828 -10.161353 1.587239 18.780801 2.633340 0.750599
Pedestrian -1 -1 -10 405.000000 160.000000 426.000000 224.000000 1.710952 0.610030 0.820325 -4.187124 1.153344 15.867196 0.255112 0.648971
Pedestrian -1 -1 -10 190.000000 174.000000 223.000000 247.000000 1.791685 0.643917 0.831980 -10.191441 1.513783 18.073783 -2.562915 0.262862
Pedestrian -1 -1 -10 330.000000 167.000000 346.000000 220.000000 1.784116 0.582172 0.943829 -18.037700 1.165071 47.620114 0.703033 0.259288
Pedestrian -1 -1 -10 321.000000 166.000000 353.000000 228.000000 1.706796 0.639413 0.731463 -6.571905 1.165635 16.834923 -0.341374 0.082819
Pedestrian -1 -1 -10 1066.000000 135.000000 1109.000000 205.000000 1.738449 0.710806 0.842430 13.173174 0.456645 19.212159 0.660237 0.071061
Pedestrian -1 -1 -10 315.000000 166.000000 340.000000 223.000000 1.695567 0.648838 0.746254 -6.767186 1.349253 16.834280 -0.340266 0.044287
Pedestrian -1 -1 -10 293.000000 164.000000 335.000000 229.000000 1.593927 0.709228 0.790625 -6.709127 1.190301 16.264951 -0.474172 0.038286
Pedestrian -1 -1 -10 872.000000 149.000000 903.000000 199.000000 1.666311 0.611370 0.835380 10.495256 0.566736 26.139823 -1.253780 0.034843
Pedestrian -1 -1 -10 1162.000000 127.000000 1224.000000 215.000000 1.740646 0.657239 0.861747 11.664604 0.673364 13.863138 -0.748958 0.019701
Pedestrian -1 -1 -10 330.000000 170.000000 371.000000 231.000000 1.737847 0.748188 0.604546 -6.259103 1.230952 17.601229 -1.979214 0.012061
Pedestrian -1 -1 -10 823.000000 154.000000 869.000000 195.000000 1.747885 0.709588 0.829271 10.150772 0.541462 29.626824 0.500068 0.010542
Car -1 -1 -10 299.000000 179.000000 472.000000 293.000000 1.465887 1.593205 3.816414 -3.245352 1.451990 11.176732 -1.557080 0.998795
Car -1 -1 -10 1065.000000 153.000000 1185.000000 189.000000 1.547680 1.620981 3.922026 21.027492 0.335262 27.436442 0.088891 0.038259
Car -1 -1 -10 319.000000 178.000000 396.000000 227.000000 1.551732 1.617002 3.702581 -6.732304 0.892344 18.998278 0.743356 0.017402
Cyclist -1 -1 -10 284.000000 162.000000 342.000000 242.000000 1.774486 0.584189 1.703107 -6.710711 1.333284 16.197278 -0.344811 0.989920
Cyclist -1 -1 -10 1155.000000 129.000000 1225.000000 217.000000 1.744954 0.533706 1.734827 11.621926 0.738667 13.918709 -0.829157 0.979859
Cyclist -1 -1 -10 873.000000 149.000000 903.000000 199.000000 1.770698 0.587510 1.734247 10.486904 0.633140 26.208736 -0.908722 0.974532
Cyclist -1 -1 -10 822.000000 155.000000 870.000000 195.000000 1.721082 0.624386 1.789709 10.116963 0.495690 29.646677 -0.235219 0.963512
Cyclist -1 -1 -10 1066.000000 136.000000 1109.000000 204.000000 1.749562 0.478012 1.729709 13.256409 0.478666 19.224480 -0.513974 0.172516
Cyclist -1 -1 -10 322.000000 168.000000 345.000000 227.000000 1.755847 0.647700 1.465993 -6.940654 1.258630 17.472568 0.628694 0.152458
Cyclist -1 -1 -10 330.000000 170.000000 371.000000 231.000000 1.643895 0.560948 1.723384 -6.250095 1.020836 17.636090 -1.417114 0.109208
Cyclist -1 -1 -10 402.000000 158.000000 429.000000 227.000000 1.670133 0.732531 1.674154 -4.071758 1.014366 15.889420 -0.176397 0.098069
Cyclist -1 -1 -10 1052.000000 151.000000 1138.000000 198.000000 1.755270 0.564906 1.607716 18.140680 0.681373 26.178978 -0.436748 0.084280
Cyclist -1 -1 -10 299.000000 167.000000 335.000000 222.000000 1.770995 0.609517 1.708522 -7.606767 1.192726 18.618970 1.616375 0.053119
Cyclist -1 -1 -10 310.000000 178.000000 396.000000 226.000000 1.646785 0.674586 1.735155 -6.556094 1.246623 17.929187 -2.427683 0.028281
Cyclist -1 -1 -10 168.000000 171.000000 210.000000 249.000000 1.804764 0.617410 1.700349 -10.168152 1.611998 17.144587 2.577693 0.023205
Cyclist -1 -1 -10 297.000000 178.000000 472.000000 296.000000 1.704933 0.851725 1.900757 -2.968074 1.615224 9.751044 -3.109679 0.021778
Cyclist -1 -1 -10 382.000000 172.000000 441.000000 225.000000 1.676162 0.481266 1.572663 -6.003136 1.093667 22.138928 0.732159 0.019330
