Pedestrian -1 -1 -10 858.000000 158.000000 930.000000 308.000000 1.659624 0.659490 0.691096 3.190275 1.421876 8.063359 -0.684954 0.998593
Pedestrian -1 -1 -10 753.000000 150.000000 842.000000 331.000000 1.766233 0.663186 1.117044 1.812661 1.523988 7.105298 -2.345108 0.997500
Pedestrian -1 -1 -10 646.000000 158.000000 677.000000 247.000000 1.769760 0.673293 0.956321 1.203595 1.327990 14.821471 1.246401 0.996603
Pedestrian -1 -1 -10 566.000000 164.000000 601.000000 253.000000 1.721288 0.606539 0.838640 -0.360641 1.396967 14.756663 -1.665055 0.991127
Pedestrian -1 -1 -10 611.000000 166.000000 642.000000 251.000000 1.716337 0.539445 0.885578 0.402060 1.405446 14.423781 -2.625056 0.988128
Pedestrian -1 -1 -10 316.000000 165.000000 348.000000 243.000000 1.746881 0.606445 0.953601 -6.327309 1.327251 16.667480 -1.491345 0.973831
Pedestrian -1 -1 -10 693.000000 158.000000 724.000000 251.000000 1.754703 0.539430 0.922726 1.916051 1.261841 13.415273 -2.406260 0.772051
Pedestrian -1 -1 -10 1140.000000 136.000000 1227.000000 309.000000 1.692614 0.631267 0.739072 6.043707 1.209982 7.526012 1.147466 0.737892
Pedestrian -1 -1 -10 958.000000 127.000000 997.000000 228.000000 1.803931 0.595468 0.701218 7.390318 0.817603 14.205219 0.989390 0.579309
Pedestrian -1 -1 -10 803.000000 152.000000 824.000000 225.000000 1.701102 0.644750 0.773412 4.785894 0.981394 16.105374 -1.690303 0.245545
Pedestrian -1 -1 -10 228.000000 160.000000 251.000000 232.000000 1.765699 0.575840 0.890940 -8.564033 1.199169 16.905438 0.177238 0.123815
Pedestrian -1 -1 -10 758.000000 161.000000 804.000000 301.000000 1.693696 0.675547 0.739803 1.769493 1.340243 7.144787 -1.834397 0.088764
Pedestrian -1 -1 -10 765.000000 171.000000 804.000000 235.000000 1.733058 0.673100 0.964615 4.239146 1.322491 16.206773 2.965189 0.028039
Pedestrian -1 -1 -10 762.000000 169.000000 781.000000 247.000000 1.679157 0.597537 0.725316 3.539177 1.748816 15.376971 2.782966 0.026947
Pedestrian -1 -1 -10 1204.000000 127.000000 1229.000000 183.000000 1.706852 0.687550 0.649746 9.915960 0.553826 11.515171 -1.285444 0.025378
Pedestrian -1 -1 -10 621.000000 161.000000 661.000000 244.000000 1.721093 0.558128 0.669126 1.103247 0.913184 14.923309 2.095779 0.011445
Car -1 -1 -10 388.000000 161.000000 539.000000 267.000000 1.682695 1.644878 3.997672 -2.442535 1.356354 13.745530 1.677374 0.998541
Car -1 -1 -10 373.000000 157.000000 469.000000 233.000000 1.919629 1.718464 4.065886 -5.339399 1.190305 20.876760 1.409419 0.662955
Cyclist -1 -1 -10 692.000000 158.000000 725.000000 248.000000 1.776888 0.599458 1.731246 1.842464 1.274830 13.716347 -0.870043 0.712748
Cyclist -1 -1 -10 686.000000 169.000000 708.000000 233.000000 1.640056 0.514905 1.770070 2.312791 1.327280 17.904835 -1.490056 0.030713
Cyclist -1 -1 -10 799.000000 158.000000 820.000000 226.000000 1.752190 0.568138 1.691145 4.641549 1.220018 16.690138 -0.718490 0.019906
Cyclist -1 -1 -10 566.000000 163.000000 600.000000 256.000000 1.779613 0.581407 1.742969 -0.441757 1.444716 14.760295 -1.597678 0.013851
Cyclist -1 -1 -10 647.000000 160.000000 677.000000 245.000000 1.816739 0.507856 1.724913 1.086845 1.340566 14.922481 1.179303 0.010058
