Pedestrian -1 -1 -10 434.000000 167.000000 469.000000 253.000000 1.697541 0.634496 1.059499 -3.119380 1.339677 14.690963 -1.412185 0.983357
Pedestrian -1 -1 -10 696.000000 161.000000 730.000000 246.000000 1.722556 0.705784 0.883160 2.329752 1.317711 15.186582 -1.512806 0.981946
Pedestrian -1 -1 -10 667.000000 160.000000 696.000000 248.000000 1.653288 0.586737 0.798112 1.578219 1.328574 15.035232 -1.523209 0.971601
Pedestrian -1 -1 -10 1056.000000 222.000000 1165.000000 372.000000 1.719458 0.594651 0.629267 1.596385 1.623858 2.346652 -0.440198 0.195484
Pedestrian -1 -1 -10 755.000000 151.000000 772.000000 201.000000 1.797023 0.662671 0.875120 5.693934 0.670264 25.699301 2.815847 0.051991
Pedestrian -1 -1 -10 745.000000 161.000000 756.000000 201.000000 1.748445 0.632753 0.693208 5.916475 0.889796 28.466593 0.168493 0.037230
Pedestrian -1 -1 -10 728.000000 161.000000 745.000000 203.000000 1.766376 0.676119 0.615678 5.361942 1.094449 28.643592 -1.874747 0.022206
Pedestrian -1 -1 -10 684.000000 163.000000 717.000000 241.000000 1.674364 0.701432 0.739027 2.159747 1.254405 15.187030 0.796338 0.021927
Pedestrian -1 -1 -10 528.000000 169.000000 546.000000 209.000000 1.750957 0.663078 0.826745 -2.806043 1.167350 30.815580 1.430347 0.014583
Pedestrian -1 -1 -10 741.000000 164.000000 752.000000 201.000000 1.777628 0.650905 0.796592 5.947116 1.050196 29.225572 2.803686 0.012536
Cyclist -1 -1 -10 588.000000 163.000000 619.000000 215.000000 1.733170 0.559251 1.732474 -0.052321 1.147599 26.226538 1.843054 0.998663
Cyclist -1 -1 -10 561.000000 166.000000 586.000000 208.000000 1.718870 0.565980 1.754267 -1.390461 1.075419 33.286820 1.152760 0.982999
Cyclist -1 -1 -10 526.000000 169.000000 547.000000 208.000000 1.754403 0.606281 1.790188 -2.908493 1.176276 30.920920 1.495557 0.860609
Cyclist -1 -1 -10 696.000000 163.000000 729.000000 245.000000 1.790460 0.640961 1.735470 2.347079 1.371008 15.230699 -1.319766 0.503858
Cyclist -1 -1 -10 430.000000 169.000000 472.000000 246.000000 1.833417 0.619224 1.715758 -3.115475 1.431781 14.717812 -1.354198 0.438577
Cyclist -1 -1 -10 569.000000 166.000000 609.000000 200.000000 1.689027 0.480905 1.330914 -0.293369 0.941228 16.780461 0.953257 0.061249
Cyclist -1 -1 -10 515.000000 172.000000 539.000000 206.000000 1.718104 0.822463 1.754319 -3.279118 1.220659 32.979551 0.916208 0.038104
Cyclist -1 -1 -10 712.000000 165.000000 747.000000 218.000000 1.702193 0.649857 1.663180 3.773073 1.346879 20.597198 -2.928706 0.033189
Cyclist -1 -1 -10 667.000000 160.000000 696.000000 247.000000 1.757915 0.583953 1.765592 1.568563 1.419426 15.054012 -1.752744 0.015051
Cyclist -1 -1 -10 472.000000 172.000000 496.000000 202.000000 1.677954 0.514024 1.434747 -5.585359 0.984780 34.430701 -1.779176 0.014954
Cyclist -1 -1 -10 447.000000 174.000000 491.000000 232.000000 1.677953 0.514024 1.434747 -3.478399 1.726375 19.141590 -1.799433 0.013001
Cyclist -1 -1 -10 996.000000 210.000000 1225.000000 370.000000 1.705894 0.728390 1.641306 2.722506 1.801781 3.865739 -0.356081 0.012775
