Pedestrian -1 -1 -10 702.000000 165.000000 716.000000 209.000000 1.805850 0.613760 0.889799 4.366874 1.546091 32.156279 -1.489698 0.178446
Pedestrian -1 -1 -10 534.000000 172.000000 545.000000 211.000000 1.608555 0.626774 0.651214 -3.546114 1.689470 36.380881 1.474182 0.032766
Pedestrian -1 -1 -10 487.000000 169.000000 499.000000 216.000000 1.725265 0.666345 0.528908 -4.815614 1.690959 27.964870 2.426439 0.021501
Pedestrian -1 -1 -10 484.000000 171.000000 507.000000 231.000000 1.691820 0.793716 0.601582 -3.488729 1.816286 21.901489 1.558842 0.015280
Car -1 -1 -10 145.000000 184.000000 373.000000 317.000000 1.611304 1.612491 3.893804 -4.942844 1.832155 10.802246 1.571101 0.999571
Car -1 -1 -10 752.000000 171.000000 1065.000000 373.000000 1.589263 1.615565 3.676140 2.661954 1.623042 7.334588 -1.568018 0.997046
Car -1 -1 -10 434.000000 184.000000 495.000000 228.000000 1.550562 1.645529 4.005092 -5.226253 1.912838 26.613983 1.513635 0.991235
Car -1 -1 -10 790.000000 177.000000 914.000000 261.000000 1.490812 1.594515 3.915949 6.902772 0.909792 16.136317 -0.249381 0.436592
Car -1 -1 -10 763.000000 177.000000 966.000000 294.000000 1.610175 1.678765 4.162426 4.520116 1.220258 12.187518 0.309262 0.100361
Car -1 -1 -10 862.000000 185.000000 1076.000000 307.000000 1.527396 1.510321 3.137984 5.907052 1.345388 11.028150 2.573653 0.029344
Car -1 -1 -10 508.000000 178.000000 548.000000 207.000000 1.524240 1.504203 3.205061 -5.683032 2.476014 44.533925 1.469698 0.028843
Car -1 -1 -10 428.000000 184.000000 475.000000 214.000000 1.610750 1.532838 3.401909 -6.194908 1.311509 31.229538 1.149308 0.010823
Cyclist -1 -1 -10 480.000000 172.000000 511.000000 238.000000 1.761848 0.633163 1.785253 -3.478679 1.877451 21.801432 1.634439 0.998671
Cyclist -1 -1 -10 507.000000 173.000000 534.000000 233.000000 1.753594 0.584494 1.747079 -2.742364 1.822541 22.412170 1.646252 0.996795
Cyclist -1 -1 -10 436.000000 183.000000 494.000000 229.000000 1.708945 0.590983 1.720707 -5.157559 2.049486 25.624753 2.384043 0.776733
Cyclist -1 -1 -10 509.000000 179.000000 544.000000 210.000000 1.704897 0.519849 1.385318 -1.932317 0.816339 16.216798 0.899142 0.465045
Cyclist -1 -1 -10 465.000000 181.000000 505.000000 229.000000 1.665430 0.561964 1.765941 -3.483675 1.791312 21.976103 1.603702 0.109271
Cyclist -1 -1 -10 518.000000 179.000000 531.000000 214.000000 1.709155 0.509849 1.376267 -1.803776 0.691100 14.574360 0.898482 0.028627
Cyclist -1 -1 -10 534.000000 172.000000 545.000000 210.000000 1.674772 0.538491 1.748241 -3.602741 1.736083 36.365680 1.423334 0.016731
Cyclist -1 -1 -10 486.000000 170.000000 499.000000 217.000000 1.698978 0.593518 1.714502 -3.493016 1.647128 21.996551 1.537769 0.016595
