Car -1 -1 -10 747.000000 189.000000 973.000000 335.000000 1.459518 1.608115 3.536132 2.965698 1.679922 9.224307 -1.631218 0.999048
Car -1 -1 -10 176.000000 172.000000 382.000000 265.000000 1.620056 1.643308 3.803747 -6.579728 1.628682 13.847498 -3.263667 0.995555
Car -1 -1 -10 0.000000 163.000000 274.000000 330.000000 1.625549 1.684286 4.102586 -6.211881 1.593886 8.096074 0.396172 0.991125
Car -1 -1 -10 412.000000 173.000000 506.000000 208.000000 1.619952 1.645802 3.976917 -6.955918 1.627514 32.725068 -3.178316 0.967090
Car -1 -1 -10 793.000000 181.000000 987.000000 270.000000 1.503142 1.578028 3.858165 6.090933 1.855802 16.650820 3.457252 0.905898
Car -1 -1 -10 714.000000 170.000000 841.000000 223.000000 1.775793 1.686553 4.104971 6.097604 1.704520 26.973085 3.211716 0.870249
Car -1 -1 -10 292.000000 170.000000 464.000000 236.000000 1.429989 1.543015 3.777537 -5.599367 1.677629 20.248613 2.803720 0.581711
Car -1 -1 -10 766.000000 176.000000 917.000000 245.000000 1.495439 1.654873 4.172761 6.413993 1.636053 19.325399 0.052465 0.387076
Car -1 -1 -10 444.000000 172.000000 534.000000 203.000000 1.606204 1.601066 3.866944 -6.257059 1.362020 39.351066 0.936825 0.300361
Car -1 -1 -10 366.000000 175.000000 480.000000 219.000000 1.481550 1.541668 3.924472 -7.156094 1.469933 24.963168 -3.124844 0.214562
