Pedestrian -1 -1 -10 674.000000 163.000000 701.000000 235.000000 1.706499 0.655380 0.877469 2.155692 1.269269 17.959111 -1.542011 0.998036
Pedestrian -1 -1 -10 651.000000 165.000000 674.000000 236.000000 1.690942 0.607167 0.848496 1.459117 1.293722 17.801186 -1.607172 0.993049
Pedestrian -1 -1 -10 452.000000 164.000000 481.000000 241.000000 1.688322 0.653585 1.036928 -3.249719 1.240572 17.165611 -1.824288 0.986024
Pedestrian -1 -1 -10 538.000000 170.000000 549.000000 205.000000 1.704918 0.598211 0.747279 -2.709958 1.087085 33.601775 -2.145687 0.246690
Pedestrian -1 -1 -10 560.000000 168.000000 573.000000 202.000000 1.717431 0.629365 0.757152 -1.634395 0.990380 38.263964 0.052990 0.087587
Pedestrian -1 -1 -10 955.000000 188.000000 1015.000000 342.000000 1.694026 0.582401 0.571133 3.711973 1.466517 7.104594 -0.547518 0.078689
Pedestrian -1 -1 -10 556.000000 169.000000 569.000000 199.000000 1.745377 0.611761 0.677841 -2.018267 1.178007 39.356563 -2.174143 0.034529
Pedestrian -1 -1 -10 847.000000 195.000000 1220.000000 369.000000 1.787815 0.731565 0.882105 2.042362 1.735708 3.409369 1.673544 0.029309
Pedestrian -1 -1 -10 724.000000 164.000000 735.000000 203.000000 1.769710 0.638470 0.606258 5.870628 1.095444 32.259760 1.302915 0.027876
Pedestrian -1 -1 -10 1155.000000 223.000000 1235.000000 376.000000 1.706744 0.621739 0.564093 2.868719 1.275922 3.302146 3.295739 0.023547
Pedestrian -1 -1 -10 714.000000 162.000000 744.000000 204.000000 1.757282 0.578138 0.775617 5.341674 0.852291 29.998117 2.690578 0.014484
Car -1 -1 -10 566.000000 167.000000 603.000000 193.000000 1.585137 1.674563 4.015551 -0.960129 0.797603 57.386570 -1.566063 0.062264
Cyclist -1 -1 -10 609.000000 166.000000 633.000000 204.000000 1.702518 0.587961 1.738320 0.822098 1.055977 32.880645 1.913865 0.971825
Cyclist -1 -1 -10 560.000000 168.000000 580.000000 203.000000 1.745206 0.580140 1.746173 -1.446538 1.115575 38.123580 0.918966 0.457757
Cyclist -1 -1 -10 451.000000 166.000000 481.000000 241.000000 1.834813 0.695006 1.771567 -3.274647 1.376617 17.119784 1.472205 0.343660
Cyclist -1 -1 -10 674.000000 165.000000 702.000000 234.000000 1.781887 0.633151 1.733680 2.094127 1.333151 17.968418 -1.330329 0.317987
Cyclist -1 -1 -10 685.000000 165.000000 736.000000 211.000000 1.653867 0.562242 1.629075 3.915492 1.208616 25.223363 3.261344 0.059366
Cyclist -1 -1 -10 563.000000 167.000000 604.000000 193.000000 1.757880 0.626545 1.639071 -1.285422 1.127816 55.935918 -1.602932 0.056768
Cyclist -1 -1 -10 558.000000 168.000000 570.000000 201.000000 1.665451 0.578453 1.690474 -1.763778 1.177760 38.153728 0.925808 0.037751
Cyclist -1 -1 -10 707.000000 164.000000 737.000000 202.000000 1.730250 0.636662 1.655162 5.097004 0.833523 30.675494 1.140298 0.031349
Cyclist -1 -1 -10 682.000000 167.000000 709.000000 218.000000 1.720700 0.508400 1.613970 3.348769 1.440379 24.409632 -1.321908 0.025060
Cyclist -1 -1 -10 459.000000 172.000000 498.000000 225.000000 1.658860 0.582203 1.667466 -3.630844 1.670872 22.282143 -1.199394 0.019990
Cyclist -1 -1 -10 712.000000 161.000000 767.000000 212.000000 1.761746 0.557083 1.721016 5.578609 0.908405 29.613252 -1.764058 0.018900
Cyclist -1 -1 -10 722.000000 164.000000 733.000000 203.000000 1.750740 0.655603 1.478046 5.164602 0.727797 31.421984 1.160115 0.018379
Cyclist -1 -1 -10 691.000000 167.000000 717.000000 204.000000 1.704670 0.677197 1.748517 5.067212 0.987229 35.336808 0.120855 0.015370
Cyclist -1 -1 -10 535.000000 170.000000 550.000000 203.000000 1.759737 0.575309 1.734348 -2.729682 1.115747 33.579477 1.402834 0.012394
