Pedestrian -1 -1 -10 403.000000 179.000000 416.000000 216.000000 1.668020 0.637041 0.855453 -9.183597 2.043863 32.825664 -1.917075 0.862794
Pedestrian -1 -1 -10 418.000000 176.000000 430.000000 213.000000 1.755517 0.638876 0.688121 -8.528029 2.067386 32.898474 -1.841112 0.648727
Pedestrian -1 -1 -10 406.000000 178.000000 422.000000 219.000000 1.733240 0.643468 0.807939 -8.999472 1.897327 32.900952 -1.882603 0.012794
Car -1 -1 -10 628.000000 177.000000 707.000000 239.000000 1.517036 1.605271 3.702365 1.368050 1.679944 20.024692 -1.690036 0.999006
Car -1 -1 -10 406.000000 189.000000 462.000000 233.000000 1.467469 1.585541 3.723924 -6.185444 2.026671 25.637291 -1.702805 0.998437
Car -1 -1 -10 32.000000 194.000000 336.000000 356.000000 1.498540 1.664338 4.164550 -5.232588 1.895318 9.619259 1.520997 0.994169
Car -1 -1 -10 600.000000 178.000000 643.000000 215.000000 1.476379 1.571902 3.497914 0.553140 1.749305 29.952343 -1.668773 0.984177
Car -1 -1 -10 434.000000 180.000000 480.000000 218.000000 1.559144 1.611774 3.897172 -7.227981 2.021827 34.679450 -1.671133 0.940002
Car -1 -1 -10 582.000000 178.000000 612.000000 203.000000 1.493049 1.603029 3.659362 -0.775186 1.899161 45.749027 -1.650566 0.552151
Car -1 -1 -10 0.000000 200.000000 153.000000 370.000000 1.544790 1.637841 3.876975 -4.725362 1.979885 4.568759 -1.642882 0.486545
Car -1 -1 -10 749.000000 193.000000 1023.000000 347.000000 1.470247 1.622367 3.926286 2.910746 1.571060 7.973287 -1.650611 0.038501
Car -1 -1 -10 458.000000 182.000000 497.000000 207.000000 1.557384 1.618360 3.975532 -8.734971 2.134707 48.574959 1.512657 0.021834
