Pedestrian -1 -1 -10 665.000000 172.000000 686.000000 231.000000 1.739264 0.625138 0.767980 2.236618 1.546848 22.363034 1.665194 0.924742
Pedestrian -1 -1 -10 1029.000000 185.000000 1086.000000 320.000000 1.649741 0.686649 0.702591 5.855878 1.686733 9.243590 -1.448460 0.804504
Pedestrian -1 -1 -10 522.000000 170.000000 540.000000 232.000000 1.693710 0.601254 0.872456 -2.095211 1.381026 21.693389 -1.695806 0.640651
Pedestrian -1 -1 -10 689.000000 172.000000 712.000000 232.000000 1.770937 0.707329 1.067085 3.092652 1.508122 22.447514 -1.528155 0.540091
Pedestrian -1 -1 -10 544.000000 176.000000 552.000000 204.000000 1.594131 0.632214 0.691031 -0.820583 0.583821 11.729513 -0.004236 0.129138
Pedestrian -1 -1 -10 487.000000 176.000000 497.000000 208.000000 1.680791 0.514980 0.595006 -5.067344 1.446657 33.534926 2.426069 0.126623
Pedestrian -1 -1 -10 1074.000000 272.000000 1187.000000 369.000000 1.670650 0.611590 0.518467 2.372651 1.573362 3.224987 3.237866 0.123816
Pedestrian -1 -1 -10 979.000000 184.000000 1115.000000 340.000000 1.683280 0.612588 0.624024 2.395881 1.037127 3.359554 3.078639 0.044142
Pedestrian -1 -1 -10 951.000000 192.000000 1215.000000 370.000000 1.751100 0.746890 0.943610 2.584756 1.757990 3.350769 -1.297732 0.022464
Pedestrian -1 -1 -10 995.000000 183.000000 1073.000000 301.000000 1.667211 0.673419 0.735228 5.738145 1.702979 9.400211 -0.646266 0.013427
Pedestrian -1 -1 -10 606.000000 175.000000 616.000000 205.000000 1.777728 0.611877 0.813757 0.545179 1.514434 46.209870 -1.518245 0.010984
Car -1 -1 -10 955.000000 223.000000 1228.000000 366.000000 1.494824 1.597126 3.818757 3.385269 1.490458 3.872071 -1.417656 0.039623
Car -1 -1 -10 1060.000000 263.000000 1215.000000 372.000000 1.515359 1.624080 3.884686 2.636841 1.369079 4.917219 -0.980497 0.013700
Cyclist -1 -1 -10 953.000000 203.000000 1207.000000 363.000000 1.729218 0.736851 1.738887 2.589178 1.554169 3.571990 -2.551131 0.406896
Cyclist -1 -1 -10 1003.000000 178.000000 1095.000000 349.000000 1.700331 0.626967 1.561222 2.325218 1.496065 3.622887 -0.992776 0.159668
Cyclist -1 -1 -10 665.000000 172.000000 687.000000 231.000000 1.796126 0.642291 1.796382 2.240705 1.585526 22.421604 1.719009 0.014509
