Pedestrian -1 -1 -10 0.000000 212.000000 107.000000 384.000000 1.650271 0.619287 0.847535 -4.900043 2.044717 6.270971 -3.365532 0.071867
Car -1 -1 -10 655.000000 183.000000 721.000000 229.000000 1.435220 1.594179 3.784877 2.613327 1.842870 24.977849 -1.675233 0.999047
Car -1 -1 -10 872.000000 178.000000 1129.000000 272.000000 1.490539 1.602089 3.784285 6.607036 1.613086 12.521993 -2.052466 0.996001
Car -1 -1 -10 283.000000 192.000000 456.000000 249.000000 1.497669 1.660151 4.210851 -6.764336 2.079802 20.698040 -3.137536 0.985746
Car -1 -1 -10 157.000000 199.000000 365.000000 280.000000 1.489450 1.591533 3.914158 -7.040924 1.935040 13.827588 -3.139350 0.965704
Car -1 -1 -10 369.000000 187.000000 483.000000 231.000000 1.492297 1.608014 3.915187 -6.742045 2.123087 27.656979 -3.158810 0.931656
Car -1 -1 -10 633.000000 182.000000 677.000000 215.000000 1.461036 1.560093 3.865961 2.069274 1.912167 34.397434 -1.627274 0.910908
Car -1 -1 -10 232.000000 194.000000 400.000000 265.000000 1.471106 1.637139 3.993637 -6.653729 1.908973 14.742919 -3.071390 0.586471
Car -1 -1 -10 426.000000 187.000000 524.000000 217.000000 1.563355 1.612318 4.022714 -5.858574 2.433770 39.186223 -1.776943 0.450341
Car -1 -1 -10 69.000000 180.000000 343.000000 302.000000 1.559205 1.531784 3.421028 -5.544659 1.396814 10.771221 -3.143957 0.273337
Car -1 -1 -10 0.000000 210.000000 112.000000 375.000000 1.450213 1.587163 3.832440 -6.565630 1.884715 6.085799 -3.122761 0.213674
