Car -1 -1 -10 686.000000 209.000000 985.000000 375.000000 1.488080 1.671782 4.001183 2.255730 1.937841 8.164003 -1.753079 0.999330
Car -1 -1 -10 226.000000 214.000000 357.000000 308.000000 1.515868 1.526334 3.596955 -6.117634 2.338526 14.082976 1.362310 0.997169
Car -1 -1 -10 564.000000 190.000000 656.000000 267.000000 1.598044 1.628347 3.770660 -0.318322 2.090907 17.991689 -1.775914 0.996233
Car -1 -1 -10 621.000000 202.000000 777.000000 303.000000 1.475114 1.632336 3.968669 1.258835 2.030423 12.802765 -1.786979 0.995729
Car -1 -1 -10 -1.000000 224.000000 289.000000 374.000000 1.518717 1.628141 3.993351 -4.749964 2.097312 7.509430 1.355244 0.988753
Car -1 -1 -10 521.000000 197.000000 570.000000 237.000000 1.451267 1.600105 3.955336 -2.857052 2.507160 30.412481 -1.772847 0.988401
Car -1 -1 -10 841.000000 209.000000 1244.000000 378.000000 1.449142 1.600689 3.795647 2.817409 1.732976 3.112587 -1.698843 0.970312
Car -1 -1 -10 538.000000 195.000000 605.000000 248.000000 1.489292 1.563246 3.658180 -1.003735 2.083639 25.267211 0.966318 0.884777
Car -1 -1 -10 400.000000 199.000000 433.000000 224.000000 1.545695 1.579972 3.833444 -12.545393 3.299913 46.354051 1.422432 0.823064
Car -1 -1 -10 338.000000 194.000000 412.000000 252.000000 1.708037 1.688651 4.100327 -8.371930 2.498584 25.249903 -1.849335 0.731281
Car -1 -1 -10 513.000000 196.000000 551.000000 228.000000 1.508645 1.594439 3.773146 -3.576215 2.648742 35.667238 -1.773218 0.208649
