Car -1 -1 -10 573.000000 175.000000 613.000000 211.000000 1.560805 1.619239 3.841860 -0.735747 1.132320 34.372464 -1.600794 0.999651
Car -1 -1 -10 333.000000 187.000000 459.000000 263.000000 1.462623 1.580823 3.739973 -4.526927 1.494301 15.672344 -1.581999 0.999250
Car -1 -1 -10 1.000000 199.000000 282.000000 376.000000 1.463951 1.642151 4.006960 -4.570075 1.588629 6.557080 -1.581298 0.992218
Car -1 -1 -10 404.000000 179.000000 482.000000 230.000000 1.519966 1.602662 3.842180 -5.337064 1.380598 23.825140 -1.595372 0.986800
Car -1 -1 -10 289.000000 180.000000 368.000000 229.000000 1.492469 1.598329 3.874209 -8.951931 1.451824 23.760588 -1.605142 0.962636
Car -1 -1 -10 41.000000 190.000000 255.000000 265.000000 1.463563 1.609764 3.921929 -8.567690 1.561439 13.642984 -1.550732 0.725141
Car -1 -1 -10 0.000000 177.000000 105.000000 246.000000 1.517323 1.582104 3.627772 -16.780239 1.099800 22.539148 -2.879058 0.478084
Car -1 -1 -10 395.000000 173.000000 441.000000 206.000000 1.529189 1.578731 3.726133 -8.684515 0.829635 33.778304 -0.276059 0.122155
Car -1 -1 -10 534.000000 166.000000 562.000000 193.000000 1.494050 1.598103 3.738862 -5.613031 1.199794 50.610060 -1.651229 0.042490
Car -1 -1 -10 0.000000 180.000000 150.000000 287.000000 1.532481 1.480370 3.456530 -10.851403 1.402120 15.643939 -1.586340 0.023838
