Car -1 -1 -10 533.000000 184.000000 577.000000 214.000000 1.544186 1.620815 3.822906 -3.078135 2.173221 39.328636 1.631215 0.999134
Car -1 -1 -10 265.000000 194.000000 431.000000 297.000000 1.507459 1.603106 3.942911 -4.481659 1.939155 12.577873 1.575135 0.998841
Car -1 -1 -10 10.000000 202.000000 337.000000 376.000000 1.453457 1.609608 3.889374 -4.621416 1.918670 8.142435 1.584907 0.995735
Car -1 -1 -10 719.000000 187.000000 781.000000 236.000000 1.521980 1.592726 3.685605 4.523760 2.008288 23.207070 -1.504675 0.967262
Car -1 -1 -10 708.000000 183.000000 761.000000 224.000000 1.515815 1.585547 3.644224 4.846247 2.023925 29.006447 -1.585655 0.930062
Car -1 -1 -10 738.000000 175.000000 853.000000 261.000000 1.724905 1.723963 4.293406 4.219606 1.812307 17.084987 -1.551489 0.870531
Car -1 -1 -10 556.000000 183.000000 590.000000 209.000000 1.512305 1.493142 3.237993 -2.821225 2.651673 43.440657 2.056153 0.343073
Car -1 -1 -10 699.000000 183.000000 740.000000 217.000000 1.496471 1.589394 3.784562 5.154095 2.002454 34.365723 -1.492891 0.341940
Car -1 -1 -10 1.000000 180.000000 135.000000 375.000000 1.502263 1.597595 3.822392 -4.719061 1.652789 3.660796 1.548448 0.269163
Car -1 -1 -10 691.000000 182.000000 726.000000 209.000000 1.530003 1.584087 3.699371 6.081854 2.256209 38.255521 1.082354 0.153311
