Pedestrian -1 -1 -10 757.000000 158.000000 801.000000 272.000000 1.633034 0.659826 0.821941 2.565733 1.326590 10.743128 -1.809818 0.990625
Pedestrian -1 -1 -10 512.000000 157.000000 521.000000 185.000000 1.804933 0.628708 0.807361 -5.778285 0.159470 49.070366 -1.679614 0.070328
Pedestrian -1 -1 -10 499.000000 156.000000 508.000000 187.000000 1.789492 0.647420 0.835059 -6.411981 0.185236 47.358209 1.786354 0.067817
Pedestrian -1 -1 -10 471.000000 157.000000 482.000000 192.000000 1.757487 0.607696 0.790857 -6.978806 0.573456 40.462507 1.371908 0.048773
Pedestrian -1 -1 -10 1098.000000 160.000000 1120.000000 220.000000 1.726732 0.601367 0.695337 10.714935 0.992900 15.173229 2.608174 0.032032
Pedestrian -1 -1 -10 821.000000 149.000000 838.000000 225.000000 1.823971 0.596421 0.475312 5.339406 0.904787 16.646471 -1.200411 0.025628
Pedestrian -1 -1 -10 748.000000 166.000000 780.000000 272.000000 1.643019 0.573519 0.831819 2.470716 1.457578 10.696576 0.222167 0.018245
Pedestrian -1 -1 -10 859.000000 142.000000 886.000000 245.000000 1.699025 0.603203 0.552169 3.936874 1.759431 10.072956 2.971646 0.016702
Pedestrian -1 -1 -10 782.000000 153.000000 795.000000 202.000000 1.711588 0.597958 0.614981 3.969631 1.137787 14.775360 2.858360 0.013212
Pedestrian -1 -1 -10 603.000000 155.000000 631.000000 220.000000 1.681491 0.668075 0.767852 0.307891 1.233215 15.178011 -1.197963 0.010946
Car -1 -1 -10 1109.000000 151.000000 1241.000000 233.000000 1.518510 1.580805 3.665876 11.181664 0.858590 13.693834 2.884732 0.223909
Car -1 -1 -10 1196.000000 193.000000 1237.000000 360.000000 1.490002 1.550893 3.486563 5.371888 1.507768 6.401866 -0.825755 0.017893
Car -1 -1 -10 1170.000000 168.000000 1238.000000 249.000000 1.462402 1.595997 3.984801 10.094014 1.058747 9.497900 1.591774 0.013217
Cyclist -1 -1 -10 365.000000 161.000000 420.000000 264.000000 1.713271 0.584886 1.772053 -3.857813 1.335423 13.161453 1.574244 0.999598
Cyclist -1 -1 -10 444.000000 161.000000 482.000000 245.000000 1.746836 0.571391 1.760353 -3.121872 1.358951 15.980548 1.583890 0.999381
Cyclist -1 -1 -10 389.000000 165.000000 415.000000 235.000000 1.667776 0.479228 1.538669 -3.439053 1.648867 13.830467 0.787638 0.012202
