Pedestrian -1 -1 -10 331.000000 160.000000 374.000000 272.000000 1.801652 0.633513 0.917657 -4.355200 1.425577 12.235521 0.716667 0.989236
Pedestrian -1 -1 -10 354.000000 161.000000 395.000000 264.000000 1.745600 0.680509 0.857297 -4.197473 1.422929 12.473282 0.750959 0.982870
Pedestrian -1 -1 -10 476.000000 168.000000 483.000000 194.000000 1.792550 0.620898 0.862764 -9.252528 0.991908 51.922290 1.812799 0.227955
Pedestrian -1 -1 -10 352.000000 164.000000 377.000000 248.000000 1.715857 0.526624 0.726391 -4.242635 1.255612 12.569373 0.762419 0.022710
Pedestrian -1 -1 -10 336.000000 164.000000 360.000000 204.000000 1.715576 0.587466 0.655274 -12.491345 0.994340 32.938416 0.808569 0.015410
Pedestrian -1 -1 -10 349.000000 167.000000 382.000000 205.000000 1.758842 0.661467 0.632436 -8.130796 1.346814 24.047783 -1.497086 0.015161
Pedestrian -1 -1 -10 332.000000 164.000000 352.000000 226.000000 1.700720 0.560541 0.674906 -12.265042 0.850033 32.827647 0.736615 0.011828
Car -1 -1 -10 529.000000 160.000000 574.000000 210.000000 1.777610 1.673059 3.825221 -2.445055 1.094393 30.496800 -1.742416 0.882304
Cyclist -1 -1 -10 329.000000 161.000000 374.000000 271.000000 1.843816 0.572675 1.711480 -4.407817 1.505558 12.464396 -1.408483 0.014642
Cyclist -1 -1 -10 354.000000 162.000000 396.000000 264.000000 1.800660 0.629856 1.748975 -4.281055 1.478962 12.552619 1.391009 0.013277
