Car -1 -1 -10 578.000000 179.000000 612.000000 209.000000 1.526267 1.554253 3.488627 -0.754730 1.358645 39.871502 -1.594183 0.999534
Car -1 -1 -10 450.000000 184.000000 509.000000 227.000000 1.486546 1.564704 3.665473 -4.562244 1.476407 25.934087 -1.579076 0.997769
Car -1 -1 -10 308.000000 192.000000 461.000000 271.000000 1.459001 1.629540 4.050605 -4.231441 1.577367 14.576136 -1.573444 0.997306
Car -1 -1 -10 108.000000 177.000000 292.000000 268.000000 1.625290 1.665144 4.103643 -8.549245 1.636696 15.990617 -1.591760 0.927562
Car -1 -1 -10 306.000000 189.000000 379.000000 228.000000 1.464332 1.599427 3.824508 -8.474358 1.590949 23.794989 -1.497557 0.714957
Car -1 -1 -10 85.000000 188.000000 202.000000 245.000000 1.485719 1.606951 3.839709 -12.854078 1.696914 21.139819 -1.617695 0.608867
Car -1 -1 -10 484.000000 183.000000 524.000000 214.000000 1.515346 1.631218 3.776157 -4.957660 1.412388 35.927834 -1.599100 0.485486
Car -1 -1 -10 397.000000 181.000000 447.000000 213.000000 1.556049 1.600169 4.016534 -9.118315 1.256230 34.603977 -1.790012 0.279317
Car -1 -1 -10 507.000000 182.000000 543.000000 207.000000 1.601293 1.646863 3.879265 -5.084202 1.232385 45.058384 1.464431 0.268452
Car -1 -1 -10 0.000000 200.000000 141.000000 300.000000 1.565657 1.611549 3.732115 -15.392994 1.842516 21.141338 -1.640345 0.061968
