Car -1 -1 -10 254.000000 181.000000 431.000000 297.000000 1.623539 1.623706 3.989479 -4.424109 1.860035 12.279873 1.577960 0.998500
Car -1 -1 -10 438.000000 183.000000 516.000000 238.000000 1.465972 1.574690 3.881246 -4.022543 1.866549 21.770594 1.603284 0.998432
Car -1 -1 -10 1.000000 184.000000 321.000000 375.000000 1.574618 1.612786 3.826652 -4.591189 1.797606 7.276382 1.600072 0.997560
Car -1 -1 -10 381.000000 188.000000 477.000000 259.000000 1.481833 1.564020 3.819617 -4.273424 1.870500 17.307863 1.611311 0.995797
Car -1 -1 -10 710.000000 171.000000 779.000000 225.000000 1.734906 1.705018 4.146609 4.724824 1.747410 25.940933 -1.528648 0.995686
Car -1 -1 -10 85.000000 173.000000 227.000000 232.000000 1.519710 1.605192 3.903798 -17.387619 2.149272 26.966133 -1.547156 0.931187
Car -1 -1 -10 701.000000 175.000000 739.000000 208.000000 1.598021 1.623821 3.911147 5.816236 1.787876 38.287234 -1.571031 0.428148
Car -1 -1 -10 696.000000 174.000000 724.000000 200.000000 1.485262 1.585846 3.646102 6.106415 1.633672 42.975085 -1.414072 0.218041
Cyclist -1 -1 -10 83.000000 171.000000 225.000000 236.000000 1.649420 0.651385 1.617183 -12.529374 2.123519 19.578633 0.520727 0.092851
Cyclist -1 -1 -10 88.000000 179.000000 126.000000 251.000000 1.707761 0.672843 1.703738 -12.300194 1.602378 17.786320 -3.156456 0.019012
