Car -1 -1 -10 397.000000 194.000000 521.000000 262.000000 1.410029 1.619759 3.885895 -3.614683 1.898288 16.464676 -2.130322 0.999444
Car -1 -1 -10 288.000000 187.000000 347.000000 225.000000 1.487527 1.616405 3.772459 -12.077458 2.022400 29.163551 -2.114232 0.998712
Car -1 -1 -10 72.000000 188.000000 123.000000 221.000000 1.574460 1.637918 3.933597 -27.267412 2.437655 38.109602 0.959925 0.998568
Car -1 -1 -10 901.000000 170.000000 1032.000000 236.000000 1.473207 1.659561 4.028832 7.836786 1.357731 16.171014 1.823488 0.996909
Car -1 -1 -10 271.000000 186.000000 324.000000 220.000000 1.520219 1.574829 3.631761 -14.895174 1.983950 33.891341 -2.115442 0.954742
Car -1 -1 -10 786.000000 170.000000 888.000000 230.000000 1.458686 1.588589 3.662502 5.784103 1.351430 17.798599 1.786211 0.872494
Car -1 -1 -10 462.000000 172.000000 560.000000 212.000000 1.562791 1.622591 3.977202 -4.479478 1.583927 32.644889 -3.094181 0.819692
Car -1 -1 -10 534.000000 156.000000 834.000000 332.000000 2.000296 1.747764 4.188996 0.612517 1.853026 9.898153 -2.124934 0.275970
Car -1 -1 -10 414.000000 178.000000 496.000000 212.000000 1.569378 1.653697 3.997707 -7.984549 1.764898 37.676498 -3.208450 0.260026
Car -1 -1 -10 982.000000 161.000000 1188.000000 229.000000 1.567604 1.591847 4.011141 11.763488 1.578446 17.076292 1.533450 0.170310
Car -1 -1 -10 854.000000 170.000000 935.000000 219.000000 1.664567 1.680872 3.974570 11.030029 1.390515 27.357476 0.896806 0.089446
Car -1 -1 -10 -1.000000 191.000000 42.000000 303.000000 1.486116 1.552927 3.720015 -11.245504 2.106736 12.650329 0.942965 0.022166
Car -1 -1 -10 685.000000 169.000000 874.000000 239.000000 1.492592 1.563118 3.761614 6.028499 1.323090 17.821170 1.868349 0.013017
