Pedestrian -1 -1 -10 543.000000 167.000000 553.000000 201.000000 1.675380 0.574730 0.625172 -3.626236 2.188536 42.111939 2.425469 0.575952
Pedestrian -1 -1 -10 694.000000 163.000000 706.000000 201.000000 1.701791 0.645551 0.773012 4.419508 1.242516 35.188421 -1.762257 0.359285
Pedestrian -1 -1 -10 532.000000 169.000000 547.000000 214.000000 1.669143 0.628200 0.602379 -2.814628 1.629472 28.628038 1.504314 0.261436
Pedestrian -1 -1 -10 539.000000 170.000000 550.000000 204.000000 1.793011 0.576121 0.545854 -3.807776 1.599757 41.735001 -1.650212 0.024653
Pedestrian -1 -1 -10 500.000000 168.000000 508.000000 204.000000 1.706641 0.660821 0.623845 -4.853579 1.612362 32.091497 -1.241196 0.011359
Car -1 -1 -10 708.000000 169.000000 871.000000 293.000000 1.557825 1.613331 3.555448 2.507939 1.553126 11.022384 -1.638620 0.999726
Car -1 -1 -10 281.000000 181.000000 427.000000 273.000000 1.606155 1.610706 3.869349 -4.992287 1.774388 14.641920 1.556613 0.999231
Car -1 -1 -10 454.000000 180.000000 509.000000 218.000000 1.599191 1.653441 4.079336 -5.389120 1.862088 30.813735 1.588358 0.997111
Car -1 -1 -10 447.000000 180.000000 492.000000 207.000000 1.391590 1.523484 3.158704 -4.356099 1.701602 23.458507 0.601791 0.019316
Car -1 -1 -10 476.000000 171.000000 511.000000 207.000000 1.549046 1.588091 3.721963 -5.735958 1.650870 32.143813 -2.896110 0.011566
Cyclist -1 -1 -10 531.000000 167.000000 548.000000 218.000000 1.741024 0.578827 1.793760 -2.900855 1.712357 28.568780 1.503023 0.998277
Cyclist -1 -1 -10 511.000000 171.000000 532.000000 220.000000 1.752503 0.603827 1.797481 -3.437627 1.768684 27.991328 1.643603 0.998022
Cyclist -1 -1 -10 540.000000 167.000000 554.000000 201.000000 1.822967 0.515611 1.721495 -3.698812 1.506808 42.647084 1.472557 0.134179
Cyclist -1 -1 -10 515.000000 174.000000 544.000000 205.000000 1.725688 0.515302 1.389857 -1.484548 0.620754 12.982399 0.906955 0.052382
Cyclist -1 -1 -10 512.000000 173.000000 526.000000 206.000000 1.664367 0.524819 1.718864 -3.472776 1.527320 28.049405 1.599726 0.019554
