Car -1 -1 -10 459.000000 179.000000 516.000000 221.000000 1.495791 1.531168 3.540437 -4.612416 1.793787 27.663557 1.604165 0.999539
Car -1 -1 -10 828.000000 190.000000 1240.000000 375.000000 1.475891 1.646186 4.150495 3.568561 1.686375 6.804825 -1.577713 0.999085
Car -1 -1 -10 193.000000 192.000000 400.000000 301.000000 1.473056 1.635287 4.126029 -4.892335 1.803621 11.749464 1.552896 0.998950
Car -1 -1 -10 750.000000 182.000000 931.000000 293.000000 1.541869 1.645250 3.826665 3.432434 1.707915 11.865363 -1.577864 0.995668
Car -1 -1 -10 490.000000 178.000000 537.000000 213.000000 1.524630 1.556782 3.798914 -4.331609 1.764589 32.393246 1.620464 0.993247
Car -1 -1 -10 -3.000000 194.000000 269.000000 378.000000 1.496592 1.605853 3.958754 -4.766156 1.824291 6.334585 1.611229 0.992583
Car -1 -1 -10 695.000000 178.000000 766.000000 230.000000 1.496895 1.647571 4.038774 3.778353 1.785373 22.922287 -1.602972 0.991373
Car -1 -1 -10 721.000000 179.000000 824.000000 252.000000 1.512447 1.628819 3.836738 3.701377 1.704620 17.423532 -1.539887 0.984371
Car -1 -1 -10 1020.000000 174.000000 1218.000000 237.000000 1.558074 1.666499 3.946007 13.268898 1.413454 18.709151 -1.617581 0.279242
Car -1 -1 -10 981.000000 174.000000 1092.000000 215.000000 1.462698 1.565756 3.847437 12.027221 1.254767 22.023998 2.981410 0.136753
