Car -1 -1 -10 571.000000 179.000000 606.000000 210.000000 1.544323 1.630851 3.775595 -1.039569 1.291066 39.928150 -1.590780 0.999631
Car -1 -1 -10 272.000000 185.000000 365.000000 237.000000 1.483986 1.581072 3.639953 -8.831225 1.552458 22.208680 -1.589864 0.998882
Car -1 -1 -10 371.000000 189.000000 472.000000 244.000000 1.448919 1.616691 4.035650 -4.965107 1.506994 19.890910 -1.602985 0.998769
Car -1 -1 -10 4.000000 207.000000 317.000000 371.000000 1.486846 1.616854 3.882511 -3.420301 1.604060 4.494688 -1.572756 0.985266
Car -1 -1 -10 124.000000 184.000000 302.000000 271.000000 1.489405 1.600471 3.774403 -7.854938 1.529325 14.853528 -1.586704 0.979583
Car -1 -1 -10 388.000000 183.000000 439.000000 210.000000 1.554943 1.594349 3.751199 -8.769017 1.280050 32.117379 -1.753860 0.134026
Car -1 -1 -10 359.000000 179.000000 404.000000 207.000000 1.596927 1.611282 3.815809 -13.520638 1.627474 42.786887 -1.477281 0.068803
Car -1 -1 -10 424.000000 183.000000 471.000000 212.000000 1.491466 1.546620 3.609083 -11.965658 2.367300 58.747945 0.735156 0.061633
Car -1 -1 -10 280.000000 182.000000 348.000000 216.000000 1.524240 1.504203 3.205061 -16.193080 1.681681 36.198658 1.195357 0.051116
Car -1 -1 -10 382.000000 183.000000 457.000000 224.000000 1.556105 1.598502 3.755535 -8.764699 1.299229 32.142733 -1.762661 0.023460
Car -1 -1 -10 8.000000 201.000000 250.000000 294.000000 1.544860 1.565453 3.414510 -13.137160 1.879205 18.064379 -1.600613 0.017895
Car -1 -1 -10 1.000000 61.000000 232.000000 366.000000 1.727992 1.644593 3.962768 -3.482810 1.255064 3.474754 1.566491 0.013199
Car -1 -1 -10 507.000000 182.000000 544.000000 208.000000 1.543230 1.617646 3.759579 -5.462229 1.323310 44.373546 -1.576736 0.010511
Cyclist -1 -1 -10 -4.000000 0.000000 190.000000 242.000000 1.744947 0.783118 1.825045 -12.381842 1.831385 17.627282 2.496974 0.093695
Cyclist -1 -1 -10 1.000000 204.000000 308.000000 370.000000 1.667484 0.622401 1.804682 -2.974895 1.622297 4.383235 -1.545996 0.017655
