Pedestrian -1 -1 -10 539.000000 171.000000 550.000000 204.000000 1.686547 0.597128 0.736517 -3.560014 1.659951 39.517470 -1.678667 0.389467
Pedestrian -1 -1 -10 697.000000 161.000000 711.000000 205.000000 1.806065 0.661491 0.934012 4.353114 1.383196 33.638031 -1.501076 0.107926
Pedestrian -1 -1 -10 523.000000 171.000000 542.000000 221.000000 1.729544 0.705191 0.758376 -2.782727 1.727366 25.486890 1.579205 0.018050
Car -1 -1 -10 721.000000 168.000000 942.000000 325.000000 1.598733 1.653133 3.808716 2.611547 1.639729 9.263548 -1.600510 0.999206
Car -1 -1 -10 226.000000 184.000000 403.000000 292.000000 1.610238 1.613477 3.895715 -4.978916 1.819964 12.735883 1.558859 0.998994
Car -1 -1 -10 446.000000 182.000000 506.000000 222.000000 1.528471 1.586445 3.667137 -5.243263 1.884596 28.342179 1.570379 0.994258
Car -1 -1 -10 744.000000 173.000000 839.000000 234.000000 1.521291 1.520493 3.537477 7.733222 1.525837 30.689832 1.825394 0.022409
Cyclist -1 -1 -10 522.000000 170.000000 542.000000 225.000000 1.764255 0.642037 1.768828 -2.771399 1.743291 25.401013 1.643706 0.999480
Cyclist -1 -1 -10 498.000000 173.000000 522.000000 228.000000 1.715727 0.564146 1.780549 -3.467200 1.777481 24.880960 1.668900 0.996474
Cyclist -1 -1 -10 538.000000 171.000000 551.000000 204.000000 1.702456 0.532342 1.698978 -3.570372 1.667635 39.546296 1.596010 0.480327
Cyclist -1 -1 -10 444.000000 181.000000 506.000000 224.000000 1.698777 0.653226 1.700549 -5.053552 2.051253 27.535055 2.459400 0.336770
Cyclist -1 -1 -10 486.000000 180.000000 516.000000 216.000000 1.609157 0.527451 1.675203 -3.546332 1.718443 25.075745 1.925204 0.037135
Cyclist -1 -1 -10 514.000000 176.000000 523.000000 202.000000 1.686022 0.562744 1.542566 -5.722568 2.284536 45.821327 -1.693123 0.010813
