Pedestrian -1 -1 -10 1021.000000 135.000000 1149.000000 368.000000 1.680028 0.614825 0.712332 3.163392 1.427078 4.696537 1.649912 0.997366
Pedestrian -1 -1 -10 832.000000 146.000000 892.000000 292.000000 1.721976 0.591650 0.756910 3.189860 1.228775 8.749252 1.418102 0.995897
Pedestrian -1 -1 -10 515.000000 149.000000 538.000000 215.000000 1.693674 0.626127 0.594058 -2.010956 0.911616 17.457380 1.308351 0.993782
Pedestrian -1 -1 -10 490.000000 149.000000 512.000000 216.000000 1.637664 0.548935 0.628050 -2.577805 0.852508 17.016673 0.360287 0.986958
Pedestrian -1 -1 -10 650.000000 141.000000 671.000000 204.000000 1.812367 0.670478 0.696141 1.521570 0.644604 20.868902 -2.001082 0.862418
Pedestrian -1 -1 -10 489.000000 140.000000 505.000000 192.000000 1.727009 0.659961 0.672471 -5.019130 0.105364 32.062926 -1.287910 0.629430
Pedestrian -1 -1 -10 436.000000 143.000000 468.000000 213.000000 1.756821 0.703671 0.837605 -3.834780 0.757510 17.424866 -1.408696 0.520194
Pedestrian -1 -1 -10 644.000000 145.000000 661.000000 196.000000 1.698571 0.673955 0.680580 1.605929 0.514487 24.887672 -1.516611 0.363996
Pedestrian -1 -1 -10 621.000000 146.000000 637.000000 188.000000 1.678538 0.699103 0.751717 0.828680 0.401862 25.268522 -1.528049 0.267587
Pedestrian -1 -1 -10 246.000000 136.000000 283.000000 219.000000 1.662722 0.584128 0.578767 -6.696940 1.072382 13.989287 2.605008 0.212079
Pedestrian -1 -1 -10 272.000000 135.000000 324.000000 248.000000 1.760024 0.673644 0.865682 -5.019924 1.032296 11.655320 -1.978755 0.186340
Pedestrian -1 -1 -10 428.000000 140.000000 452.000000 212.000000 1.837433 0.711485 0.862376 -4.526357 0.950157 18.443879 -2.200414 0.081490
Pedestrian -1 -1 -10 416.000000 142.000000 441.000000 206.000000 1.704442 0.631762 0.632966 -4.659019 0.379832 18.325673 -1.278636 0.050016
Pedestrian -1 -1 -10 495.000000 143.000000 512.000000 189.000000 1.794064 0.621657 0.695759 -4.794940 0.248872 31.994305 -1.722801 0.044191
Pedestrian -1 -1 -10 551.000000 144.000000 565.000000 184.000000 1.695203 0.613381 0.578911 -1.999348 0.253016 30.284300 -1.118434 0.034723
Pedestrian -1 -1 -10 410.000000 143.000000 461.000000 218.000000 1.783774 0.622899 0.871129 -4.662639 0.701009 18.491837 0.196578 0.028668
Cyclist -1 -1 -10 268.000000 139.000000 330.000000 245.000000 1.758438 0.520400 1.704756 -5.139853 1.027885 11.773306 -1.464309 0.890014
Cyclist -1 -1 -10 428.000000 143.000000 469.000000 220.000000 1.764980 0.648520 1.725767 -4.027303 0.833235 17.951174 0.895055 0.762459
Cyclist -1 -1 -10 377.000000 143.000000 471.000000 222.000000 1.733430 0.603249 1.779312 -4.618064 0.625225 18.213719 0.753717 0.528729
Cyclist -1 -1 -10 489.000000 144.000000 511.000000 196.000000 1.690203 0.502329 1.521348 -2.428266 1.180170 17.317450 -2.326926 0.527571
Cyclist -1 -1 -10 409.000000 141.000000 455.000000 216.000000 1.751581 0.600403 1.790688 -4.607575 0.653250 18.562852 1.760442 0.463695
Cyclist -1 -1 -10 290.000000 148.000000 346.000000 224.000000 1.626339 0.476608 1.571387 -6.355034 1.342872 15.742217 -2.025763 0.334751
Cyclist -1 -1 -10 305.000000 150.000000 367.000000 207.000000 1.739795 0.529484 1.388401 -3.039282 0.279050 7.691313 -2.514907 0.331737
Cyclist -1 -1 -10 329.000000 146.000000 365.000000 197.000000 1.659717 0.494539 1.544653 -10.695161 0.609021 30.075683 0.705759 0.211979
Cyclist -1 -1 -10 343.000000 146.000000 382.000000 199.000000 1.704162 0.536141 1.586179 -5.678944 1.323309 16.834873 -2.489096 0.192665
Cyclist -1 -1 -10 389.000000 146.000000 437.000000 204.000000 1.749300 0.580458 1.643473 -5.774702 0.552269 21.000735 -1.240870 0.186486
Cyclist -1 -1 -10 651.000000 141.000000 671.000000 204.000000 1.834103 0.603460 1.766420 1.403584 0.659674 20.969173 1.183502 0.163003
Cyclist -1 -1 -10 423.000000 142.000000 448.000000 204.000000 1.702813 0.638666 1.733574 -4.515640 0.507668 18.955196 -1.812086 0.151737
Cyclist -1 -1 -10 242.000000 137.000000 307.000000 232.000000 1.689862 0.520615 1.709765 -5.732535 0.930182 11.997451 0.727576 0.129107
Cyclist -1 -1 -10 358.000000 148.000000 423.000000 206.000000 1.694499 0.486390 1.538238 -4.833544 1.391426 17.248679 -1.210741 0.115554
Cyclist -1 -1 -10 515.000000 149.000000 538.000000 212.000000 1.718311 0.598275 1.689195 -1.997861 0.929363 17.457275 1.026045 0.100130
Cyclist -1 -1 -10 246.000000 137.000000 281.000000 210.000000 1.757593 0.581801 1.633063 -8.545041 1.041419 17.510735 -3.033620 0.076914
