Pedestrian -1 -1 -10 607.000000 182.000000 615.000000 215.000000 1.722616 0.644665 0.745715 0.022826 2.275892 47.160070 -1.728574 0.024608
Car -1 -1 -10 687.000000 193.000000 880.000000 319.000000 1.599509 1.590625 3.549782 2.400500 1.860331 10.836208 -1.763989 0.999453
Car -1 -1 -10 575.000000 192.000000 641.000000 237.000000 1.512216 1.607587 3.698687 -0.011465 2.200643 25.554135 -1.808211 0.998694
Car -1 -1 -10 633.000000 187.000000 704.000000 216.000000 1.553062 1.597877 3.853321 3.112351 2.316394 37.435113 -0.726647 0.955763
Car -1 -1 -10 522.000000 186.000000 588.000000 215.000000 1.495124 1.551398 3.753423 -3.066176 2.419379 40.733057 2.416874 0.927279
Car -1 -1 -10 681.000000 185.000000 772.000000 213.000000 1.528664 1.617109 4.012225 6.467019 2.167863 40.499544 -0.768564 0.424980
Car -1 -1 -10 736.000000 184.000000 827.000000 216.000000 1.472160 1.606094 3.928238 10.313022 2.231251 43.884416 -0.727859 0.188417
Car -1 -1 -10 611.000000 187.000000 676.000000 214.000000 1.392248 1.536116 3.422754 1.065444 1.094142 21.310012 0.765233 0.073037
Car -1 -1 -10 743.000000 188.000000 836.000000 240.000000 1.491477 1.581057 3.828631 9.716657 2.766260 42.367973 0.829469 0.013110
Cyclist -1 -1 -10 290.000000 186.000000 383.000000 339.000000 1.703351 0.626954 1.797414 -3.418876 1.863361 8.889238 1.512128 0.999635
Cyclist -1 -1 -10 746.000000 183.000000 840.000000 231.000000 1.678659 0.601273 1.676540 9.547211 2.668299 42.442964 -0.768806 0.116572
