Car -1 -1 -10 317.000000 180.000000 457.000000 272.000000 1.556656 1.611288 3.821786 -4.275563 1.512928 14.410898 -1.557623 0.999318
Car -1 -1 -10 579.000000 172.000000 654.000000 244.000000 1.557800 1.655694 3.567086 0.156141 1.340394 17.950257 -1.585147 0.999232
Car -1 -1 -10 137.000000 186.000000 300.000000 264.000000 1.490190 1.611685 3.940294 -8.419002 1.573789 16.021829 -1.569977 0.999151
Car -1 -1 -10 447.000000 183.000000 506.000000 224.000000 1.450291 1.568004 3.681608 -4.726814 1.365838 26.227810 -1.597232 0.997665
Car -1 -1 -10 487.000000 180.000000 535.000000 212.000000 1.604717 1.629103 4.103213 -4.503269 1.251688 34.440226 -1.579178 0.996437
Car -1 -1 -10 -1.000000 187.000000 223.000000 375.000000 1.519668 1.640796 3.829579 -3.718146 1.731618 3.493560 -1.625465 0.832938
Car -1 -1 -10 260.000000 182.000000 338.000000 220.000000 1.562730 1.570317 3.626899 -12.908199 1.479584 30.050447 -1.530060 0.610718
Car -1 -1 -10 3.000000 183.000000 63.000000 212.000000 1.555451 1.611069 3.840692 -29.078289 1.600508 34.697884 0.512077 0.116831
Car -1 -1 -10 593.000000 169.000000 646.000000 216.000000 1.544014 1.519536 3.200019 0.474538 1.385452 20.908983 1.607053 0.038734
Car -1 -1 -10 612.000000 177.000000 653.000000 205.000000 1.545012 1.503017 3.171900 0.904858 1.333848 20.421454 1.585793 0.014596
