Pedestrian -1 -1 -10 719.000000 185.000000 732.000000 222.000000 1.746559 0.647608 0.702473 4.778691 2.269905 29.506652 -1.297959 0.875913
Pedestrian -1 -1 -10 708.000000 173.000000 727.000000 222.000000 1.608200 0.578724 0.627132 2.846746 1.794390 17.514594 2.299690 0.106898
Pedestrian -1 -1 -10 715.000000 187.000000 741.000000 228.000000 1.746729 0.614062 0.680370 4.807086 2.218216 29.498674 -1.386673 0.088226
Pedestrian -1 -1 -10 706.000000 175.000000 714.000000 217.000000 1.746906 0.551557 0.648525 5.351944 1.925612 37.766309 2.671731 0.073192
Pedestrian -1 -1 -10 725.000000 189.000000 746.000000 224.000000 1.747454 0.685677 0.817830 5.022681 2.201221 29.418829 0.739957 0.048108
Pedestrian -1 -1 -10 717.000000 183.000000 727.000000 220.000000 1.721178 0.555921 0.506427 4.603159 2.064505 29.537258 -1.268849 0.038076
Pedestrian -1 -1 -10 735.000000 191.000000 747.000000 224.000000 1.757400 0.651271 0.774807 5.449334 2.227192 29.915164 -1.239304 0.017106
Car -1 -1 -10 699.000000 192.000000 833.000000 285.000000 1.469905 1.613629 3.786304 2.696754 1.797185 13.140158 -1.560774 0.999519
Car -1 -1 -10 524.000000 184.000000 573.000000 222.000000 1.568316 1.664946 4.195060 -2.567337 1.937607 30.421265 1.558138 0.999183
Car -1 -1 -10 657.000000 184.000000 714.000000 231.000000 1.497539 1.652248 3.973459 2.574180 1.926176 25.971867 1.555834 0.997587
Car -1 -1 -10 561.000000 184.000000 587.000000 209.000000 1.626233 1.587812 3.748589 -2.433115 2.319797 45.694756 1.486126 0.975265
Car -1 -1 -10 0.000000 207.000000 398.000000 375.000000 1.530483 1.601715 3.845905 -2.619413 1.730132 3.895728 1.555224 0.967939
Car -1 -1 -10 644.000000 181.000000 674.000000 209.000000 1.547592 1.604918 3.619716 3.094582 2.140887 45.371575 0.066552 0.141015
Car -1 -1 -10 544.000000 184.000000 580.000000 214.000000 1.596609 1.578594 3.712062 -2.537141 2.354603 45.707391 1.540420 0.015205
Cyclist -1 -1 -10 718.000000 186.000000 737.000000 226.000000 1.746005 0.660635 1.685136 4.736192 2.073782 29.773517 -2.402439 0.029634
Cyclist -1 -1 -10 731.000000 192.000000 743.000000 224.000000 1.686328 0.593904 1.511788 5.392786 2.005372 30.728788 0.665615 0.021536
Cyclist -1 -1 -10 727.000000 189.000000 751.000000 225.000000 1.603657 0.696223 1.747573 5.528562 1.986377 28.705005 -1.942890 0.010781
