Car -1 -1 -10 238.000000 186.000000 446.000000 312.000000 1.465703 1.595094 3.794832 -3.707529 1.561698 10.547501 -1.553231 0.999674
Car -1 -1 -10 699.000000 189.000000 807.000000 265.000000 1.447149 1.578916 3.742648 2.936497 1.477616 15.315910 -1.589900 0.999537
Car -1 -1 -10 650.000000 182.000000 703.000000 221.000000 1.466912 1.643154 3.933416 2.732308 1.401818 30.041412 -1.578688 0.999250
Car -1 -1 -10 434.000000 182.000000 514.000000 240.000000 1.588090 1.596190 3.641047 -3.801444 1.493026 20.846013 -1.575348 0.998883
Car -1 -1 -10 3.000000 176.000000 188.000000 310.000000 1.574598 1.626864 3.871564 -8.133972 1.578665 10.292597 -1.561614 0.974715
Car -1 -1 -10 480.000000 184.000000 534.000000 223.000000 1.525775 1.619998 4.021467 -4.100870 1.399400 29.288752 -1.579962 0.936026
Car -1 -1 -10 384.000000 183.000000 441.000000 220.000000 1.495025 1.601599 3.782499 -8.351069 1.418328 30.686176 -1.556446 0.608622
Car -1 -1 -10 -2.000000 142.000000 110.000000 249.000000 1.502606 1.580258 3.654261 -8.196905 1.550080 8.828012 -1.521801 0.360932
Car -1 -1 -10 502.000000 182.000000 539.000000 212.000000 1.519989 1.588964 3.758435 -5.087007 1.317131 39.485093 -1.673465 0.111112
Car -1 -1 -10 432.000000 182.000000 478.000000 217.000000 1.488693 1.589141 3.808955 -8.423331 1.497228 40.100100 -0.873423 0.070321
Car -1 -1 -10 273.000000 187.000000 359.000000 219.000000 1.395386 1.529188 3.293112 -7.995824 1.073942 19.905629 0.369309 0.062622
