Car -1 -1 -10 739.000000 197.000000 1003.000000 348.000000 1.434194 1.612899 3.998301 2.846957 1.856504 8.734392 -1.665046 0.999709
Car -1 -1 -10 419.000000 189.000000 464.000000 222.000000 1.550076 1.586590 3.661230 -9.022027 2.516783 38.372041 1.479937 0.999474
Car -1 -1 -10 606.000000 187.000000 669.000000 235.000000 1.433246 1.632906 3.823226 0.765202 1.981722 23.878598 -1.660736 0.998960
Car -1 -1 -10 2.000000 213.000000 259.000000 372.000000 1.480496 1.599079 3.878404 -5.709707 2.085849 8.575537 1.413628 0.996578
Car -1 -1 -10 592.000000 186.000000 645.000000 226.000000 1.474550 1.593328 3.844776 0.140098 1.987182 29.496959 -1.683093 0.994506
Car -1 -1 -10 748.000000 175.000000 858.000000 213.000000 1.566942 1.617453 4.056805 8.124507 1.616738 29.671054 -2.690683 0.944280
Car -1 -1 -10 815.000000 170.000000 952.000000 222.000000 1.511244 1.626158 4.116691 9.057365 1.464800 23.583133 -2.652763 0.912818
Car -1 -1 -10 440.000000 188.000000 476.000000 216.000000 1.530887 1.588233 3.830914 -9.646835 2.518030 43.247492 1.507212 0.850823
Car -1 -1 -10 221.000000 194.000000 290.000000 220.000000 1.558834 1.631728 4.115544 -16.189868 2.163115 32.501617 -2.629211 0.847017
Car -1 -1 -10 1179.000000 168.000000 1242.000000 253.000000 1.512837 1.597965 3.939003 11.160193 1.392863 12.512564 2.267374 0.123139
Car -1 -1 -10 0.000000 233.000000 93.000000 375.000000 1.520714 1.615188 3.901269 -5.385402 1.981605 4.402818 -1.775366 0.073149
Cyclist -1 -1 -10 805.000000 168.000000 960.000000 225.000000 1.715116 0.746435 1.899987 8.751716 1.580233 23.326373 -2.674235 0.013879
