Pedestrian -1 -1 -10 256.000000 158.000000 301.000000 291.000000 1.725161 0.714300 0.744355 -4.572598 1.557071 10.030576 -1.692191 0.973693
Pedestrian -1 -1 -10 309.000000 165.000000 342.000000 293.000000 1.730980 0.701784 0.755773 -4.859682 1.387092 12.440447 -1.562838 0.791759
Pedestrian -1 -1 -10 269.000000 166.000000 367.000000 293.000000 1.743347 0.678284 0.632167 -4.622169 1.546176 11.216481 -1.977491 0.132875
Pedestrian -1 -1 -10 320.000000 173.000000 359.000000 283.000000 1.671631 0.646322 0.768969 -4.791409 1.382880 12.240819 -1.582064 0.043988
Pedestrian -1 -1 -10 293.000000 177.000000 465.000000 290.000000 1.712457 0.710890 0.799288 -2.964364 1.840457 9.843636 2.823351 0.037859
Pedestrian -1 -1 -10 289.000000 167.000000 326.000000 294.000000 1.712106 0.566719 0.612385 -4.461387 1.469132 9.937077 -1.450279 0.034187
Car -1 -1 -10 662.000000 174.000000 740.000000 232.000000 1.456094 1.631412 3.879327 2.325419 1.462383 19.908185 -1.607948 0.999210
Car -1 -1 -10 11.000000 187.000000 442.000000 374.000000 1.498435 1.623208 3.948501 -2.815752 1.674857 6.247943 -1.541411 0.997000
Car -1 -1 -10 523.000000 173.000000 563.000000 211.000000 1.557645 1.627316 3.872265 -3.139544 1.636355 33.585586 -1.655637 0.995570
Car -1 -1 -10 291.000000 182.000000 460.000000 283.000000 1.613229 1.650148 3.846628 -3.681142 1.778150 10.828680 -1.583827 0.977056
Car -1 -1 -10 640.000000 173.000000 689.000000 210.000000 1.505013 1.601588 3.856123 2.335314 1.539108 32.413958 -1.655609 0.950230
Car -1 -1 -10 804.000000 178.000000 1252.000000 375.000000 1.471968 1.594408 3.839975 2.492869 1.577177 4.016898 -1.604100 0.942688
Car -1 -1 -10 633.000000 173.000000 670.000000 204.000000 1.560519 1.591327 3.860505 2.081672 1.580363 37.826423 -1.573727 0.209692
Car -1 -1 -10 547.000000 176.000000 570.000000 201.000000 1.551137 1.631002 3.809426 -3.285432 1.811428 47.106024 -1.608957 0.063726
Car -1 -1 -10 0.000000 194.000000 216.000000 373.000000 1.503512 1.632991 3.836929 -2.798658 1.587858 1.382677 -1.561393 0.043319
Car -1 -1 -10 323.000000 175.000000 363.000000 287.000000 1.494042 1.595586 3.899281 -4.168704 0.921557 13.809417 -0.574475 0.010540
Cyclist -1 -1 -10 300.000000 177.000000 440.000000 291.000000 1.722269 0.662195 1.553581 -4.224812 1.390474 11.541605 0.610734 0.215224
Cyclist -1 -1 -10 296.000000 168.000000 359.000000 288.000000 1.625332 0.470523 1.599546 -5.055541 1.200933 12.786369 -2.394218 0.073683
Cyclist -1 -1 -10 218.000000 166.000000 365.000000 295.000000 1.720080 0.755895 1.605114 -4.794502 1.305707 10.645699 -0.314898 0.055889
Cyclist -1 -1 -10 312.000000 167.000000 341.000000 295.000000 1.659590 0.502561 1.674271 -4.882201 1.187718 12.612961 1.738630 0.035164
