Pedestrian -1 -1 -10 277.000000 157.000000 346.000000 293.000000 1.795956 0.692819 0.993793 -3.993440 1.501516 9.957576 0.676440 0.995423
Pedestrian -1 -1 -10 326.000000 160.000000 373.000000 288.000000 1.769228 0.684470 0.836223 -3.780724 1.495363 10.201521 0.748234 0.982526
Pedestrian -1 -1 -10 363.000000 166.000000 386.000000 226.000000 1.721228 0.661952 0.868251 -7.158332 1.305507 21.845012 -1.935433 0.504874
Pedestrian -1 -1 -10 493.000000 164.000000 502.000000 192.000000 1.774981 0.627357 0.834043 -7.398407 0.786002 48.522541 1.327700 0.236919
Pedestrian -1 -1 -10 345.000000 167.000000 382.000000 238.000000 1.665425 0.534424 0.577463 -5.348326 1.787713 16.859553 2.191656 0.161351
Pedestrian -1 -1 -10 343.000000 164.000000 366.000000 221.000000 1.699230 0.522127 0.584972 -4.658062 1.464382 13.969879 2.643828 0.045605
Pedestrian -1 -1 -10 344.000000 169.000000 357.000000 211.000000 1.683280 0.612588 0.624024 -11.391583 0.513168 31.256816 2.177409 0.019258
Pedestrian -1 -1 -10 334.000000 163.000000 358.000000 216.000000 1.683280 0.612588 0.624024 -11.391555 0.513166 31.257060 2.171794 0.017125
Pedestrian -1 -1 -10 464.000000 158.000000 472.000000 188.000000 1.683280 0.612588 0.624023 -7.462216 1.080309 37.759593 2.331374 0.011920
Car -1 -1 -10 549.000000 154.000000 596.000000 209.000000 1.823308 1.699593 3.926089 -1.438219 1.021227 28.721378 -1.705378 0.553096
Car -1 -1 -10 2.000000 150.000000 82.000000 331.000000 1.546318 1.557184 3.337915 -12.252477 1.352912 15.527280 1.811231 0.010840
Cyclist -1 -1 -10 355.000000 166.000000 382.000000 227.000000 1.792529 0.650178 1.805512 -7.452859 1.334532 22.012524 -2.356390 0.147028
Cyclist -1 -1 -10 326.000000 161.000000 378.000000 280.000000 1.792966 0.599320 1.740527 -3.853412 1.476475 10.248424 1.660803 0.116110
Cyclist -1 -1 -10 336.000000 166.000000 389.000000 240.000000 1.739916 0.639597 1.543110 -5.471149 1.780934 17.007005 -1.860890 0.037144
Cyclist -1 -1 -10 346.000000 168.000000 371.000000 233.000000 1.723876 0.577259 1.659312 -7.397236 1.079433 22.175249 -1.957469 0.028020
Cyclist -1 -1 -10 493.000000 164.000000 503.000000 192.000000 1.759753 0.673341 1.794236 -7.437962 0.757852 48.747011 1.412687 0.026810
