Pedestrian -1 -1 -10 734.000000 178.000000 816.000000 242.000000 1.724340 0.693587 0.946652 3.914036 1.725554 18.580568 3.284864 0.018777
Car -1 -1 -10 828.000000 189.000000 1128.000000 364.000000 1.496358 1.632321 4.113712 4.060775 1.829425 8.656618 1.588607 0.999412
Car -1 -1 -10 757.000000 185.000000 889.000000 269.000000 1.459055 1.617405 4.027109 4.044196 1.745765 14.663372 -1.494785 0.995980
Car -1 -1 -10 544.000000 168.000000 591.000000 204.000000 1.543069 1.630648 3.875870 -1.966568 1.374794 32.404883 1.551430 0.995638
Car -1 -1 -10 732.000000 179.000000 815.000000 239.000000 1.486217 1.557964 3.552852 4.318417 1.695272 19.882444 -1.550565 0.982002
Car -1 -1 -10 711.000000 175.000000 766.000000 222.000000 1.547890 1.573010 3.582216 4.474403 1.691743 26.674650 -1.539399 0.967476
Car -1 -1 -10 691.000000 174.000000 739.000000 211.000000 1.520695 1.581549 3.674646 4.399452 1.590156 31.267835 -1.548172 0.897087
Car -1 -1 -10 467.000000 169.000000 547.000000 249.000000 1.501525 1.568239 3.775582 -2.397065 1.440778 16.476032 1.613146 0.696162
Car -1 -1 -10 1135.000000 229.000000 1241.000000 370.000000 1.491965 1.593529 3.805339 3.524986 1.789754 1.935008 -1.541552 0.378313
Car -1 -1 -10 683.000000 174.000000 719.000000 204.000000 1.513060 1.584128 3.688811 4.675142 1.615743 36.036230 -1.543395 0.310700
Car -1 -1 -10 339.000000 143.000000 527.000000 305.000000 1.965373 1.751224 4.479088 -2.513124 1.623585 11.244982 -1.580909 0.270332
