Car -1 -1 -10 578.000000 178.000000 612.000000 208.000000 1.521570 1.599381 3.691574 -0.776749 1.149931 40.119564 -1.612933 0.999662
Car -1 -1 -10 324.000000 188.000000 480.000000 265.000000 1.508980 1.634820 4.040149 -4.458202 1.588169 15.626590 -1.617731 0.997317
Car -1 -1 -10 455.000000 183.000000 513.000000 225.000000 1.512616 1.572921 3.731131 -4.622312 1.454186 27.357611 -1.562014 0.994021
Car -1 -1 -10 148.000000 177.000000 324.000000 258.000000 1.679501 1.664891 3.938805 -8.612308 1.638310 17.284186 -1.566540 0.941170
Car -1 -1 -10 324.000000 189.000000 392.000000 222.000000 1.480242 1.634403 3.920350 -8.565119 1.489296 25.167931 -1.516968 0.773187
Car -1 -1 -10 487.000000 181.000000 528.000000 211.000000 1.478941 1.605762 3.834040 -5.161239 1.281529 37.172175 -1.596855 0.218664
Car -1 -1 -10 403.000000 180.000000 453.000000 206.000000 1.577814 1.634208 3.709681 -8.773262 1.229175 35.710091 -1.772166 0.103635
Car -1 -1 -10 401.000000 189.000000 469.000000 254.000000 1.433605 1.606659 4.042244 -4.166282 1.502743 16.124924 -1.590527 0.036690
Car -1 -1 -10 -1.000000 122.000000 222.000000 375.000000 1.932636 1.682567 4.049948 -4.140360 1.422018 4.049943 1.610408 0.023609
Car -1 -1 -10 200.000000 180.000000 315.000000 235.000000 1.460140 1.591500 3.834865 -8.341242 1.423746 17.052422 1.618857 0.012771
Car -1 -1 -10 232.000000 179.000000 300.000000 219.000000 1.557335 1.534887 3.234087 -17.036425 1.266485 35.433832 2.676078 0.011732
