Car -1 -1 -10 -1.000000 206.000000 276.000000 363.000000 1.508674 1.593912 3.768552 -6.029602 2.037795 9.304418 1.576745 0.998619
Car -1 -1 -10 443.000000 189.000000 494.000000 223.000000 1.507393 1.560454 3.617234 -6.210084 2.159088 32.001516 1.571790 0.993143
Car -1 -1 -10 870.000000 182.000000 1242.000000 374.000000 1.496089 1.597600 3.652634 3.100661 1.624857 4.903355 -1.458492 0.990973
Car -1 -1 -10 647.000000 176.000000 690.000000 209.000000 1.475744 1.625916 3.846052 2.798345 1.694495 35.653474 -1.585882 0.988341
Car -1 -1 -10 468.000000 187.000000 512.000000 216.000000 1.463936 1.558069 3.862997 -6.217403 2.178947 37.744039 1.578765 0.797263
Car -1 -1 -10 95.000000 204.000000 167.000000 234.000000 1.491882 1.609307 3.802661 -25.961157 3.220099 39.633406 -1.554645 0.505678
Car -1 -1 -10 175.000000 198.000000 254.000000 228.000000 1.537594 1.621203 3.788253 -20.928831 2.883795 38.734656 -1.510159 0.445700
Car -1 -1 -10 229.000000 197.000000 300.000000 227.000000 1.560276 1.641732 3.870264 -18.346214 2.868827 38.530629 -1.463277 0.365223
Car -1 -1 -10 137.000000 202.000000 211.000000 229.000000 1.498066 1.601853 3.781946 -23.772725 3.022347 39.494621 -1.461602 0.175506
Car -1 -1 -10 495.000000 180.000000 529.000000 207.000000 1.545743 1.608680 3.888726 -6.402758 2.191623 45.773491 1.524505 0.049438
Car -1 -1 -10 154.000000 201.000000 189.000000 235.000000 1.510035 1.580899 3.661829 -23.579808 2.952868 39.350066 -1.549984 0.041938
Cyclist -1 -1 -10 139.000000 201.000000 199.000000 240.000000 1.683757 0.599499 1.693785 -22.077017 3.103478 37.322645 -2.666348 0.092981
Cyclist -1 -1 -10 90.000000 203.000000 180.000000 237.000000 1.710722 0.709991 1.793049 -25.219525 3.213698 38.758848 2.155105 0.052220
Cyclist -1 -1 -10 157.000000 199.000000 261.000000 232.000000 1.722230 0.861341 1.914339 -20.594045 2.937623 37.257954 -3.215668 0.015697
