Car -1 -1 -10 745.000000 194.000000 979.000000 334.000000 1.458174 1.595247 3.698171 2.944779 1.760992 9.158364 -1.664279 0.999630
Car -1 -1 -10 669.000000 181.000000 756.000000 243.000000 1.503006 1.651936 4.071755 2.520369 1.713642 18.935292 -1.619904 0.999258
Car -1 -1 -10 0.000000 193.000000 271.000000 325.000000 1.471755 1.606176 3.945783 -6.780444 1.758069 9.790045 -3.231874 0.990459
Car -1 -1 -10 126.000000 185.000000 372.000000 277.000000 1.513383 1.591599 3.853815 -6.457363 1.768016 12.372255 -3.109728 0.974272
Car -1 -1 -10 335.000000 182.000000 489.000000 233.000000 1.513777 1.598636 4.202715 -6.068215 1.924194 22.699111 -0.004896 0.973595
Car -1 -1 -10 653.000000 178.000000 707.000000 215.000000 1.468877 1.606867 3.931472 2.779546 1.744159 29.800674 -1.598779 0.938480
Car -1 -1 -10 635.000000 171.000000 668.000000 197.000000 1.548472 1.646888 3.910934 3.450069 1.596151 48.478089 -0.069466 0.438692
Car -1 -1 -10 390.000000 175.000000 480.000000 221.000000 1.426568 1.572070 3.765307 -6.187219 1.670554 24.973159 0.818997 0.187649
Car -1 -1 -10 244.000000 183.000000 446.000000 249.000000 1.569517 1.606573 3.932854 -6.704719 1.783194 17.094446 0.127203 0.112604
Car -1 -1 -10 144.000000 194.000000 273.000000 259.000000 1.513932 1.520729 3.234295 -9.695053 1.693809 16.833631 1.574968 0.041917
Car -1 -1 -10 1.000000 198.000000 87.000000 377.000000 1.468091 1.590342 3.836020 -5.609344 1.700370 4.505516 1.587138 0.035646
