Pedestrian -1 -1 -10 667.000000 168.000000 675.000000 195.000000 1.807847 0.647816 0.792051 4.264660 1.719476 50.602875 1.218654 0.565001
Car -1 -1 -10 403.000000 180.000000 483.000000 234.000000 1.544135 1.552659 3.622220 -4.916976 1.741906 21.738121 1.579005 0.999413
Car -1 -1 -10 715.000000 179.000000 835.000000 251.000000 1.468168 1.648750 3.969943 3.586821 1.620364 16.934106 -1.661540 0.997162
Car -1 -1 -10 762.000000 181.000000 950.000000 303.000000 1.532681 1.637672 3.816249 3.524984 1.709347 11.366558 -1.561880 0.994696
Car -1 -1 -10 451.000000 178.000000 513.000000 221.000000 1.487018 1.571955 3.824352 -4.726495 1.659516 26.365885 1.603389 0.993422
Car -1 -1 -10 852.000000 192.000000 1238.000000 374.000000 1.494814 1.625147 3.913145 3.432187 1.676456 5.927265 -1.573921 0.989569
Car -1 -1 -10 704.000000 177.000000 771.000000 226.000000 1.500467 1.557016 3.577474 3.841087 1.659870 22.140081 -1.588901 0.981936
Car -1 -1 -10 3.000000 196.000000 230.000000 374.000000 1.479961 1.622339 4.003533 -4.927437 1.826131 5.920107 1.578796 0.929819
Car -1 -1 -10 1076.000000 175.000000 1200.000000 218.000000 1.567831 1.534683 3.273657 12.810057 1.267360 17.501674 -1.669154 0.076243
Car -1 -1 -10 1181.000000 170.000000 1240.000000 211.000000 1.510428 1.574845 3.723691 16.981329 0.875472 17.815580 1.628567 0.033555
