Car -1 -1 -10 673.000000 184.000000 757.000000 243.000000 1.416765 1.611384 3.887860 2.609850 1.686400 18.762387 -1.566762 0.999663
Car -1 -1 -10 86.000000 178.000000 404.000000 278.000000 1.624512 1.687785 4.287015 -6.261806 1.724732 12.601608 0.034133 0.999385
Car -1 -1 -10 371.000000 176.000000 507.000000 221.000000 1.523519 1.568041 3.907749 -5.774934 1.928781 26.880813 -3.154225 0.997755
Car -1 -1 -10 552.000000 176.000000 583.000000 201.000000 1.474980 1.558274 3.558971 -2.440791 1.743811 42.576695 1.603463 0.996959
Car -1 -1 -10 660.000000 179.000000 706.000000 216.000000 1.473418 1.599058 3.832748 2.789746 1.697097 28.007158 -1.567556 0.957482
Car -1 -1 -10 283.000000 175.000000 483.000000 232.000000 1.579898 1.622940 4.084868 -5.990866 1.521042 19.812805 -0.113105 0.653092
Car -1 -1 -10 3.000000 202.000000 124.000000 370.000000 1.441620 1.593793 4.001283 -6.750456 1.725478 6.344598 -3.152180 0.529438
Car -1 -1 -10 639.000000 172.000000 669.000000 197.000000 1.472983 1.603217 3.420644 2.774240 1.538533 46.298742 -1.560342 0.335180
Car -1 -1 -10 426.000000 175.000000 516.000000 211.000000 1.581164 1.602645 3.956094 -6.458828 1.510402 34.100912 -3.197300 0.249842
Car -1 -1 -10 483.000000 174.000000 548.000000 199.000000 1.492388 1.642111 3.968124 -6.121794 1.653940 49.749139 2.987720 0.187880
Car -1 -1 -10 219.000000 178.000000 423.000000 253.000000 1.681257 1.647333 3.878571 -6.707140 1.762514 16.148249 -1.476145 0.154900
