Pedestrian -1 -1 -10 746.000000 195.000000 773.000000 271.000000 1.741561 0.603185 0.805829 2.604182 1.910025 12.516546 2.717306 0.054904
Car -1 -1 -10 244.000000 190.000000 458.000000 337.000000 1.550445 1.552297 3.624446 -3.185335 1.837594 9.551300 1.579594 0.999287
Car -1 -1 -10 852.000000 199.000000 1248.000000 377.000000 1.444151 1.613752 3.965402 3.782740 1.768145 6.855578 -1.510580 0.997848
Car -1 -1 -10 757.000000 172.000000 902.000000 290.000000 1.582433 1.645563 3.777868 3.374310 1.603347 12.205962 -1.595708 0.997674
Car -1 -1 -10 680.000000 178.000000 750.000000 228.000000 1.498043 1.589809 3.925379 3.387309 1.742321 24.826025 -1.515708 0.987182
Car -1 -1 -10 709.000000 176.000000 820.000000 250.000000 1.467163 1.587149 3.846167 3.963365 1.629006 19.026309 1.347897 0.981028
Car -1 -1 -10 544.000000 176.000000 580.000000 202.000000 1.585557 1.642229 3.987617 -2.954681 1.722418 42.696254 1.533001 0.966886
Car -1 -1 -10 465.000000 166.000000 552.000000 240.000000 1.875387 1.716368 4.351517 -3.005666 1.828193 21.181382 -1.559387 0.958493
Car -1 -1 -10 2.000000 206.000000 261.000000 374.000000 1.477828 1.634812 3.894824 -3.251032 1.636701 3.269743 1.535678 0.950519
Car -1 -1 -10 675.000000 177.000000 722.000000 216.000000 1.510297 1.623530 3.839581 3.741923 1.643369 30.207959 -1.550433 0.684693
