Pedestrian -1 -1 -10 547.000000 167.000000 555.000000 197.000000 1.683279 0.612588 0.624022 -3.369087 2.054371 43.904087 2.440563 0.039682
Car -1 -1 -10 682.000000 171.000000 851.000000 282.000000 1.467069 1.651972 4.006945 2.136557 1.460742 11.290980 -1.606096 0.999617
Car -1 -1 -10 37.000000 184.000000 257.000000 264.000000 1.502417 1.589129 3.936840 -9.322615 1.734469 14.744049 -3.148837 0.999552
Car -1 -1 -10 633.000000 170.000000 710.000000 221.000000 1.494339 1.629835 3.943081 1.931812 1.405970 23.769712 -1.692149 0.997907
Car -1 -1 -10 477.000000 170.000000 536.000000 223.000000 1.545371 1.632708 3.785060 -3.469918 1.541545 24.602258 -1.623320 0.997656
Car -1 -1 -10 6.000000 217.000000 148.000000 375.000000 1.522679 1.637787 3.819400 -3.565035 1.793961 2.390977 -1.578439 0.657429
Car -1 -1 -10 626.000000 169.000000 677.000000 209.000000 1.499102 1.565935 3.785027 1.601694 1.462232 29.877657 -1.574477 0.637640
Car -1 -1 -10 523.000000 173.000000 551.000000 204.000000 1.537128 1.587864 3.572241 -4.063169 1.593118 38.119640 -1.601901 0.552596
Car -1 -1 -10 619.000000 167.000000 658.000000 201.000000 1.797983 1.674356 4.021410 1.967899 1.528797 40.000766 -1.015778 0.482732
Car -1 -1 -10 0.000000 188.000000 71.000000 323.000000 1.505075 1.592775 3.786019 -3.481700 1.618165 2.119617 -1.592381 0.191919
Car -1 -1 -10 496.000000 169.000000 535.000000 203.000000 1.495355 1.476451 3.018540 -3.239038 1.648833 26.049549 0.763346 0.056070
