Pedestrian -1 -1 -10 110.000000 173.000000 169.000000 339.000000 1.650886 0.576522 0.656239 -5.765763 1.669284 8.923992 1.471562 0.975208
Pedestrian -1 -1 -10 37.000000 190.000000 95.000000 343.000000 1.687812 0.594786 0.565190 -6.171766 1.808807 8.331568 1.981730 0.951399
Pedestrian -1 -1 -10 1.000000 228.000000 202.000000 371.000000 1.738885 0.653050 0.791228 -3.599853 2.118848 4.836631 -2.706064 0.282655
Pedestrian -1 -1 -10 562.000000 175.000000 568.000000 203.000000 1.740885 0.583743 0.728922 -3.154487 1.838052 49.404215 1.063237 0.259726
Pedestrian -1 -1 -10 573.000000 174.000000 581.000000 202.000000 1.738437 0.589804 0.844057 -2.414825 1.801679 49.800562 1.058898 0.070530
Car -1 -1 -10 748.000000 184.000000 959.000000 333.000000 1.455578 1.599276 3.662160 2.746168 1.598973 8.827570 -1.588911 0.999733
Car -1 -1 -10 452.000000 181.000000 511.000000 228.000000 1.566919 1.605181 3.858915 -4.902086 1.960160 27.915305 1.559567 0.999385
Car -1 -1 -10 662.000000 175.000000 721.000000 225.000000 1.523238 1.596287 3.543571 2.620184 1.637122 24.361463 -1.604705 0.999105
Car -1 -1 -10 284.000000 179.000000 447.000000 286.000000 1.718421 1.627515 3.919115 -4.483069 1.888367 13.896458 -1.556335 0.997250
Car -1 -1 -10 509.000000 182.000000 541.000000 209.000000 1.559875 1.614147 3.844088 -4.955670 2.115833 43.460670 1.907366 0.993621
Car -1 -1 -10 -1.000000 226.000000 228.000000 376.000000 1.505179 1.631410 3.921771 -4.328678 1.923645 4.823379 -1.608230 0.958262
Car -1 -1 -10 21.000000 210.000000 127.000000 363.000000 1.490169 1.558893 3.611376 -4.292841 1.836529 4.041598 1.551099 0.106084
Car -1 -1 -10 86.000000 195.000000 203.000000 366.000000 1.527942 1.646240 3.922776 -4.344916 2.023987 4.734970 -1.625262 0.032833
Cyclist -1 -1 -10 -3.000000 225.000000 198.000000 362.000000 1.663052 0.678716 1.756927 -3.707085 1.953667 4.765918 -1.626788 0.064013
Cyclist -1 -1 -10 573.000000 174.000000 581.000000 202.000000 1.776164 0.627642 1.807998 -2.463358 1.825182 49.929684 1.609465 0.028341
Cyclist -1 -1 -10 102.000000 181.000000 189.000000 364.000000 1.709920 0.554628 1.665070 -5.797642 1.754073 9.099862 0.360246 0.013904
