Car -1 -1 -10 760.000000 184.000000 1075.000000 372.000000 1.476304 1.629025 4.061901 2.848037 1.649416 7.578543 -1.588537 0.999697
Car -1 -1 -10 653.000000 173.000000 698.000000 207.000000 1.486917 1.555388 3.501837 2.696770 1.480856 30.275415 -1.584338 0.999051
Car -1 -1 -10 682.000000 164.000000 780.000000 247.000000 1.591422 1.619241 3.732147 2.656896 1.493933 16.607536 -1.628674 0.986778
Car -1 -1 -10 383.000000 169.000000 512.000000 211.000000 1.529535 1.539082 3.946124 -5.684046 1.463363 27.954839 0.078564 0.986209
Car -1 -1 -10 185.000000 173.000000 432.000000 251.000000 1.581807 1.660581 4.111950 -6.092486 1.631474 15.232190 0.046247 0.968217
Car -1 -1 -10 992.000000 212.000000 1247.000000 374.000000 1.532148 1.642471 3.816661 2.618243 1.571266 1.368361 -1.568114 0.688036
Car -1 -1 -10 432.000000 167.000000 522.000000 201.000000 1.623361 1.615416 4.162541 -6.340994 1.303132 32.952437 -0.037461 0.405305
Car -1 -1 -10 -4.000000 172.000000 316.000000 276.000000 1.638319 1.687129 4.153249 -7.418532 1.609498 11.691772 -1.559155 0.146805
Car -1 -1 -10 313.000000 169.000000 470.000000 229.000000 1.871233 1.716025 4.189741 -6.624020 1.570983 20.948469 -1.657702 0.050605
Car -1 -1 -10 149.000000 181.000000 361.000000 277.000000 1.575172 1.674914 4.015418 -5.622910 1.562104 12.218929 -1.552344 0.035172
Car -1 -1 -10 3.000000 175.000000 148.000000 230.000000 1.526573 1.590465 3.748583 -13.677768 1.053682 16.308933 -1.586951 0.029544
