Pedestrian -1 -1 -10 553.000000 161.000000 583.000000 224.000000 1.780187 0.660855 0.849577 -1.092036 1.221059 20.663634 -0.031845 0.992310
Pedestrian -1 -1 -10 252.000000 169.000000 276.000000 236.000000 1.762934 0.631800 0.908804 -9.463137 1.564871 19.487224 2.619620 0.910042
Pedestrian -1 -1 -10 216.000000 178.000000 235.000000 233.000000 1.722841 0.568349 0.804136 -12.209682 1.722925 22.789743 0.165025 0.659640
Pedestrian -1 -1 -10 365.000000 162.000000 384.000000 219.000000 1.742297 0.529001 0.765647 -6.861096 1.164472 20.839035 2.240395 0.517981
Pedestrian -1 -1 -10 270.000000 173.000000 302.000000 239.000000 1.757279 0.661609 0.803168 -9.530967 1.646828 21.130566 0.175719 0.389812
Pedestrian -1 -1 -10 408.000000 159.000000 428.000000 226.000000 1.710926 0.644729 0.764102 -4.783137 1.100142 18.294603 0.219003 0.179970
Pedestrian -1 -1 -10 853.000000 154.000000 872.000000 197.000000 1.718825 0.618639 0.925742 10.475365 0.620942 28.623058 -1.252792 0.143372
Pedestrian -1 -1 -10 259.000000 172.000000 329.000000 239.000000 1.744683 0.679145 0.836252 -9.542507 1.697840 21.221677 0.134183 0.052937
Car -1 -1 -10 362.000000 179.000000 495.000000 266.000000 1.479056 1.584687 3.765953 -3.288603 1.443958 13.616500 -1.578496 0.999532
Car -1 -1 -10 1102.000000 141.000000 1220.000000 184.000000 1.695009 1.675710 4.133102 23.386550 0.168124 29.660541 -2.461487 0.145365
Car -1 -1 -10 398.000000 175.000000 450.000000 219.000000 1.518961 1.503346 3.399830 -6.688622 1.058584 25.317424 1.774406 0.048993
Car -1 -1 -10 1016.000000 137.000000 1123.000000 200.000000 1.659020 1.549811 3.299940 15.774666 0.918309 24.277946 1.690627 0.019805
Cyclist -1 -1 -10 943.000000 140.000000 1011.000000 203.000000 1.809244 0.511215 1.761827 11.486753 0.583278 21.913457 -0.661647 0.997824
Cyclist -1 -1 -10 268.000000 170.000000 355.000000 240.000000 1.709091 0.622508 1.768170 -7.386527 1.425092 18.050313 -0.261130 0.996985
Cyclist -1 -1 -10 758.000000 155.000000 802.000000 198.000000 1.706756 0.707650 1.864872 7.837967 0.692123 31.735997 -0.174435 0.996238
Cyclist -1 -1 -10 853.000000 154.000000 873.000000 197.000000 1.787725 0.570135 1.745933 10.469892 0.685994 28.718751 -0.955796 0.946324
Cyclist -1 -1 -10 268.000000 174.000000 304.000000 240.000000 1.715273 0.521066 1.594493 -9.511243 1.594957 21.036321 -1.434683 0.864609
Cyclist -1 -1 -10 1019.000000 135.000000 1119.000000 208.000000 1.690397 0.673168 1.787828 10.813085 0.656452 16.622184 0.785866 0.739049
Cyclist -1 -1 -10 255.000000 171.000000 282.000000 236.000000 1.762843 0.658741 1.752958 -9.549062 1.547030 19.480948 0.544042 0.126620
Cyclist -1 -1 -10 294.000000 170.000000 337.000000 230.000000 1.691396 0.622767 1.736196 -7.461479 1.330863 17.976235 -0.381121 0.054025
Cyclist -1 -1 -10 363.000000 162.000000 387.000000 222.000000 1.679914 0.488957 1.711184 -6.614170 1.076494 20.665408 -2.318459 0.028157
Cyclist -1 -1 -10 404.000000 168.000000 439.000000 217.000000 1.686587 0.663837 1.645165 -4.856654 1.113596 18.366400 -1.315782 0.022872
Cyclist -1 -1 -10 385.000000 175.000000 415.000000 214.000000 1.711722 0.665903 1.567224 -6.324644 1.041360 20.424183 0.679971 0.013321
Cyclist -1 -1 -10 409.000000 158.000000 428.000000 227.000000 1.653328 0.684772 1.688076 -4.596978 0.890706 18.312183 -1.682988 0.010328
