Pedestrian -1 -1 -10 826.000000 173.000000 846.000000 224.000000 1.621539 0.578949 0.606297 5.406245 1.309888 16.671917 0.364562 0.024593
Pedestrian -1 -1 -10 817.000000 172.000000 835.000000 227.000000 1.724993 0.556417 0.694711 10.571076 2.113058 34.509297 2.772608 0.010922
Car -1 -1 -10 324.000000 188.000000 454.000000 264.000000 1.460976 1.584774 3.910806 -4.712091 1.798455 15.898131 1.567281 0.999256
Car -1 -1 -10 484.000000 180.000000 534.000000 216.000000 1.490768 1.553954 3.577327 -4.364484 1.898322 31.902671 -1.541687 0.998998
Car -1 -1 -10 761.000000 186.000000 979.000000 305.000000 1.486921 1.638228 4.054227 3.574802 1.691370 10.793671 -1.585467 0.998329
Car -1 -1 -10 145.000000 192.000000 384.000000 320.000000 1.543039 1.613064 3.838895 -4.682613 1.849091 10.494946 1.582726 0.998092
Car -1 -1 -10 727.000000 182.000000 845.000000 259.000000 1.490453 1.620754 3.857776 3.566322 1.699100 15.886980 -1.537884 0.995887
Car -1 -1 -10 886.000000 194.000000 1242.000000 373.000000 1.480070 1.642489 3.754235 3.715413 1.689089 5.559456 -1.537542 0.990621
Car -1 -1 -10 707.000000 179.000000 783.000000 236.000000 1.528364 1.634723 3.866490 3.908862 1.780461 21.492211 -1.527689 0.989399
Car -1 -1 -10 510.000000 179.000000 551.000000 210.000000 1.549271 1.602521 4.025610 -4.048280 1.832926 36.398109 1.634263 0.963900
Car -1 -1 -10 690.000000 178.000000 743.000000 222.000000 1.516997 1.567788 3.751099 3.989138 1.824875 26.776652 -1.562383 0.944339
Car -1 -1 -10 0.000000 203.000000 191.000000 378.000000 1.503223 1.642126 4.068893 -4.758583 1.831306 4.902043 1.577179 0.868945
Car -1 -1 -10 1030.000000 172.000000 1162.000000 231.000000 1.618364 1.664156 3.958794 14.154247 1.478880 19.375334 -1.835578 0.276283
Car -1 -1 -10 951.000000 175.000000 1038.000000 209.000000 1.523328 1.624040 3.709207 17.301586 1.955331 32.339734 -1.073743 0.230292
Car -1 -1 -10 1128.000000 176.000000 1241.000000 236.000000 1.509115 1.599478 3.791674 15.107175 1.390497 18.089089 -0.260958 0.115274
Car -1 -1 -10 878.000000 181.000000 927.000000 217.000000 1.477511 1.645502 3.904623 12.418004 1.541253 28.459411 1.378215 0.025476
Cyclist -1 -1 -10 827.000000 177.000000 846.000000 224.000000 1.687302 0.560306 1.524973 10.851823 1.911801 33.125357 -1.285021 0.106028
Cyclist -1 -1 -10 814.000000 174.000000 856.000000 222.000000 1.678983 0.379881 1.755436 10.796217 1.648837 33.884839 -1.736766 0.026108
