Car -1 -1 -10 684.000000 187.000000 761.000000 242.000000 1.481309 1.576243 3.530816 3.154932 1.840740 20.697544 -1.617687 0.996675
Car -1 -1 -10 37.000000 184.000000 368.000000 289.000000 1.566994 1.669191 3.905792 -6.663511 1.757746 11.213328 -3.180181 0.995963
Car -1 -1 -10 290.000000 180.000000 473.000000 246.000000 1.577613 1.604545 4.245474 -6.273221 1.855774 18.786830 0.138610 0.985864
Car -1 -1 -10 179.000000 183.000000 420.000000 266.000000 1.524193 1.611357 4.128430 -5.768898 1.698328 15.019927 -3.509923 0.949503
Car -1 -1 -10 792.000000 178.000000 1141.000000 378.000000 1.551182 1.607308 3.778815 3.156323 1.701647 7.317422 -1.585910 0.915016
Car -1 -1 -10 405.000000 179.000000 513.000000 222.000000 1.602880 1.564159 3.554465 -4.908689 1.957675 28.882293 0.898735 0.709993
Car -1 -1 -10 1031.000000 206.000000 1242.000000 374.000000 1.547881 1.609108 3.762009 3.119810 1.642906 1.955997 -1.514337 0.674226
Car -1 -1 -10 723.000000 185.000000 840.000000 222.000000 1.484718 1.591141 3.934618 6.782571 1.964714 28.112026 3.178550 0.633843
Car -1 -1 -10 2.000000 202.000000 112.000000 379.000000 1.470763 1.606515 3.995263 -6.303368 1.631639 5.485352 -3.239108 0.388883
Car -1 -1 -10 439.000000 180.000000 524.000000 210.000000 1.491789 1.563012 3.880161 -6.233798 1.826413 36.128385 0.892408 0.145233
Cyclist -1 -1 -10 1019.000000 189.000000 1245.000000 375.000000 1.634950 0.528492 1.622254 2.500984 1.751075 2.949879 -1.504927 0.018450
