Pedestrian -1 -1 -10 893.000000 134.000000 975.000000 298.000000 1.774346 0.653980 0.989726 3.936820 1.250039 8.339080 1.539138 0.998177
Pedestrian -1 -1 -10 477.000000 157.000000 545.000000 312.000000 1.728689 0.611691 1.004964 -1.177209 1.484622 8.051348 -2.794398 0.985842
Pedestrian -1 -1 -10 502.000000 167.000000 556.000000 286.000000 1.648965 0.638064 0.670383 -0.971923 1.433542 10.440401 2.586388 0.918769
Pedestrian -1 -1 -10 1148.000000 137.000000 1228.000000 309.000000 1.694504 0.620203 0.751057 6.112992 1.225899 7.548960 3.456717 0.671399
Pedestrian -1 -1 -10 688.000000 172.000000 715.000000 233.000000 1.686341 0.601491 0.719565 2.435890 1.594651 17.608807 -1.328480 0.275560
Pedestrian -1 -1 -10 718.000000 173.000000 740.000000 221.000000 1.683280 0.612588 0.624024 3.151713 1.162961 18.576697 2.698791 0.176718
Pedestrian -1 -1 -10 573.000000 163.000000 591.000000 222.000000 1.729191 0.603645 0.852480 -0.634414 1.190366 21.355067 -1.680494 0.171824
Pedestrian -1 -1 -10 384.000000 150.000000 393.000000 193.000000 1.742121 0.634267 0.727311 -6.037890 0.914758 20.694041 2.253255 0.168623
Pedestrian -1 -1 -10 510.000000 167.000000 535.000000 250.000000 1.801723 0.628937 0.897008 -2.050238 1.347547 17.339898 3.021370 0.050185
Pedestrian -1 -1 -10 631.000000 161.000000 648.000000 199.000000 1.702222 0.647741 0.758881 1.554970 0.807451 28.286944 -1.513558 0.049644
Pedestrian -1 -1 -10 386.000000 151.000000 402.000000 202.000000 1.710527 0.627730 0.633506 -6.017638 0.724206 20.117989 -1.318482 0.034223
Pedestrian -1 -1 -10 477.000000 162.000000 513.000000 242.000000 1.650047 0.569615 0.581909 -2.689901 1.542398 19.472023 2.331860 0.025322
Pedestrian -1 -1 -10 598.000000 164.000000 617.000000 224.000000 1.730049 0.690446 0.890080 0.144919 1.139047 21.334473 -1.678662 0.024765
Pedestrian -1 -1 -10 432.000000 157.000000 517.000000 223.000000 1.730720 0.650599 0.794360 -4.467783 0.994358 26.009294 -1.330132 0.017935
Pedestrian -1 -1 -10 503.000000 166.000000 526.000000 224.000000 1.700798 0.557238 0.568427 -2.136232 0.950172 17.224576 0.357171 0.015180
Pedestrian -1 -1 -10 670.000000 172.000000 686.000000 211.000000 1.709190 0.580259 0.598561 2.682119 1.590192 22.546897 -1.458362 0.013756
Pedestrian -1 -1 -10 1205.000000 126.000000 1231.000000 182.000000 1.717482 0.709823 0.654387 9.883234 0.602579 11.466943 -1.250765 0.013452
Pedestrian -1 -1 -10 930.000000 157.000000 972.000000 225.000000 1.760090 0.657283 0.766331 7.583766 1.257744 15.421454 -0.714793 0.011609
Car -1 -1 -10 3.000000 151.000000 429.000000 374.000000 1.740528 1.659767 4.100063 -2.711837 1.556023 5.573452 1.539157 0.982665
Car -1 -1 -10 374.000000 156.000000 469.000000 230.000000 1.890572 1.730358 4.194624 -5.198854 1.214282 20.895237 1.499786 0.908234
Car -1 -1 -10 405.000000 159.000000 498.000000 219.000000 1.800293 1.596141 3.630127 -5.290841 1.216659 24.526309 -1.651599 0.066118
Car -1 -1 -10 246.000000 164.000000 418.000000 276.000000 1.622918 1.570729 3.570186 -6.902106 0.825963 20.405234 0.652505 0.010102
Cyclist -1 -1 -10 496.000000 171.000000 541.000000 255.000000 1.680223 0.492480 1.602233 -2.016383 1.189331 17.335848 -1.843355 0.033347
Cyclist -1 -1 -10 474.000000 160.000000 546.000000 307.000000 1.750556 0.618895 1.800544 -1.389489 1.448291 8.171561 -2.231894 0.027162
Cyclist -1 -1 -10 503.000000 167.000000 558.000000 288.000000 1.695598 0.647193 1.736865 -1.035323 1.485275 10.432070 2.140949 0.020772
Cyclist -1 -1 -10 503.000000 166.000000 526.000000 224.000000 1.664186 0.519400 1.651186 -2.089379 1.068485 17.431631 -1.846299 0.014499
Cyclist -1 -1 -10 1142.000000 135.000000 1229.000000 306.000000 1.690598 0.528561 1.729500 6.043096 1.205688 7.519955 2.657096 0.010598
