Car -1 -1 -10 593.000000 192.000000 747.000000 283.000000 1.392914 1.607034 3.886597 0.894193 1.793091 12.956750 -1.840871 0.999880
Car -1 -1 -10 308.000000 186.000000 351.000000 217.000000 1.592837 1.605326 3.882154 -15.858317 2.375725 40.354175 1.358755 0.998979
Car -1 -1 -10 488.000000 183.000000 546.000000 224.000000 1.435766 1.622947 3.768614 -3.677172 1.835808 27.564829 -1.816535 0.998864
Car -1 -1 -10 40.000000 207.000000 217.000000 318.000000 1.482576 1.550115 3.711859 -7.491577 2.052988 11.348415 1.261288 0.992750
Car -1 -1 -10 478.000000 183.000000 524.000000 216.000000 1.536454 1.619918 3.881569 -5.180402 1.909807 33.163415 -1.822147 0.933334
Car -1 -1 -10 93.000000 192.000000 173.000000 220.000000 1.603200 1.657607 3.825366 -28.505387 3.302591 42.397455 -2.115059 0.873119
Car -1 -1 -10 -2.000000 218.000000 141.000000 370.000000 1.448021 1.585576 3.793528 -5.897960 1.939019 6.655980 1.259637 0.864422
Car -1 -1 -10 664.000000 166.000000 775.000000 210.000000 1.654852 1.615058 4.095380 4.599621 1.450135 28.651650 -2.830813 0.846593
Car -1 -1 -10 617.000000 176.000000 703.000000 205.000000 1.555024 1.629136 3.949087 2.282710 1.565136 34.558089 -2.697351 0.452794
Car -1 -1 -10 327.000000 184.000000 359.000000 212.000000 1.549131 1.596121 3.860740 -17.213362 2.377906 44.746282 1.336003 0.330327
Car -1 -1 -10 764.000000 111.000000 1247.000000 372.000000 1.927328 1.675954 4.192832 3.096344 1.644710 5.351975 -1.816289 0.194056
