Pedestrian -1 -1 -10 326.000000 180.000000 338.000000 215.000000 1.678038 0.551608 0.756901 -15.279562 1.773746 39.426437 -2.495835 0.189786
Pedestrian -1 -1 -10 333.000000 180.000000 345.000000 213.000000 1.717611 0.644650 0.781669 -15.077069 1.776173 40.059466 -0.351902 0.033222
Pedestrian -1 -1 -10 464.000000 170.000000 476.000000 203.000000 1.741481 0.672497 0.609336 -6.863355 1.546838 35.102500 -0.152513 0.015686
Pedestrian -1 -1 -10 571.000000 168.000000 588.000000 195.000000 1.773068 0.661127 0.844772 -1.728813 0.920645 44.894813 1.058440 0.012706
Car -1 -1 -10 494.000000 175.000000 543.000000 212.000000 1.513721 1.584128 3.726620 -3.746231 1.209437 30.376361 -1.568561 0.997939
Car -1 -1 -10 1099.000000 134.000000 1224.000000 203.000000 1.623229 1.681252 4.163128 13.926411 0.381522 16.182789 3.260350 0.128830
Car -1 -1 -10 922.000000 151.000000 1006.000000 176.000000 1.558719 1.501306 3.398041 24.360628 0.395638 47.348000 1.612152 0.011595
Cyclist -1 -1 -10 347.000000 175.000000 381.000000 220.000000 1.761182 0.461461 1.713903 -10.203715 1.600398 30.032844 -1.445660 0.982211
Cyclist -1 -1 -10 642.000000 162.000000 679.000000 199.000000 1.713051 0.657614 1.821629 2.831080 0.872564 38.416507 0.034220 0.957033
Cyclist -1 -1 -10 704.000000 160.000000 745.000000 195.000000 1.692110 0.752712 1.825576 5.757074 0.652435 34.910260 0.357755 0.925788
