Car -1 -1 -10 953.000000 194.000000 1242.000000 317.000000 1.467251 1.542183 3.610246 6.394688 1.760830 9.180184 -0.016202 0.999434
Car -1 -1 -10 86.000000 184.000000 387.000000 297.000000 1.602902 1.628839 4.069578 -5.938336 1.753963 11.304965 0.057011 0.998974
Car -1 -1 -10 730.000000 183.000000 878.000000 237.000000 1.534597 1.648830 3.942100 5.634494 1.854626 21.384070 -0.059700 0.997980
Car -1 -1 -10 636.000000 182.000000 674.000000 212.000000 1.395601 1.615507 3.870684 2.200034 2.006638 35.734592 -1.598325 0.994002
Car -1 -1 -10 190.000000 181.000000 412.000000 263.000000 1.565476 1.634890 4.179244 -6.661207 1.630379 15.753320 -3.275580 0.989707
Car -1 -1 -10 -12.000000 194.000000 250.000000 356.000000 1.538920 1.609366 4.083405 -6.183900 1.668752 6.353416 -3.217379 0.989605
Car -1 -1 -10 284.000000 181.000000 440.000000 242.000000 1.534584 1.608810 3.863509 -6.243478 1.768810 19.325580 -3.031824 0.951387
Car -1 -1 -10 875.000000 184.000000 1128.000000 292.000000 1.595021 1.603912 3.774886 6.412266 1.831939 11.546934 -0.004994 0.906176
Car -1 -1 -10 371.000000 179.000000 502.000000 220.000000 1.620370 1.650154 4.282860 -6.689347 1.845830 29.321098 -0.100006 0.889363
Car -1 -1 -10 425.000000 178.000000 518.000000 214.000000 1.628729 1.591253 3.779304 -6.127302 1.993625 36.679890 -0.110204 0.110013
