Pedestrian -1 -1 -10 423.000000 172.000000 439.000000 244.000000 1.721320 0.638834 0.646496 -4.143151 1.717352 16.652958 -1.398929 0.606976
Pedestrian -1 -1 -10 434.000000 172.000000 454.000000 250.000000 1.723174 0.614572 0.734411 -4.355216 1.638130 19.384282 2.354508 0.526876
Pedestrian -1 -1 -10 415.000000 174.000000 465.000000 245.000000 1.754167 0.650607 0.727259 -4.633127 1.492626 19.629599 1.878843 0.197207
Pedestrian -1 -1 -10 442.000000 178.000000 463.000000 251.000000 1.700390 0.671057 0.618093 -4.264051 1.642680 19.491013 2.469862 0.010741
Car -1 -1 -10 282.000000 185.000000 499.000000 333.000000 1.557406 1.639702 4.001288 -2.524300 1.690934 9.258674 -1.570200 0.998755
Car -1 -1 -10 666.000000 182.000000 717.000000 221.000000 1.418900 1.626705 3.886977 3.055208 1.720301 27.914114 -1.571969 0.998488
Car -1 -1 -10 753.000000 174.000000 1107.000000 376.000000 1.642720 1.658444 3.954511 2.487352 1.703775 6.735657 -1.556741 0.997849
Car -1 -1 -10 710.000000 182.000000 863.000000 293.000000 1.440889 1.606016 3.813870 2.757764 1.661222 12.021195 -1.582904 0.992894
Car -1 -1 -10 424.000000 185.000000 547.000000 273.000000 1.494670 1.615802 3.922442 -2.488330 1.742699 14.463735 -1.518005 0.992836
Car -1 -1 -10 559.000000 180.000000 592.000000 210.000000 1.635362 1.650784 4.199548 -2.029190 2.064474 42.023403 -1.610435 0.991816
Car -1 -1 -10 652.000000 181.000000 693.000000 210.000000 1.594211 1.660279 3.947479 3.511955 2.042768 40.482974 -1.620000 0.655319
Car -1 -1 -10 647.000000 180.000000 675.000000 206.000000 1.494778 1.432359 3.017193 2.933162 2.218369 43.629428 1.605625 0.132967
Car -1 -1 -10 745.000000 179.000000 952.000000 338.000000 1.482303 1.611825 3.764422 2.447720 1.517749 6.543257 -1.546822 0.046647
Car -1 -1 -10 418.000000 180.000000 478.000000 257.000000 1.595089 1.504870 3.804662 -4.145413 1.436753 18.338977 -1.162654 0.013782
Cyclist -1 -1 -10 416.000000 173.000000 437.000000 245.000000 1.690400 0.634829 1.627681 -4.211966 1.417113 16.999812 -1.838314 0.073155
Cyclist -1 -1 -10 407.000000 178.000000 465.000000 241.000000 1.624062 0.624596 1.593442 -4.641264 1.376599 19.390203 2.467766 0.042015
Cyclist -1 -1 -10 369.000000 182.000000 453.000000 233.000000 1.658798 0.555794 1.570351 -5.014839 1.513338 18.129941 -1.729066 0.032326
Cyclist -1 -1 -10 406.000000 178.000000 426.000000 240.000000 1.670825 0.586452 1.557928 -4.764500 1.493530 17.750696 0.700368 0.026247
Cyclist -1 -1 -10 426.000000 173.000000 442.000000 247.000000 1.705898 0.642389 1.656664 -4.205625 1.511518 16.784868 -1.247793 0.024695
Cyclist -1 -1 -10 390.000000 180.000000 411.000000 238.000000 1.685621 0.563378 1.669402 -5.263649 1.365304 16.900229 -1.400396 0.015649
