Pedestrian -1 -1 -10 926.000000 143.000000 1065.000000 371.000000 1.691776 0.659970 0.796117 2.500972 1.380311 4.513631 -1.583775 0.997120
Pedestrian -1 -1 -10 505.000000 161.000000 563.000000 295.000000 1.693420 0.756223 0.747304 -0.966651 1.450744 9.632849 1.598973 0.993658
Pedestrian -1 -1 -10 1157.000000 191.000000 1236.000000 360.000000 1.654312 0.595059 0.681422 4.817136 1.673955 5.896122 3.341509 0.753637
Pedestrian -1 -1 -10 755.000000 160.000000 769.000000 208.000000 1.706402 0.629576 0.719619 6.100812 0.970233 27.472505 -1.360721 0.564666
Pedestrian -1 -1 -10 1029.000000 190.000000 1106.000000 341.000000 1.660691 0.622728 0.633284 4.329303 1.719643 6.679763 0.921024 0.508513
Pedestrian -1 -1 -10 987.000000 176.000000 1091.000000 365.000000 1.708766 0.570257 0.747152 4.249378 1.722558 6.748847 3.283447 0.207082
Pedestrian -1 -1 -10 919.000000 184.000000 949.000000 272.000000 1.734297 0.615946 0.739773 6.155628 1.389900 13.344034 3.032956 0.079321
Pedestrian -1 -1 -10 1015.000000 179.000000 1061.000000 341.000000 1.679286 0.599801 0.719695 4.268523 1.732569 6.851926 1.111607 0.053294
Pedestrian -1 -1 -10 937.000000 167.000000 984.000000 336.000000 1.585806 0.501676 0.631709 4.638992 1.983470 8.764168 2.968516 0.012596
Car -1 -1 -10 303.000000 143.000000 531.000000 302.000000 1.903224 1.741577 4.341531 -2.537423 1.392568 10.910480 1.679489 0.817257
Car -1 -1 -10 500.000000 165.000000 567.000000 288.000000 1.662265 1.613780 3.715834 -0.519423 1.392811 10.679798 -2.159006 0.034516
Cyclist -1 -1 -10 1154.000000 193.000000 1238.000000 357.000000 1.643260 0.503493 1.715277 4.683729 1.543584 5.798505 2.253756 0.063281
Cyclist -1 -1 -10 505.000000 168.000000 570.000000 287.000000 1.703040 0.493905 1.701911 -0.999387 1.471683 9.728508 -2.066786 0.018305
