Pedestrian -1 -1 -10 398.000000 182.000000 410.000000 216.000000 1.769769 0.663291 0.723234 -9.907575 2.284330 34.568075 1.335773 0.784502
Pedestrian -1 -1 -10 410.000000 179.000000 424.000000 213.000000 1.763452 0.662945 0.670797 -9.367233 2.081335 34.704506 1.387859 0.725154
Pedestrian -1 -1 -10 -5.000000 189.000000 181.000000 381.000000 1.641450 0.742579 0.626747 -2.949360 1.711606 4.189937 1.064033 0.321867
Pedestrian -1 -1 -10 404.000000 180.000000 419.000000 218.000000 1.754616 0.629916 0.589476 -9.616931 2.377304 34.682954 -1.728866 0.072901
Car -1 -1 -10 611.000000 181.000000 684.000000 239.000000 1.534783 1.607034 3.657067 0.922409 1.830457 21.780760 -1.697504 0.999086
Car -1 -1 -10 403.000000 191.000000 454.000000 232.000000 1.468806 1.570973 3.681794 -6.758359 2.134868 27.150186 -1.709749 0.998146
Car -1 -1 -10 97.000000 197.000000 347.000000 324.000000 1.506664 1.655926 4.153561 -5.447723 1.946612 11.154643 1.473434 0.995182
Car -1 -1 -10 584.000000 182.000000 625.000000 218.000000 1.526915 1.575077 3.597202 -0.301142 1.950895 31.967717 -1.678926 0.964269
Car -1 -1 -10 967.000000 176.000000 1237.000000 377.000000 1.516394 1.609264 3.679067 2.586359 1.710344 2.537745 -1.579949 0.859065
Car -1 -1 -10 425.000000 184.000000 470.000000 219.000000 1.613235 1.649309 3.787363 -7.626265 2.260111 36.093034 -1.725081 0.841961
Car -1 -1 -10 32.000000 192.000000 261.000000 357.000000 1.453970 1.558983 3.812164 -3.263005 1.318107 5.107758 -2.195596 0.065421
Car -1 -1 -10 444.000000 185.000000 478.000000 212.000000 1.560485 1.594666 3.859013 -7.791727 1.952380 36.237514 -1.689049 0.014021
Cyclist -1 -1 -10 -5.000000 186.000000 215.000000 379.000000 1.619441 0.549136 1.738165 -2.919635 1.621238 4.108484 1.484567 0.996620
Cyclist -1 -1 -10 56.000000 196.000000 297.000000 346.000000 1.683286 0.782808 1.857250 -5.231397 2.037258 9.550949 -0.162474 0.116166
Cyclist -1 -1 -10 -2.000000 207.000000 103.000000 380.000000 1.681259 0.572377 1.596126 -2.893157 1.897132 3.702967 -2.227001 0.082782
