Car -1 -1 -10 748.000000 177.000000 1025.000000 364.000000 1.530367 1.615292 3.699848 2.701325 1.653763 8.050340 -1.591848 0.999398
Car -1 -1 -10 376.000000 197.000000 486.000000 279.000000 1.471652 1.576223 3.912519 -3.711876 1.965902 14.895311 1.549143 0.997411
Car -1 -1 -10 692.000000 181.000000 822.000000 272.000000 1.435613 1.625918 3.985600 2.667857 1.639979 13.826557 -1.598870 0.994588
Car -1 -1 -10 174.000000 200.000000 432.000000 362.000000 1.531941 1.610002 3.903707 -3.585964 1.944633 9.183118 1.563424 0.992365
Car -1 -1 -10 920.000000 191.000000 1250.000000 376.000000 1.483109 1.613957 3.797317 2.871234 1.703404 2.912006 -1.586716 0.991360
Car -1 -1 -10 678.000000 179.000000 755.000000 240.000000 1.511636 1.621549 3.913933 2.845496 1.661998 20.058759 -1.595175 0.980425
Car -1 -1 -10 469.000000 187.000000 528.000000 233.000000 1.467482 1.549509 3.804036 -3.886099 1.981247 25.148228 1.564353 0.901581
Car -1 -1 -10 666.000000 178.000000 723.000000 228.000000 1.552378 1.608410 3.903622 2.924514 1.791332 25.861581 -1.570944 0.893468
Car -1 -1 -10 433.000000 188.000000 498.000000 250.000000 1.480760 1.561671 3.761672 -4.098594 1.966393 20.779741 1.557868 0.869237
Car -1 -1 -10 630.000000 178.000000 666.000000 204.000000 1.584113 1.614144 3.938868 2.534296 2.061906 47.344340 -1.602635 0.569432
Cyclist -1 -1 -10 892.000000 193.000000 1245.000000 377.000000 1.716428 0.647922 1.792688 2.442235 1.819449 3.691876 1.514193 0.012601
