Pedestrian -1 -1 -10 272.000000 140.000000 393.000000 373.000000 1.694094 0.580087 0.938591 -1.836523 1.420284 4.739894 2.748411 0.997896
Pedestrian -1 -1 -10 1.000000 170.000000 91.000000 373.000000 1.750548 0.624900 0.894270 -3.524516 1.825303 4.247235 -3.229216 0.572822
Pedestrian -1 -1 -10 289.000000 170.000000 315.000000 225.000000 1.689043 0.623385 0.787305 -9.905908 1.211143 23.519065 -3.010120 0.222806
Pedestrian -1 -1 -10 294.000000 172.000000 306.000000 221.000000 1.743918 0.675183 0.770044 -9.808035 1.197023 23.461736 -3.502461 0.114613
Pedestrian -1 -1 -10 287.000000 159.000000 319.000000 257.000000 1.735603 0.573118 0.576161 -5.375848 1.950278 12.870797 -1.891614 0.071783
Pedestrian -1 -1 -10 299.000000 173.000000 310.000000 219.000000 1.708167 0.670823 0.745871 -9.772300 1.255734 23.418743 -2.475918 0.051239
Pedestrian -1 -1 -10 280.000000 156.000000 358.000000 307.000000 1.698913 0.642716 0.684419 -1.863186 1.234238 4.572901 2.288455 0.017922
Pedestrian -1 -1 -10 300.000000 172.000000 326.000000 215.000000 1.697519 0.566749 0.711823 -9.773749 1.395245 23.483026 0.190243 0.011576
Car -1 -1 -10 359.000000 187.000000 644.000000 314.000000 1.454433 1.597403 3.742297 -1.435354 1.637304 9.560871 -0.291696 0.999213
Car -1 -1 -10 272.000000 152.000000 401.000000 370.000000 1.582872 1.571363 3.283104 -2.243326 1.335764 5.479920 -1.952198 0.010399
Cyclist -1 -1 -10 1.000000 173.000000 92.000000 374.000000 1.673634 0.689891 1.745124 -3.753275 1.606913 4.164801 2.475782 0.082145
Cyclist -1 -1 -10 290.000000 171.000000 318.000000 229.000000 1.739950 0.581220 1.767913 -10.073838 1.279442 23.554883 -1.886333 0.051365
Cyclist -1 -1 -10 262.000000 147.000000 393.000000 373.000000 1.708361 0.582825 1.709433 -1.992318 1.439287 4.780306 2.671590 0.021660
Cyclist -1 -1 -10 284.000000 162.000000 323.000000 262.000000 1.750338 0.724398 1.738211 -5.518027 1.797666 12.928641 0.029016 0.017348
