Pedestrian -1 -1 -10 311.000000 179.000000 325.000000 217.000000 1.754624 0.581037 0.984490 -14.697075 1.897814 36.333385 -2.478189 0.314824
Pedestrian -1 -1 -10 318.000000 179.000000 331.000000 216.000000 1.754190 0.588589 0.886237 -14.504037 1.832068 36.812132 0.384471 0.124795
Pedestrian -1 -1 -10 439.000000 169.000000 456.000000 210.000000 1.827316 0.613895 0.811701 -7.339853 1.311671 31.705814 0.358830 0.053824
Pedestrian -1 -1 -10 745.000000 156.000000 757.000000 188.000000 1.699026 0.641906 0.840366 6.540711 0.652673 31.564578 0.201311 0.010359
Car -1 -1 -10 481.000000 176.000000 539.000000 217.000000 1.471485 1.589826 3.747194 -3.576965 1.274593 27.267718 -1.606803 0.999082
Car -1 -1 -10 951.000000 150.000000 1040.000000 179.000000 1.702747 1.709535 4.279782 23.791403 -0.043280 43.438576 0.366671 0.013285
Cyclist -1 -1 -10 332.000000 176.000000 376.000000 223.000000 1.779405 0.515072 1.778371 -9.981140 1.607286 27.857272 -1.298864 0.996012
Cyclist -1 -1 -10 670.000000 160.000000 716.000000 201.000000 1.734125 0.562380 1.762191 4.344536 0.867651 35.537362 0.075683 0.983456
Cyclist -1 -1 -10 735.000000 154.000000 780.000000 198.000000 1.734554 0.697412 1.791634 6.627423 0.729584 31.450242 0.274283 0.798975
Cyclist -1 -1 -10 586.000000 169.000000 617.000000 197.000000 1.701328 0.643667 1.769272 -0.330770 0.787335 42.398493 -0.449807 0.575748
