Pedestrian -1 -1 -10 629.000000 173.000000 640.000000 204.000000 1.703546 0.593732 0.693396 1.526754 1.694071 42.269667 1.598233 0.300595
Car -1 -1 -10 540.000000 173.000000 593.000000 219.000000 1.714178 1.699911 4.110042 -1.765505 1.754894 29.284536 1.527286 0.999180
Car -1 -1 -10 712.000000 181.000000 792.000000 257.000000 1.585605 1.560434 3.121190 3.322235 1.820348 16.542559 -1.501392 0.998943
Car -1 -1 -10 297.000000 185.000000 512.000000 331.000000 1.443258 1.580559 3.757729 -2.476135 1.638681 9.381356 -1.515847 0.998470
Car -1 -1 -10 374.000000 172.000000 496.000000 220.000000 1.500132 1.615660 4.021648 -6.013276 1.538568 23.081652 -3.149365 0.981845
Car -1 -1 -10 -2.000000 195.000000 258.000000 373.000000 1.491474 1.588792 3.662382 -2.885619 1.620698 2.606789 1.623375 0.973296
Car -1 -1 -10 575.000000 178.000000 610.000000 210.000000 1.483717 1.598063 3.896463 -0.910137 1.744364 37.200044 -1.459378 0.968701
Car -1 -1 -10 696.000000 187.000000 747.000000 236.000000 1.534854 1.601078 3.664150 3.388807 1.914792 21.596695 -1.468892 0.947168
Car -1 -1 -10 952.000000 221.000000 1209.000000 370.000000 1.530538 1.604818 3.779530 2.479631 1.394678 2.051490 -1.557922 0.810633
Cyclist -1 -1 -10 628.000000 173.000000 640.000000 204.000000 1.706795 0.538978 1.747553 1.468412 1.690890 42.372559 1.620220 0.810271
Cyclist -1 -1 -10 370.000000 171.000000 494.000000 220.000000 1.732699 0.712114 1.924463 -5.369901 1.487827 22.441672 -2.969002 0.025430
