Pedestrian -1 -1 -10 350.000000 164.000000 386.000000 257.000000 1.770600 0.639635 0.773911 -4.718822 1.432790 14.472892 2.334226 0.977108
Pedestrian -1 -1 -10 476.000000 183.000000 507.000000 254.000000 1.597580 0.721888 0.916613 -2.171252 1.662237 14.175945 -1.758087 0.591133
Pedestrian -1 -1 -10 445.000000 187.000000 475.000000 254.000000 1.596417 0.699286 0.789142 -2.845874 1.666863 14.307753 -1.334890 0.324570
Pedestrian -1 -1 -10 1120.000000 128.000000 1154.000000 231.000000 1.691030 0.622077 0.710542 8.794352 0.831769 11.885512 -0.413442 0.150606
Pedestrian -1 -1 -10 1103.000000 129.000000 1137.000000 231.000000 1.769696 0.600630 0.832077 8.865941 0.939962 12.408482 3.158772 0.076550
Pedestrian -1 -1 -10 466.000000 186.000000 494.000000 249.000000 1.685452 0.621860 0.630248 -2.775764 1.157428 17.168470 -1.210366 0.065551
Pedestrian -1 -1 -10 1090.000000 130.000000 1124.000000 230.000000 1.666841 0.674351 0.737854 8.811837 0.905240 12.595022 -0.478274 0.059103
Car -1 -1 -10 728.000000 152.000000 913.000000 292.000000 1.742878 1.677830 3.905230 3.163492 1.431467 11.356229 -1.630134 0.969015
Car -1 -1 -10 967.000000 206.000000 1234.000000 372.000000 1.483094 1.585588 4.030862 4.544963 1.299491 3.913563 -0.283321 0.191117
Cyclist -1 -1 -10 978.000000 201.000000 1216.000000 373.000000 1.578582 0.287199 1.546967 2.704373 1.727397 4.221962 1.748874 0.537004
