Pedestrian -1 -1 -10 700.000000 164.000000 710.000000 192.000000 1.768536 0.607062 0.741981 6.478608 1.462061 48.793858 1.233154 0.084622
Car -1 -1 -10 771.000000 176.000000 842.000000 241.000000 1.548514 1.588204 3.339083 5.050339 1.758730 19.004723 -1.433771 0.999551
Car -1 -1 -10 617.000000 166.000000 665.000000 208.000000 1.598024 1.666732 3.973911 1.423428 1.444986 31.868394 1.619087 0.999496
Car -1 -1 -10 448.000000 173.000000 594.000000 281.000000 1.504624 1.613717 3.855717 -1.344906 1.585288 12.286243 -1.455945 0.999070
Car -1 -1 -10 -10.000000 176.000000 451.000000 372.000000 1.515947 1.580041 3.673029 -2.494146 1.572556 5.424249 1.703954 0.988311
Car -1 -1 -10 875.000000 204.000000 1241.000000 372.000000 1.502394 1.582539 3.680792 2.842644 1.699697 4.202948 -1.466084 0.974316
Car -1 -1 -10 644.000000 169.000000 680.000000 200.000000 1.567548 1.618426 3.877503 2.693433 1.436487 39.545076 -1.424269 0.960512
Car -1 -1 -10 762.000000 177.000000 807.000000 226.000000 1.538859 1.626050 3.751619 5.915374 1.780119 23.760843 -1.366311 0.950329
Car -1 -1 -10 475.000000 163.000000 577.000000 225.000000 1.457758 1.556950 3.810535 -3.313392 1.287825 26.063459 -3.049966 0.935248
Cyclist -1 -1 -10 700.000000 164.000000 710.000000 192.000000 1.731843 0.549865 1.671808 6.565945 1.265948 48.940690 -0.915286 0.179160
Cyclist -1 -1 -10 469.000000 162.000000 575.000000 229.000000 1.684044 0.575794 1.660632 -2.493131 1.466564 21.573073 -1.184082 0.012060
