Car -1 -1 -10 674.000000 176.000000 744.000000 222.000000 1.494444 1.624108 3.888819 3.032175 1.571663 24.091741 -1.581468 0.998516
Car -1 -1 -10 368.000000 192.000000 453.000000 244.000000 1.458633 1.597341 3.943739 -6.095388 2.076818 22.094644 1.520947 0.997866
Car -1 -1 -10 436.000000 188.000000 493.000000 226.000000 1.458020 1.579563 3.891072 -5.957202 2.134354 29.674265 1.590667 0.996665
Car -1 -1 -10 869.000000 146.000000 1063.000000 213.000000 1.553842 1.665886 4.179688 9.161952 1.008067 18.123348 3.212682 0.996334
Car -1 -1 -10 269.000000 197.000000 401.000000 274.000000 1.462835 1.576442 3.790452 -6.074935 2.075651 16.094174 1.553261 0.991704
Car -1 -1 -10 89.000000 207.000000 316.000000 329.000000 1.498593 1.605790 3.880146 -5.977046 2.050333 11.341197 1.549325 0.910109
Car -1 -1 -10 6.000000 223.000000 145.000000 372.000000 1.549113 1.637622 3.764560 -6.069292 2.087989 6.398665 1.556295 0.848288
Car -1 -1 -10 661.000000 176.000000 715.000000 213.000000 1.519725 1.625156 3.868775 3.045288 1.645042 29.548958 -1.587636 0.748074
Car -1 -1 -10 794.000000 156.000000 948.000000 204.000000 1.547305 1.689932 4.187634 8.275284 1.279973 24.246616 -0.147119 0.442146
Car -1 -1 -10 649.000000 178.000000 688.000000 205.000000 1.519999 1.605008 3.866606 3.086639 1.735613 39.424327 1.481440 0.384173
Car -1 -1 -10 466.000000 186.000000 513.000000 217.000000 1.500845 1.542631 3.584939 -6.385798 2.353712 33.960146 -3.198016 0.151693
Car -1 -1 -10 215.000000 210.000000 320.000000 270.000000 1.547749 1.458798 3.147658 -6.540060 2.209457 13.884341 -1.952698 0.044203
Car -1 -1 -10 235.000000 223.000000 297.000000 255.000000 1.534070 1.599515 3.690915 -11.038645 2.772808 22.875018 1.575772 0.016215
Car -1 -1 -10 1191.000000 129.000000 1241.000000 179.000000 1.502839 1.604145 3.900669 23.204348 0.153492 25.399147 0.095474 0.012649
