Car -1 -1 -10 634.000000 181.000000 688.000000 219.000000 1.457490 1.573603 3.664887 2.047568 1.820466 29.717173 -1.706581 0.998606
Car -1 -1 -10 795.000000 180.000000 957.000000 245.000000 1.474029 1.560878 3.756935 6.300015 1.652326 17.358558 -2.090806 0.996142
Car -1 -1 -10 318.000000 183.000000 477.000000 230.000000 1.530583 1.614884 3.981891 -7.209050 1.959199 25.190060 -3.121805 0.970856
Car -1 -1 -10 32.000000 194.000000 308.000000 300.000000 1.499600 1.593954 3.757495 -6.664418 1.851365 10.655467 -3.214459 0.936081
Car -1 -1 -10 -2.000000 187.000000 206.000000 333.000000 1.579464 1.622282 3.751679 -7.080800 1.705143 8.811820 -3.110229 0.775515
Car -1 -1 -10 378.000000 182.000000 491.000000 217.000000 1.582384 1.585492 3.946635 -7.354817 2.058087 32.784750 -3.157608 0.688178
Car -1 -1 -10 269.000000 185.000000 430.000000 244.000000 1.477809 1.624930 4.068479 -7.574124 1.820942 20.549167 -3.152794 0.556835
Car -1 -1 -10 617.000000 179.000000 660.000000 208.000000 1.623588 1.635596 4.147638 1.269273 1.909884 39.508886 -1.645169 0.360334
Car -1 -1 -10 130.000000 177.000000 367.000000 284.000000 1.756345 1.724842 4.374693 -6.563943 1.836569 13.028337 -3.238786 0.310195
Car -1 -1 -10 422.000000 182.000000 511.000000 212.000000 1.563661 1.648291 3.984121 -7.741835 2.070632 36.954004 0.042917 0.214161
