Car -1 -1 -10 387.000000 181.000000 477.000000 238.000000 1.505319 1.622618 3.801769 -4.848235 1.416726 20.530879 -1.587783 0.999159
Car -1 -1 -10 575.000000 173.000000 629.000000 222.000000 1.551384 1.665736 3.853486 -0.255863 1.155780 25.596749 -1.584229 0.998629
Car -1 -1 -10 1.000000 149.000000 337.000000 374.000000 1.754043 1.686898 4.099520 -4.501788 1.562295 7.745617 -1.549327 0.949490
Car -1 -1 -10 508.000000 172.000000 549.000000 203.000000 1.486263 1.597314 3.822698 -5.164215 0.899859 42.764005 -3.184428 0.899471
Car -1 -1 -10 353.000000 179.000000 389.000000 206.000000 1.525832 1.599368 3.898412 -13.498902 1.246354 41.477732 -1.408803 0.410006
Car -1 -1 -10 266.000000 181.000000 344.000000 237.000000 1.499835 1.563202 3.603070 -9.112787 1.554506 21.426822 1.734341 0.159737
Car -1 -1 -10 424.000000 176.000000 469.000000 206.000000 1.524839 1.532821 3.356522 -8.498498 1.057335 40.245885 1.364843 0.150041
Car -1 -1 -10 389.000000 180.000000 431.000000 211.000000 1.576007 1.643708 3.938671 -9.174314 1.274318 33.130222 -1.813284 0.092045
Car -1 -1 -10 203.000000 175.000000 338.000000 240.000000 1.591248 1.595282 3.735859 -8.652288 1.477823 19.077357 -1.546559 0.030797
Car -1 -1 -10 577.000000 174.000000 609.000000 204.000000 1.501743 1.581225 3.638709 -1.313592 0.918821 49.385943 -1.602674 0.015003
