Car -1 -1 -10 750.000000 183.000000 908.000000 297.000000 1.511372 1.602499 3.700708 3.367050 1.741236 11.703590 -1.573647 0.999626
Car -1 -1 -10 680.000000 183.000000 730.000000 219.000000 1.468960 1.568455 3.444891 3.863857 1.943616 30.162600 -1.569622 0.997176
Car -1 -1 -10 209.000000 185.000000 421.000000 257.000000 1.517304 1.642050 4.144935 -6.184805 1.736229 15.433831 -3.168606 0.996107
Car -1 -1 -10 -10.000000 183.000000 329.000000 333.000000 1.564691 1.664866 4.148449 -5.861441 1.674004 8.447528 0.080748 0.995274
Car -1 -1 -10 385.000000 180.000000 510.000000 228.000000 1.580460 1.616896 3.932514 -5.590173 1.635790 25.674259 -3.190804 0.992925
Car -1 -1 -10 712.000000 179.000000 821.000000 256.000000 1.562057 1.652009 3.900367 3.452155 1.716949 16.866512 -1.550469 0.987451
Car -1 -1 -10 319.000000 182.000000 471.000000 237.000000 1.548524 1.619560 3.970416 -6.301800 1.796743 20.881843 -3.112141 0.979210
Car -1 -1 -10 427.000000 178.000000 537.000000 219.000000 1.550140 1.649607 4.112913 -5.015049 1.829216 29.258100 0.791294 0.645722
Car -1 -1 -10 473.000000 178.000000 554.000000 211.000000 1.587952 1.633365 3.962010 -4.489224 1.805394 38.350186 -3.155628 0.320054
Car -1 -1 -10 711.000000 179.000000 778.000000 226.000000 1.529446 1.534768 3.230111 4.280572 1.483601 20.864394 2.611695 0.067196
Car -1 -1 -10 6.000000 185.000000 154.000000 338.000000 1.536386 1.615896 3.842672 -6.172156 1.637524 8.597514 0.258670 0.047020
