Pedestrian -1 -1 -10 808.000000 163.000000 851.000000 267.000000 1.630481 0.631361 0.763834 3.416749 1.266209 10.939411 -1.710729 0.974265
Pedestrian -1 -1 -10 932.000000 144.000000 973.000000 270.000000 1.734184 0.644511 0.581709 5.102834 1.272787 10.752662 0.610590 0.281300
Pedestrian -1 -1 -10 797.000000 176.000000 829.000000 264.000000 1.707144 0.620448 0.781847 3.250859 1.512690 10.958087 0.294699 0.208696
Pedestrian -1 -1 -10 542.000000 153.000000 551.000000 184.000000 1.799964 0.671709 0.891287 -3.435089 0.075700 44.594119 1.526621 0.082480
Pedestrian -1 -1 -10 868.000000 149.000000 902.000000 229.000000 1.847013 0.593606 0.516754 6.668012 1.277985 16.603456 -0.702387 0.078099
Pedestrian -1 -1 -10 923.000000 145.000000 955.000000 265.000000 1.683280 0.612588 0.624024 5.159411 1.170973 10.884587 2.962587 0.063450
Pedestrian -1 -1 -10 522.000000 152.000000 532.000000 186.000000 1.765910 0.610594 0.780583 -4.260086 0.141844 40.661679 -1.740561 0.060938
Pedestrian -1 -1 -10 911.000000 149.000000 940.000000 250.000000 1.693951 0.639046 0.632546 5.376649 0.540486 11.800669 2.972072 0.040543
Pedestrian -1 -1 -10 606.000000 152.000000 612.000000 181.000000 1.797050 0.636379 0.886446 0.538633 -0.097724 49.339221 1.194319 0.030159
Pedestrian -1 -1 -10 963.000000 151.000000 999.000000 282.000000 1.771492 0.607202 0.717651 5.352040 1.070372 10.039256 3.039061 0.023729
Cyclist -1 -1 -10 411.000000 158.000000 484.000000 275.000000 1.699172 0.566733 1.776303 -2.426970 1.346010 11.149510 1.690538 0.999596
Cyclist -1 -1 -10 290.000000 151.000000 390.000000 323.000000 1.740018 0.593151 1.759243 -2.993994 1.383183 8.329613 1.537490 0.999229
Cyclist -1 -1 -10 427.000000 163.000000 458.000000 201.000000 1.687843 0.546198 1.590065 -6.568048 1.173618 28.583183 -1.206501 0.011419
