Pedestrian -1 -1 -10 2.000000 159.000000 103.000000 369.000000 1.741792 0.597007 0.929772 -4.672362 1.440225 6.090581 -2.812923 0.018626
Car -1 -1 -10 779.000000 193.000000 1079.000000 376.000000 1.480519 1.601179 3.787258 2.972672 1.729268 7.594417 -1.596285 0.999468
Car -1 -1 -10 675.000000 183.000000 756.000000 243.000000 1.515667 1.631778 3.791092 2.788788 1.810991 19.864811 -1.569861 0.999418
Car -1 -1 -10 17.000000 170.000000 347.000000 298.000000 1.677649 1.678430 4.028544 -6.387562 1.622611 10.624346 -3.106827 0.997266
Car -1 -1 -10 231.000000 175.000000 443.000000 243.000000 1.601624 1.657392 4.108841 -6.511353 1.708647 18.296673 0.110708 0.977835
Car -1 -1 -10 653.000000 176.000000 697.000000 217.000000 1.580242 1.619825 3.842653 2.714174 1.789328 30.616250 -1.586740 0.962861
Car -1 -1 -10 420.000000 178.000000 511.000000 216.000000 1.526444 1.604826 3.841366 -6.000804 1.714787 31.018060 -3.193040 0.877822
Car -1 -1 -10 1000.000000 216.000000 1247.000000 369.000000 1.460584 1.605224 3.804629 2.872041 1.663052 1.610934 -1.584708 0.782319
Car -1 -1 -10 308.000000 169.000000 486.000000 228.000000 1.669446 1.682390 3.978847 -6.380465 1.564200 23.034105 -3.222885 0.580605
Car -1 -1 -10 163.000000 180.000000 355.000000 263.000000 1.558685 1.619133 3.799124 -6.498885 1.637833 12.707693 1.725994 0.575191
Car -1 -1 -10 2.000000 165.000000 132.000000 360.000000 1.740660 1.650603 3.972693 -5.844419 1.580678 5.293474 1.595859 0.481262
