Pedestrian -1 -1 -10 669.000000 170.000000 683.000000 207.000000 1.750345 0.678918 0.896861 3.507244 1.778343 36.904448 0.711464 0.914826
Car -1 -1 -10 755.000000 183.000000 964.000000 312.000000 1.457533 1.603343 3.658833 3.187384 1.605532 9.997134 -1.601230 0.998263
Car -1 -1 -10 223.000000 185.000000 385.000000 277.000000 1.507366 1.584571 3.831606 -5.592759 1.740569 13.570484 1.569632 0.997696
Car -1 -1 -10 475.000000 179.000000 528.000000 204.000000 1.447334 1.601528 3.810316 -6.273260 1.896367 42.556435 0.852897 0.994830
Car -1 -1 -10 -7.000000 189.000000 279.000000 346.000000 1.484940 1.539156 3.531947 -5.540045 1.752739 8.891353 1.573608 0.992155
Car -1 -1 -10 845.000000 185.000000 1249.000000 372.000000 1.489396 1.615196 4.021533 3.225586 1.694679 4.574771 -1.636808 0.985702
Car -1 -1 -10 238.000000 177.000000 305.000000 215.000000 1.572982 1.632207 3.889393 -14.417924 1.768413 31.075718 1.226707 0.048438
Car -1 -1 -10 827.000000 186.000000 1010.000000 358.000000 1.551195 1.690259 4.027934 3.171716 1.790453 4.289187 -1.689166 0.030034
Car -1 -1 -10 302.000000 180.000000 337.000000 205.000000 1.538043 1.609502 3.804436 -11.383629 1.398493 29.853473 -3.002207 0.018202
Car -1 -1 -10 295.000000 185.000000 360.000000 226.000000 1.477370 1.597075 3.792259 -10.558045 1.844335 28.456990 0.554785 0.010606
