Pedestrian -1 -1 -10 119.000000 173.000000 207.000000 373.000000 1.725421 0.622775 0.810844 -3.671708 1.627101 6.016352 -2.526251 0.996178
Pedestrian -1 -1 -10 359.000000 159.000000 412.000000 315.000000 1.756407 0.669899 0.923874 -2.552229 1.498141 8.357885 -1.898421 0.990953
Pedestrian -1 -1 -10 208.000000 160.000000 314.000000 373.000000 1.686725 0.673036 0.812165 -2.252834 1.482233 4.901677 -2.507038 0.989952
Pedestrian -1 -1 -10 91.000000 180.000000 159.000000 336.000000 1.649940 0.605560 0.726317 -5.368065 1.609538 8.119122 -1.750699 0.981166
Pedestrian -1 -1 -10 294.000000 162.000000 363.000000 372.000000 1.731449 0.598052 0.779039 -2.240621 1.617405 5.735358 -2.448590 0.974671
Pedestrian -1 -1 -10 166.000000 172.000000 234.000000 331.000000 1.762233 0.644527 0.793895 -4.260293 1.693492 7.834117 0.606351 0.761796
Pedestrian -1 -1 -10 253.000000 165.000000 324.000000 326.000000 1.744609 0.638380 0.737348 -4.222029 1.483336 9.723614 1.103468 0.697616
Pedestrian -1 -1 -10 321.000000 163.000000 357.000000 323.000000 1.665810 0.629735 0.744289 -3.186335 1.330971 8.201909 2.778358 0.589560
Pedestrian -1 -1 -10 198.000000 162.000000 242.000000 312.000000 1.715901 0.586184 0.749454 -4.228900 1.718555 7.828257 0.630501 0.476448
Pedestrian -1 -1 -10 535.000000 169.000000 551.000000 215.000000 1.674608 0.630393 0.841393 -2.298688 1.139601 27.831350 -1.665406 0.435230
Pedestrian -1 -1 -10 309.000000 173.000000 421.000000 282.000000 1.781711 0.677754 0.880130 -3.865860 1.500331 11.127159 -2.594188 0.302106
Pedestrian -1 -1 -10 664.000000 160.000000 686.000000 224.000000 1.726483 0.636638 0.774163 2.175891 1.138199 21.442046 1.661697 0.281730
Pedestrian -1 -1 -10 291.000000 169.000000 336.000000 327.000000 1.718540 0.648871 0.895918 -3.215040 1.213157 8.551798 -2.452327 0.179392
Pedestrian -1 -1 -10 546.000000 170.000000 562.000000 215.000000 1.712289 0.675715 0.816300 -1.834841 1.167179 27.919454 -1.966614 0.160553
Pedestrian -1 -1 -10 306.000000 174.000000 368.000000 268.000000 1.715193 0.650762 0.633981 -4.045334 1.243779 10.786480 -2.022775 0.140671
Pedestrian -1 -1 -10 262.000000 167.000000 388.000000 295.000000 1.716542 0.662877 0.782685 -3.165018 1.483607 8.465382 -1.546931 0.123579
Car -1 -1 -10 325.000000 175.000000 446.000000 278.000000 1.598587 1.618562 3.902044 -3.973247 1.543680 13.565787 1.477784 0.803837
Car -1 -1 -10 353.000000 168.000000 415.000000 300.000000 1.513939 1.598983 3.748921 -3.198329 1.296587 9.767739 0.812527 0.074383
Cyclist -1 -1 -10 478.000000 163.000000 518.000000 232.000000 1.746510 0.589541 1.774988 -2.949890 1.300500 19.322349 1.406126 0.999231
Cyclist -1 -1 -10 332.000000 177.000000 437.000000 281.000000 1.682911 0.749646 1.715769 -3.560651 2.080200 11.983861 -0.758484 0.377076
Cyclist -1 -1 -10 356.000000 164.000000 411.000000 307.000000 1.754162 0.532922 1.684494 -2.590998 1.516950 8.343484 -2.223636 0.035019
Cyclist -1 -1 -10 323.000000 161.000000 354.000000 290.000000 1.698123 0.590550 1.589988 -4.248862 1.014801 10.878508 -1.913164 0.024855
Cyclist -1 -1 -10 272.000000 170.000000 405.000000 286.000000 1.681160 0.617427 1.569119 -3.493856 1.251298 9.224798 0.667039 0.018933
Cyclist -1 -1 -10 664.000000 161.000000 687.000000 224.000000 1.757807 0.582392 1.701038 2.166638 1.196766 21.511172 1.188250 0.015043
Cyclist -1 -1 -10 309.000000 174.000000 365.000000 261.000000 1.711705 0.591264 1.642037 -4.257832 1.092891 10.771323 1.764065 0.013757
Cyclist -1 -1 -10 264.000000 161.000000 369.000000 366.000000 1.764796 0.521113 1.729709 -2.347904 1.562740 5.679674 -1.449507 0.011312
Cyclist -1 -1 -10 201.000000 161.000000 251.000000 317.000000 1.724566 0.657477 1.721457 -4.487432 1.556615 8.056617 -2.057014 0.011263
