Pedestrian -1 -1 -10 2.000000 166.000000 151.000000 373.000000 1.700869 0.693827 0.770591 -3.030997 1.635597 4.287212 -2.516976 0.995357
Pedestrian -1 -1 -10 294.000000 163.000000 357.000000 332.000000 1.749340 0.647369 0.910885 -2.934936 1.534448 7.558074 -1.988585 0.992636
Pedestrian -1 -1 -10 150.000000 158.000000 241.000000 369.000000 1.648392 0.659150 0.744043 -2.744696 1.519974 4.942239 -2.524467 0.988317
Pedestrian -1 -1 -10 231.000000 170.000000 301.000000 336.000000 1.742687 0.703705 0.796810 -3.660309 1.569501 7.884725 1.038272 0.960693
Pedestrian -1 -1 -10 188.000000 166.000000 248.000000 331.000000 1.766788 0.676756 0.742632 -4.508700 1.550452 8.512802 2.549974 0.824710
Pedestrian -1 -1 -10 266.000000 158.000000 308.000000 302.000000 1.729741 0.685425 0.718544 -4.260884 1.406378 9.784581 0.781203 0.820272
Pedestrian -1 -1 -10 665.000000 161.000000 685.000000 228.000000 1.791482 0.639164 0.949890 2.046363 1.233151 19.924053 1.269736 0.662455
Pedestrian -1 -1 -10 108.000000 171.000000 155.000000 298.000000 1.760121 0.664978 0.692920 -7.202960 1.630146 11.005277 1.405749 0.653420
Pedestrian -1 -1 -10 153.000000 163.000000 209.000000 312.000000 1.685418 0.605497 0.683544 -4.492508 1.598781 7.511927 -0.444884 0.471516
Pedestrian -1 -1 -10 216.000000 171.000000 260.000000 317.000000 1.832387 0.650692 0.800434 -4.556760 1.591542 8.875839 2.176141 0.417287
Pedestrian -1 -1 -10 286.000000 175.000000 427.000000 297.000000 1.706622 0.745126 0.754858 -3.419900 2.015733 11.289379 -2.314629 0.390641
Pedestrian -1 -1 -10 525.000000 171.000000 542.000000 216.000000 1.738544 0.658461 0.925751 -2.612000 1.251481 27.449762 -1.694642 0.303427
Car -1 -1 -10 290.000000 179.000000 432.000000 287.000000 1.546771 1.625499 3.983669 -4.057748 1.549536 12.316811 1.485550 0.981815
Car -1 -1 -10 292.000000 169.000000 367.000000 319.000000 1.614459 1.564209 3.308238 -2.107390 1.460370 8.529924 -0.247636 0.022203
Cyclist -1 -1 -10 462.000000 163.000000 504.000000 244.000000 1.719720 0.576498 1.755416 -2.794572 1.347694 16.302931 1.311911 0.999073
Cyclist -1 -1 -10 283.000000 174.000000 434.000000 298.000000 1.683267 0.711831 1.747521 -3.449369 1.652781 11.668296 1.724570 0.055098
Cyclist -1 -1 -10 149.000000 165.000000 255.000000 345.000000 1.673046 0.573700 1.683200 -2.917737 1.436881 5.010892 0.466036 0.038815
Cyclist -1 -1 -10 273.000000 164.000000 317.000000 300.000000 1.732571 0.562031 1.666721 -4.389157 1.287423 9.878701 -1.429844 0.022061
Cyclist -1 -1 -10 263.000000 166.000000 363.000000 312.000000 1.757524 0.585003 1.665318 -3.117140 1.487283 7.611926 -2.545712 0.020364
Cyclist -1 -1 -10 524.000000 170.000000 543.000000 216.000000 1.807787 0.523046 1.702434 -2.542390 1.265788 27.535246 -1.133360 0.010083
