Pedestrian -1 -1 -10 500.000000 174.000000 518.000000 224.000000 1.686896 0.628603 0.661008 -3.654434 1.779587 25.654888 1.499709 0.122148
Pedestrian -1 -1 -10 708.000000 159.000000 726.000000 212.000000 1.749896 0.658822 0.877545 4.020054 1.373801 26.843100 -1.820518 0.076366
Pedestrian -1 -1 -10 365.000000 182.000000 373.000000 212.000000 1.729356 0.564114 0.698298 -8.660090 1.909251 26.072134 2.234396 0.059927
Pedestrian -1 -1 -10 364.000000 182.000000 391.000000 227.000000 1.683280 0.612588 0.624024 -8.116087 1.782104 23.876593 2.210647 0.015004
Pedestrian -1 -1 -10 411.000000 178.000000 448.000000 229.000000 1.635382 0.568104 0.585434 -4.209494 1.308010 17.458659 -0.184698 0.010631
Car -1 -1 -10 637.000000 175.000000 672.000000 201.000000 1.547218 1.599068 3.838084 2.528900 1.535666 40.439133 -3.025042 0.964688
Car -1 -1 -10 1.000000 212.000000 127.000000 374.000000 1.489060 1.614416 3.818266 -4.963655 1.750084 4.161757 1.572863 0.538366
Car -1 -1 -10 489.000000 179.000000 530.000000 211.000000 1.455412 1.611921 3.863822 -5.409796 2.038195 38.473100 1.524351 0.317335
Car -1 -1 -10 369.000000 189.000000 459.000000 247.000000 1.545724 1.576264 3.809423 -5.655938 1.919492 20.139649 1.506767 0.280081
Car -1 -1 -10 406.000000 182.000000 450.000000 231.000000 1.502701 1.590202 3.852256 -5.650198 1.543414 22.354682 -2.398564 0.019313
Car -1 -1 -10 360.000000 188.000000 411.000000 237.000000 1.563565 1.610045 3.784357 -7.416766 1.912899 24.799528 -1.968597 0.010582
Cyclist -1 -1 -10 396.000000 176.000000 457.000000 293.000000 1.724518 0.614590 1.741656 -3.025322 1.754759 11.689569 1.444709 0.999583
Cyclist -1 -1 -10 339.000000 179.000000 410.000000 301.000000 1.745263 0.612209 1.781509 -3.628111 1.826736 11.348308 1.611781 0.999460
Cyclist -1 -1 -10 499.000000 174.000000 520.000000 226.000000 1.714227 0.542064 1.758529 -3.628777 1.823619 25.613934 1.479761 0.998274
Cyclist -1 -1 -10 377.000000 188.000000 459.000000 249.000000 1.645309 0.480065 1.624065 -5.250012 2.107706 18.791368 -2.327640 0.564034
Cyclist -1 -1 -10 492.000000 178.000000 528.000000 212.000000 1.665527 0.731437 1.730988 -5.121650 2.558522 37.179747 1.883271 0.315302
Cyclist -1 -1 -10 353.000000 188.000000 429.000000 262.000000 1.727245 0.577076 1.605840 -5.178506 2.448316 17.839353 -1.255259 0.125874
Cyclist -1 -1 -10 709.000000 160.000000 727.000000 212.000000 1.807975 0.577909 1.710238 3.939250 1.405629 26.990840 -1.811098 0.060789
Cyclist -1 -1 -10 360.000000 184.000000 399.000000 234.000000 1.689257 0.494538 1.537982 -5.188206 1.430882 17.261161 -1.226773 0.043182
Cyclist -1 -1 -10 406.000000 182.000000 450.000000 231.000000 1.652282 0.623048 1.637866 -5.301497 1.648231 21.860226 -1.757724 0.028755
Cyclist -1 -1 -10 417.000000 173.000000 439.000000 242.000000 1.677954 0.514024 1.434747 -4.778340 2.091883 18.518417 -1.864961 0.010878
