Car -1 -1 -10 549.000000 188.000000 719.000000 343.000000 1.422557 1.664645 3.687179 0.238565 1.581872 8.569914 -1.538049 0.999605
Car -1 -1 -10 425.000000 177.000000 513.000000 243.000000 1.542312 1.660512 4.123768 -3.643666 1.667895 18.633523 -1.584128 0.994822
Car -1 -1 -10 692.000000 177.000000 754.000000 218.000000 1.448297 1.633735 3.968664 4.205048 1.658955 27.642665 -1.575907 0.994503
Car -1 -1 -10 466.000000 164.000000 531.000000 223.000000 1.733563 1.647077 3.908477 -3.792850 1.503899 24.967648 -1.586091 0.990971
Car -1 -1 -10 1.000000 178.000000 317.000000 372.000000 1.518201 1.631320 3.823912 -3.268883 1.734074 4.173392 -1.587990 0.983713
Car -1 -1 -10 578.000000 177.000000 652.000000 259.000000 1.534445 1.569910 3.744292 0.156482 1.439548 19.205489 -1.597814 0.740172
Car -1 -1 -10 567.000000 184.000000 680.000000 289.000000 1.546482 1.631592 3.787140 0.098593 1.803022 8.274248 -1.556140 0.106275
Car -1 -1 -10 753.000000 177.000000 851.000000 251.000000 1.523288 1.567214 3.557806 3.521180 1.476398 13.224480 -1.447754 0.032564
Car -1 -1 -10 582.000000 179.000000 642.000000 222.000000 1.514411 1.558494 3.649368 0.118551 1.127184 19.154128 1.488340 0.028705
Car -1 -1 -10 901.000000 10.000000 1230.000000 368.000000 1.893640 1.663822 3.984181 3.565908 1.416683 4.774333 -1.541741 0.020272
Cyclist -1 -1 -10 578.000000 180.000000 655.000000 261.000000 1.754692 0.810389 1.816623 0.009937 1.484937 17.849206 -2.761136 0.085739
Cyclist -1 -1 -10 102.000000 180.000000 179.000000 229.000000 1.778488 0.710857 1.795583 -18.208252 2.031077 28.461749 2.497043 0.028673
Cyclist -1 -1 -10 562.000000 186.000000 717.000000 333.000000 1.694456 0.761131 1.838834 0.263858 1.668140 7.010425 3.114277 0.023113
