Car -1 -1 -10 478.000000 180.000000 532.000000 227.000000 1.540732 1.648658 3.556656 -3.840744 1.431504 26.514151 -1.728133 0.999710
Car -1 -1 -10 580.000000 179.000000 678.000000 255.000000 1.568967 1.651231 3.802771 0.286615 1.492326 17.497169 -1.696322 0.999526
Car -1 -1 -10 29.000000 193.000000 274.000000 320.000000 1.440292 1.585323 3.711802 -6.107887 1.579742 10.193156 -1.713883 0.999109
Car -1 -1 -10 246.000000 185.000000 374.000000 261.000000 1.439898 1.582921 3.805304 -6.692511 1.537714 16.480890 -1.662848 0.998285
Car -1 -1 -10 332.000000 183.000000 405.000000 231.000000 1.519398 1.630429 4.031190 -8.317493 1.508650 24.895555 -1.730511 0.993853
Car -1 -1 -10 395.000000 183.000000 435.000000 213.000000 1.490538 1.602601 3.894405 -9.797143 1.375144 36.723038 -1.743928 0.986392
Car -1 -1 -10 31.000000 171.000000 220.000000 259.000000 1.721468 1.627855 3.970468 -10.784439 1.335323 15.498920 -1.691163 0.399841
Car -1 -1 -10 215.000000 185.000000 310.000000 245.000000 1.497957 1.626563 3.910454 -11.569637 1.476661 24.859457 -1.654628 0.284800
Car -1 -1 -10 -1.000000 163.000000 113.000000 266.000000 1.767175 1.652803 3.992788 -11.421666 1.462715 15.123973 -1.748540 0.204925
Car -1 -1 -10 476.000000 183.000000 511.000000 217.000000 1.512919 1.606228 3.750268 -5.737139 1.494409 35.591812 -1.723686 0.090924
Car -1 -1 -10 413.000000 183.000000 447.000000 209.000000 1.579529 1.649499 3.877035 -11.444711 1.360413 45.246834 -3.281819 0.061126
Car -1 -1 -10 286.000000 173.000000 349.000000 210.000000 1.550513 1.667813 4.035853 -14.220308 0.806978 34.421033 -1.764911 0.046784
