Car -1 -1 -10 359.000000 182.000000 476.000000 254.000000 1.507222 1.655133 4.153956 -4.479223 1.425604 17.233082 -1.601683 0.999672
Car -1 -1 -10 74.000000 198.000000 351.000000 344.000000 1.460442 1.581237 3.724496 -4.566853 1.596738 8.860523 -1.566387 0.999363
Car -1 -1 -10 578.000000 173.000000 660.000000 254.000000 1.570712 1.663321 3.839561 0.201958 1.408747 16.747881 -1.558113 0.999345
Car -1 -1 -10 62.000000 187.000000 251.000000 275.000000 1.471095 1.612630 3.894867 -8.188311 1.560133 13.877979 -1.588983 0.984189
Car -1 -1 -10 223.000000 183.000000 304.000000 224.000000 1.474283 1.608766 3.849453 -12.378953 1.356461 25.791898 -1.561913 0.874254
Car -1 -1 -10 340.000000 183.000000 409.000000 222.000000 1.480553 1.583862 3.739009 -8.237613 1.274645 26.069099 -1.347415 0.661326
Car -1 -1 -10 0.000000 189.000000 50.000000 258.000000 1.518438 1.511592 3.465267 -15.992780 1.861096 19.131887 1.439979 0.421243
Car -1 -1 -10 612.000000 170.000000 648.000000 201.000000 1.510156 1.605072 3.718758 1.424700 1.191680 37.354397 -1.523037 0.184634
Car -1 -1 -10 149.000000 186.000000 242.000000 237.000000 1.524506 1.584278 4.000109 -18.671166 0.859083 32.272792 1.483558 0.182870
Car -1 -1 -10 4.000000 189.000000 109.000000 257.000000 1.502020 1.554108 3.629597 -16.719403 1.641756 20.371481 -2.205126 0.138085
Cyclist -1 -1 -10 219.000000 182.000000 307.000000 224.000000 1.650279 0.678559 1.828076 -11.903361 1.501966 24.759237 -1.421177 0.057819
Cyclist -1 -1 -10 68.000000 186.000000 234.000000 276.000000 1.702744 0.878428 1.932598 -8.163698 1.530994 12.613594 -1.514942 0.011297
