Pedestrian -1 -1 -10 469.000000 174.000000 494.000000 249.000000 1.707800 0.587398 0.585420 -2.604002 1.459489 15.348067 0.375552 0.997014
Pedestrian -1 -1 -10 246.000000 155.000000 297.000000 284.000000 1.802935 0.660138 1.019725 -4.993156 1.435732 10.644595 -3.090474 0.995916
Pedestrian -1 -1 -10 574.000000 172.000000 609.000000 248.000000 1.655995 0.612777 0.928792 -0.182480 1.556413 15.607423 -1.027190 0.992071
Pedestrian -1 -1 -10 541.000000 169.000000 564.000000 236.000000 1.732566 0.712978 0.713248 -1.364906 1.403393 19.437318 1.669782 0.974030
Pedestrian -1 -1 -10 614.000000 168.000000 632.000000 219.000000 1.712746 0.609003 0.931750 0.667810 1.201586 23.720090 1.503596 0.616252
Pedestrian -1 -1 -10 656.000000 167.000000 667.000000 205.000000 1.727529 0.618899 0.749888 2.861290 1.109390 34.662793 -1.547236 0.049799
Pedestrian -1 -1 -10 639.000000 168.000000 652.000000 206.000000 1.802679 0.606596 0.951650 2.217658 1.166086 35.664420 0.633114 0.038637
Pedestrian -1 -1 -10 631.000000 168.000000 644.000000 207.000000 1.734941 0.580897 0.771192 1.703998 0.971754 34.524700 1.249159 0.031398
Pedestrian -1 -1 -10 577.000000 172.000000 598.000000 229.000000 1.696967 0.642913 0.647131 -0.266731 1.610796 15.672246 1.930056 0.019877
Pedestrian -1 -1 -10 601.000000 163.000000 615.000000 212.000000 1.740090 0.667175 0.799382 0.361996 1.131680 30.506911 1.486942 0.014202
Pedestrian -1 -1 -10 586.000000 167.000000 604.000000 226.000000 1.754678 0.641303 0.616199 -0.342655 1.175512 34.693019 3.051759 0.012338
Car -1 -1 -10 932.000000 212.000000 1201.000000 370.000000 1.573161 1.655838 3.995908 2.446282 1.268630 1.492365 1.545251 0.010748
Cyclist -1 -1 -10 465.000000 177.000000 498.000000 249.000000 1.772168 0.518100 1.711383 -2.593307 1.516906 15.443462 0.746948 0.065614
Cyclist -1 -1 -10 538.000000 169.000000 565.000000 235.000000 1.688478 0.499354 1.682496 -1.424102 1.372552 19.269995 1.666642 0.013349
