Pedestrian -1 -1 -10 430.000000 179.000000 447.000000 227.000000 1.750803 0.665251 0.678449 -6.450501 1.938472 27.397629 -1.795715 0.949982
Pedestrian -1 -1 -10 412.000000 182.000000 427.000000 221.000000 1.731229 0.639314 0.711275 -7.258578 2.081927 27.370010 -1.735152 0.906605
Pedestrian -1 -1 -10 706.000000 184.000000 731.000000 215.000000 1.694526 0.579108 0.594937 2.595630 1.487235 15.146909 3.170721 0.019907
Pedestrian -1 -1 -10 422.000000 185.000000 431.000000 217.000000 1.636401 0.563608 0.562897 -4.498557 1.503417 18.455004 2.789548 0.019904
Pedestrian -1 -1 -10 413.000000 181.000000 446.000000 225.000000 1.745635 0.696379 0.855564 -6.883183 1.902976 27.312519 -1.717951 0.017740
Pedestrian -1 -1 -10 408.000000 195.000000 479.000000 248.000000 1.618562 0.862872 0.801146 -4.324045 2.143193 19.166984 -1.841702 0.012039
Pedestrian -1 -1 -10 427.000000 181.000000 437.000000 223.000000 1.671796 0.596117 0.624690 -6.625997 1.754730 27.410930 2.283394 0.011429
Car -1 -1 -10 686.000000 184.000000 803.000000 271.000000 1.473442 1.612183 3.763513 2.537426 1.698609 14.848314 -1.612270 0.999635
Car -1 -1 -10 406.000000 194.000000 482.000000 248.000000 1.498725 1.577261 3.639838 -4.740559 2.062219 20.758423 -1.635577 0.998409
Car -1 -1 -10 648.000000 183.000000 700.000000 228.000000 1.496449 1.579256 3.632879 2.105458 1.871863 25.061144 -1.595889 0.993041
Car -1 -1 -10 625.000000 181.000000 657.000000 210.000000 1.543940 1.641647 3.937269 1.966683 2.040788 40.734760 -1.587773 0.958781
Car -1 -1 -10 451.000000 181.000000 508.000000 227.000000 1.594294 1.585715 3.798537 -5.182000 2.054931 29.827159 -1.590590 0.956256
Car -1 -1 -10 0.000000 214.000000 218.000000 372.000000 1.475103 1.626548 3.861165 -4.724435 1.846106 5.162253 1.544242 0.937890
Car -1 -1 -10 491.000000 185.000000 527.000000 213.000000 1.659621 1.594388 3.913364 -6.008887 2.329807 43.942155 1.495335 0.414310
Car -1 -1 -10 984.000000 195.000000 1243.000000 370.000000 1.604341 1.610877 3.692174 2.913082 1.604768 2.525879 -1.543089 0.279049
Car -1 -1 -10 430.000000 184.000000 492.000000 235.000000 1.769059 1.720940 4.103604 -6.190641 2.114059 29.018097 2.887036 0.054937
Car -1 -1 -10 412.000000 182.000000 458.000000 230.000000 1.518149 1.597405 3.612351 -6.619668 1.699919 28.764095 -1.806140 0.026701
Car -1 -1 -10 705.000000 185.000000 731.000000 216.000000 1.516594 1.605443 3.804242 5.756192 1.756874 36.615292 -1.418532 0.023066
Car -1 -1 -10 471.000000 185.000000 520.000000 221.000000 1.514517 1.597179 3.971331 -5.175583 1.968275 30.062260 -1.580256 0.011518
Cyclist -1 -1 -10 706.000000 185.000000 731.000000 216.000000 1.695469 0.504073 1.578235 2.945601 1.408862 17.436075 -0.775786 0.031978
Cyclist -1 -1 -10 982.000000 191.000000 1229.000000 374.000000 1.702619 0.791024 1.869507 2.300164 1.629874 3.274466 -1.578923 0.022793
Cyclist -1 -1 -10 412.000000 183.000000 432.000000 223.000000 1.707607 0.694021 1.704650 -7.233103 1.896075 27.593181 2.444231 0.014685
Cyclist -1 -1 -10 412.000000 182.000000 458.000000 230.000000 1.721881 0.625304 1.671914 -4.881155 1.833855 20.032415 1.364007 0.014257
Cyclist -1 -1 -10 425.000000 181.000000 448.000000 221.000000 1.688182 0.597882 1.590675 -6.527887 1.877212 27.588200 1.881156 0.010547
