Pedestrian -1 -1 -10 453.000000 178.000000 465.000000 204.000000 1.708656 0.636638 0.602008 -7.282250 1.461936 33.282491 -1.246199 0.499947
Car -1 -1 -10 416.000000 186.000000 493.000000 240.000000 1.497807 1.627356 3.910894 -4.566274 1.866183 21.750701 1.512649 0.999392
Car -1 -1 -10 694.000000 180.000000 804.000000 263.000000 1.506447 1.645819 4.043046 2.709572 1.667056 15.040184 -1.584087 0.998800
Car -1 -1 -10 798.000000 185.000000 1100.000000 373.000000 1.498076 1.567570 3.572185 3.065463 1.675820 7.157138 -1.563066 0.998269
Car -1 -1 -10 675.000000 179.000000 751.000000 238.000000 1.512428 1.608281 3.711396 2.867721 1.671602 21.214125 -1.584237 0.992100
Car -1 -1 -10 950.000000 196.000000 1247.000000 377.000000 1.477930 1.596911 3.820036 2.798445 1.656212 2.647821 -1.575144 0.986839
Car -1 -1 -10 103.000000 186.000000 305.000000 252.000000 1.504928 1.623203 3.959137 -9.488926 1.779652 17.022836 0.022977 0.981558
Car -1 -1 -10 657.000000 178.000000 706.000000 218.000000 1.527487 1.635329 3.788009 2.879960 1.772170 29.715916 -1.582311 0.975628
Car -1 -1 -10 457.000000 177.000000 515.000000 227.000000 1.691895 1.598829 3.824912 -4.547425 1.865436 27.219518 1.564947 0.969100
Car -1 -1 -10 491.000000 178.000000 535.000000 217.000000 1.579207 1.641782 4.088107 -4.608269 1.992478 32.625600 1.598468 0.761690
Car -1 -1 -10 4.000000 209.000000 149.000000 378.000000 1.513374 1.633523 3.836711 -4.356284 1.772508 3.229591 1.563135 0.435546
Cyclist -1 -1 -10 1.000000 209.000000 145.000000 375.000000 1.672312 0.558259 1.714037 -3.791037 1.928438 4.595268 -1.734078 0.016945
