Car -1 -1 -10 184.000000 192.000000 397.000000 313.000000 1.473950 1.602887 3.855323 -4.663202 1.834449 11.122990 1.592725 0.999346
Car -1 -1 -10 514.000000 179.000000 554.000000 208.000000 1.559384 1.554369 3.617931 -3.958643 1.854877 38.105851 1.609424 0.999245
Car -1 -1 -10 769.000000 184.000000 944.000000 289.000000 1.483578 1.617058 3.754208 3.741152 1.662962 11.826202 -1.565126 0.999148
Car -1 -1 -10 347.000000 185.000000 465.000000 260.000000 1.513854 1.567280 3.772433 -4.566270 1.843318 16.760333 1.626031 0.999064
Car -1 -1 -10 419.000000 185.000000 501.000000 236.000000 1.435142 1.581237 3.967484 -4.507302 1.793662 22.124270 1.566861 0.998933
Car -1 -1 -10 877.000000 194.000000 1236.000000 374.000000 1.478704 1.617691 3.931097 3.792007 1.695968 6.343625 -1.552454 0.996303
Car -1 -1 -10 702.000000 179.000000 770.000000 230.000000 1.521279 1.619863 3.909043 3.840191 1.826237 22.252593 -1.550890 0.995520
Car -1 -1 -10 719.000000 181.000000 831.000000 250.000000 1.463600 1.650600 4.109801 3.701120 1.673534 17.019423 -1.577642 0.993992
Car -1 -1 -10 692.000000 178.000000 746.000000 217.000000 1.507981 1.613341 3.806390 4.210879 1.731579 27.735168 -1.544274 0.950122
Car -1 -1 -10 531.000000 178.000000 564.000000 205.000000 1.515976 1.611735 3.963543 -4.079054 1.909435 42.622167 1.669304 0.851347
