Car -1 -1 -10 573.000000 174.000000 611.000000 209.000000 1.650707 1.665020 4.088700 -0.820204 1.169038 36.542353 -1.584658 0.999450
Car -1 -1 -10 438.000000 181.000000 504.000000 225.000000 1.414338 1.588193 3.798498 -4.705565 1.258038 25.290798 -1.594181 0.998874
Car -1 -1 -10 327.000000 183.000000 453.000000 260.000000 1.453858 1.619346 3.974226 -4.770662 1.404734 15.903535 -1.553034 0.998860
Car -1 -1 -10 286.000000 182.000000 379.000000 231.000000 1.468281 1.643334 4.002472 -8.538930 1.439301 23.122981 -1.502203 0.977761
Car -1 -1 -10 -1.000000 194.000000 294.000000 372.000000 1.469376 1.591056 3.775770 -4.216110 1.584325 6.261295 -1.555144 0.955107
Car -1 -1 -10 55.000000 175.000000 259.000000 274.000000 1.498469 1.589294 3.734246 -8.526979 1.414335 14.232912 -1.585082 0.947184
Car -1 -1 -10 191.000000 175.000000 293.000000 219.000000 1.516066 1.598491 3.561338 -12.254741 1.290079 24.196309 -1.585238 0.299796
Car -1 -1 -10 368.000000 179.000000 434.000000 205.000000 1.538097 1.540253 3.251418 -5.652474 1.578489 20.794677 2.156692 0.130645
Car -1 -1 -10 463.000000 178.000000 509.000000 212.000000 1.589083 1.599863 3.812033 -5.737115 1.303228 33.327012 -1.616912 0.021783
Car -1 -1 -10 1.000000 194.000000 135.000000 370.000000 1.476752 1.604284 3.788018 -4.824306 1.569342 5.882304 -2.805972 0.014829
Car -1 -1 -10 108.000000 203.000000 259.000000 256.000000 1.494886 1.599311 3.753847 -8.663738 1.687692 14.553702 1.617596 0.011313
