Pedestrian -1 -1 -10 674.000000 167.000000 682.000000 206.000000 1.767244 0.595722 0.824526 3.249833 1.516184 34.889882 1.260393 0.230747
Car -1 -1 -10 774.000000 183.000000 1056.000000 346.000000 1.453634 1.578202 3.675861 3.145324 1.592829 8.180920 -1.602554 0.999477
Car -1 -1 -10 471.000000 177.000000 524.000000 204.000000 1.426710 1.569582 3.869400 -6.291030 1.755830 39.671791 0.926118 0.996914
Car -1 -1 -10 139.000000 183.000000 346.000000 293.000000 1.543829 1.606541 3.866740 -5.724327 1.742495 11.767087 1.558025 0.996542
Car -1 -1 -10 2.000000 195.000000 208.000000 375.000000 1.486619 1.613305 3.842677 -5.603933 1.764242 6.993555 1.549975 0.952925
Car -1 -1 -10 935.000000 170.000000 1248.000000 378.000000 1.482050 1.649092 3.833201 2.828184 1.807949 2.744297 -1.622045 0.911962
Car -1 -1 -10 202.000000 175.000000 276.000000 218.000000 1.456908 1.541384 3.899096 -14.475890 1.865329 29.049170 1.492072 0.614992
Car -1 -1 -10 264.000000 183.000000 340.000000 236.000000 1.486404 1.612937 3.834225 -11.171047 1.707465 26.447291 -2.948258 0.112602
Car -1 -1 -10 172.000000 178.000000 240.000000 218.000000 1.516849 1.618146 3.691938 -15.873797 1.531842 29.736247 -1.421143 0.024069
Cyclist -1 -1 -10 939.000000 171.000000 1247.000000 376.000000 1.668943 0.620622 1.799440 2.439418 1.939708 3.516758 1.548124 0.020119
