Pedestrian -1 -1 -10 707.000000 137.000000 765.000000 291.000000 1.767078 0.702489 0.835756 1.605671 1.267480 8.804004 1.281753 0.997327
Pedestrian -1 -1 -10 538.000000 140.000000 565.000000 218.000000 1.817034 0.690369 0.835980 -1.301693 0.845168 16.535166 1.437504 0.995784
Pedestrian -1 -1 -10 646.000000 134.000000 696.000000 304.000000 1.813866 0.697912 0.962815 0.755044 1.339318 8.507139 0.774731 0.995563
Pedestrian -1 -1 -10 568.000000 137.000000 594.000000 217.000000 1.765828 0.645989 1.005941 -0.623384 0.777849 16.767275 1.153827 0.987190
Pedestrian -1 -1 -10 497.000000 141.000000 523.000000 213.000000 1.796978 0.658225 0.881948 -2.463559 0.845505 17.487857 0.959339 0.982393
Pedestrian -1 -1 -10 472.000000 142.000000 496.000000 213.000000 1.765480 0.675955 0.895708 -3.160629 0.804099 18.059405 1.298291 0.925256
Pedestrian -1 -1 -10 416.000000 142.000000 442.000000 213.000000 1.698933 0.670020 0.727442 -4.325927 0.744974 17.390423 1.210563 0.804822
Pedestrian -1 -1 -10 245.000000 136.000000 277.000000 255.000000 1.788833 0.626887 0.877054 -5.976537 1.090593 12.141246 0.101501 0.750905
Pedestrian -1 -1 -10 529.000000 140.000000 556.000000 207.000000 1.820248 0.637841 0.716989 -1.978313 0.819831 19.917344 1.001253 0.636016
Pedestrian -1 -1 -10 275.000000 134.000000 317.000000 239.000000 1.737087 0.636509 0.754160 -5.115861 0.992150 11.672012 -1.476048 0.386179
Pedestrian -1 -1 -10 524.000000 141.000000 544.000000 199.000000 1.733166 0.591299 0.667245 -2.216724 0.590597 20.271834 1.861642 0.380321
Pedestrian -1 -1 -10 447.000000 148.000000 470.000000 206.000000 1.694860 0.613728 0.805025 -3.808064 0.782746 18.093476 -2.179227 0.361557
Pedestrian -1 -1 -10 520.000000 141.000000 536.000000 193.000000 1.766139 0.589100 0.712023 -2.910959 0.333153 24.581647 1.903970 0.331784
Pedestrian -1 -1 -10 705.000000 146.000000 745.000000 236.000000 1.679990 0.587804 0.597027 1.640173 0.818429 9.678388 2.717962 0.276901
Pedestrian -1 -1 -10 554.000000 141.000000 571.000000 199.000000 1.698160 0.582760 0.590918 -1.245819 0.550701 20.513549 2.607545 0.264462
Pedestrian -1 -1 -10 561.000000 140.000000 581.000000 195.000000 1.760854 0.588890 0.694155 -1.280611 0.346029 25.053934 -1.071004 0.257474
Cyclist -1 -1 -10 275.000000 134.000000 317.000000 238.000000 1.807568 0.589586 1.721087 -5.216453 1.039906 11.846277 -1.436153 0.596403
Cyclist -1 -1 -10 443.000000 147.000000 471.000000 212.000000 1.716456 0.628455 1.700121 -3.942315 0.863454 18.374292 -1.237913 0.468529
Cyclist -1 -1 -10 403.000000 153.000000 464.000000 217.000000 1.728947 0.662332 1.667741 -4.438772 0.832596 17.372203 1.897534 0.400464
Cyclist -1 -1 -10 415.000000 142.000000 444.000000 213.000000 1.745714 0.654326 1.696373 -4.472740 0.744677 17.588369 1.321915 0.375447
Cyclist -1 -1 -10 304.000000 153.000000 372.000000 205.000000 1.747155 0.569531 1.594985 -6.042417 1.179084 16.390672 -2.538593 0.236661
Cyclist -1 -1 -10 336.000000 152.000000 387.000000 198.000000 1.735836 0.426781 1.284491 -6.745990 1.232652 20.184025 -1.871916 0.176105
Cyclist -1 -1 -10 319.000000 154.000000 357.000000 195.000000 1.670677 0.552779 1.511835 -11.596682 0.608506 31.003481 0.681458 0.154858
Cyclist -1 -1 -10 236.000000 141.000000 337.000000 240.000000 1.749007 0.494535 1.705629 -5.461621 1.015602 11.838546 -2.468205 0.136100
Cyclist -1 -1 -10 569.000000 139.000000 592.000000 210.000000 1.820046 0.634293 1.716869 -0.708918 0.774720 16.820167 1.137143 0.039072
Cyclist -1 -1 -10 555.000000 141.000000 573.000000 194.000000 1.791613 0.529504 1.269308 -1.394599 0.249770 23.762130 -1.650546 0.029547
Cyclist -1 -1 -10 240.000000 134.000000 280.000000 260.000000 1.828028 0.574609 1.721868 -5.907762 1.034445 12.016799 0.575008 0.029324
Cyclist -1 -1 -10 526.000000 140.000000 546.000000 202.000000 1.825119 0.617094 1.719112 -2.234150 0.691219 20.218945 -1.045835 0.020094
Cyclist -1 -1 -10 546.000000 141.000000 569.000000 209.000000 1.725877 0.643307 1.652968 -1.312388 0.384819 20.512153 0.425354 0.015052
Cyclist -1 -1 -10 533.000000 140.000000 562.000000 210.000000 1.759684 0.685735 1.746663 -1.437127 0.795207 17.233865 1.005882 0.014507
Cyclist -1 -1 -10 561.000000 140.000000 581.000000 195.000000 1.763962 0.524521 1.674826 -1.435537 0.307069 25.151454 -1.635368 0.013990
