Pedestrian -1 -1 -10 749.000000 163.000000 766.000000 218.000000 1.707785 0.635130 0.631972 5.269600 1.036978 24.014604 2.781383 0.079592
Pedestrian -1 -1 -10 755.000000 162.000000 764.000000 207.000000 1.767174 0.721872 0.605688 5.436045 1.028672 26.415714 -1.308964 0.059475
Pedestrian -1 -1 -10 746.000000 168.000000 757.000000 209.000000 1.726809 0.578882 0.583417 5.219435 1.268556 26.711318 -1.378920 0.031325
Pedestrian -1 -1 -10 751.000000 169.000000 761.000000 207.000000 1.722547 0.608725 0.610034 5.305679 1.261407 26.755495 -1.503541 0.029789
Pedestrian -1 -1 -10 739.000000 169.000000 772.000000 207.000000 1.791242 0.759441 0.742755 5.256280 1.249486 26.240154 -1.372463 0.019616
Pedestrian -1 -1 -10 741.000000 173.000000 752.000000 211.000000 1.749319 0.628123 0.792667 5.196716 1.384490 26.711242 2.787467 0.018870
Car -1 -1 -10 362.000000 187.000000 522.000000 296.000000 1.506395 1.667718 4.127956 -2.709859 1.757572 12.463388 1.560047 0.999671
Car -1 -1 -10 718.000000 159.000000 913.000000 296.000000 1.844694 1.757878 4.234610 3.237840 1.738729 12.292394 -1.635142 0.996649
Car -1 -1 -10 678.000000 185.000000 762.000000 247.000000 1.554012 1.657712 4.025664 2.880464 1.878525 19.813041 -1.617950 0.991310
Car -1 -1 -10 660.000000 185.000000 719.000000 228.000000 1.472032 1.619296 3.905026 2.820052 1.906623 25.764596 -1.589055 0.983985
Car -1 -1 -10 468.000000 181.000000 513.000000 207.000000 1.389792 1.530623 3.237139 -3.616108 1.415351 22.785039 0.604314 0.054016
Car -1 -1 -10 735.000000 173.000000 757.000000 236.000000 1.524240 1.504203 3.205061 3.458659 1.198229 19.349411 1.769212 0.042767
