Pedestrian -1 -1 -10 508.000000 172.000000 532.000000 237.000000 1.741651 0.574530 0.720816 -2.122146 1.445495 18.541573 -1.142042 0.992827
Pedestrian -1 -1 -10 201.000000 166.000000 269.000000 310.000000 1.682681 0.572025 0.732927 -3.770012 1.473408 7.288523 1.562581 0.987056
Pedestrian -1 -1 -10 565.000000 169.000000 584.000000 224.000000 1.703407 0.588861 0.765142 -0.926724 1.328037 23.503657 2.607507 0.960235
Pedestrian -1 -1 -10 639.000000 173.000000 661.000000 231.000000 1.671318 0.618308 0.665605 1.352734 1.478870 20.183083 2.018760 0.942196
Pedestrian -1 -1 -10 361.000000 160.000000 393.000000 255.000000 1.788790 0.660232 0.800155 -4.693274 1.384345 14.587366 -2.370387 0.934385
Pedestrian -1 -1 -10 1144.000000 140.000000 1235.000000 374.000000 1.713486 0.519405 0.760735 4.173573 1.641533 4.908208 1.305036 0.640607
Pedestrian -1 -1 -10 629.000000 167.000000 645.000000 216.000000 1.771622 0.666524 0.820848 1.239963 1.157995 26.479029 -1.626011 0.291447
Pedestrian -1 -1 -10 633.000000 169.000000 652.000000 224.000000 1.668675 0.609400 0.686971 1.232224 1.407600 20.150749 2.128634 0.198166
Pedestrian -1 -1 -10 121.000000 172.000000 297.000000 343.000000 1.768431 0.724203 0.735855 -3.416343 1.775267 6.452818 2.244314 0.098825
Pedestrian -1 -1 -10 74.000000 180.000000 108.000000 274.000000 1.722942 0.617088 0.579871 -7.025789 1.891867 10.055315 -1.663065 0.063453
Pedestrian -1 -1 -10 0.000000 120.000000 74.000000 366.000000 1.692043 0.592944 0.561289 -3.233284 1.967413 4.161817 -1.705456 0.032173
Cyclist -1 -1 -10 507.000000 175.000000 538.000000 236.000000 1.755815 0.564672 1.706025 -2.213514 1.489540 18.522820 -1.234032 0.377798
Cyclist -1 -1 -10 1150.000000 135.000000 1234.000000 374.000000 1.761980 0.697383 1.757539 4.428712 1.548559 4.927151 1.523972 0.021207
Cyclist -1 -1 -10 0.000000 121.000000 68.000000 369.000000 1.705443 0.520496 1.535817 -8.675049 0.641950 11.209105 -1.618378 0.010760
