Pedestrian -1 -1 -10 766.000000 183.000000 805.000000 285.000000 1.768131 0.570605 0.856731 2.593710 1.844588 11.651982 2.903492 0.436614
Pedestrian -1 -1 -10 747.000000 180.000000 818.000000 258.000000 1.683280 0.612588 0.624024 4.071493 1.346955 17.324478 2.756935 0.050989
Pedestrian -1 -1 -10 757.000000 183.000000 856.000000 276.000000 1.798528 0.601217 0.884921 2.727216 1.821797 10.784533 2.864395 0.025665
Car -1 -1 -10 778.000000 175.000000 951.000000 308.000000 1.600338 1.647064 3.864926 3.460814 1.692388 11.136821 -1.584717 0.998218
Car -1 -1 -10 196.000000 190.000000 449.000000 360.000000 1.574052 1.563637 3.661550 -3.060131 1.844619 8.455729 1.570858 0.997874
Car -1 -1 -10 692.000000 181.000000 755.000000 232.000000 1.479497 1.619680 3.999939 3.684419 1.809117 23.680226 -1.526398 0.995442
Car -1 -1 -10 910.000000 211.000000 1235.000000 371.000000 1.469213 1.614285 3.961053 3.884371 1.783991 5.477371 -1.525208 0.993640
Car -1 -1 -10 551.000000 177.000000 586.000000 204.000000 1.548489 1.616991 3.821968 -2.409601 1.835766 41.306018 1.562331 0.975444
Car -1 -1 -10 721.000000 182.000000 834.000000 251.000000 1.492873 1.583261 3.759155 3.681798 1.719296 17.962316 1.535247 0.893945
Car -1 -1 -10 0.000000 203.000000 195.000000 378.000000 1.507589 1.616185 3.813871 -3.163036 1.588829 2.126359 1.572163 0.671114
Car -1 -1 -10 682.000000 180.000000 731.000000 219.000000 1.481009 1.512761 3.437587 3.952054 1.825546 28.743950 -1.563245 0.664496
Car -1 -1 -10 462.000000 166.000000 559.000000 244.000000 1.928811 1.730640 4.430898 -2.801400 1.857530 20.174231 -1.550891 0.595229
Car -1 -1 -10 752.000000 179.000000 866.000000 280.000000 1.532020 1.597002 3.866857 2.976242 1.668755 12.252745 -0.306440 0.273421
