Pedestrian -1 -1 -10 532.000000 175.000000 544.000000 212.000000 1.718728 0.568454 0.838146 -3.578519 1.917852 35.640141 1.487675 0.688300
Pedestrian -1 -1 -10 683.000000 164.000000 693.000000 204.000000 1.787154 0.667802 0.707072 4.282611 1.483425 39.096970 1.250683 0.127244
Pedestrian -1 -1 -10 545.000000 175.000000 558.000000 212.000000 1.696026 0.576686 0.779162 -2.925086 1.835732 36.167205 1.542753 0.036283
Pedestrian -1 -1 -10 525.000000 177.000000 550.000000 206.000000 1.720427 0.716011 0.835475 -3.553731 1.933193 35.479390 0.518724 0.034446
Pedestrian -1 -1 -10 678.000000 168.000000 698.000000 200.000000 1.789031 0.671670 0.727670 4.239539 1.495688 39.114879 1.291418 0.021707
Car -1 -1 -10 678.000000 172.000000 780.000000 256.000000 1.595525 1.620682 3.671758 2.423239 1.584784 15.912865 -1.598020 0.999182
Car -1 -1 -10 366.000000 182.000000 463.000000 251.000000 1.614465 1.620574 3.849257 -5.145079 1.902759 19.412361 1.532282 0.998742
Car -1 -1 -10 474.000000 183.000000 518.000000 215.000000 1.517217 1.610925 3.765010 -5.678781 1.958844 34.815019 1.410676 0.998301
Car -1 -1 -10 1.000000 179.000000 248.000000 372.000000 1.652908 1.628241 3.908773 -4.561029 1.833984 5.410481 -1.570811 0.930985
Car -1 -1 -10 527.000000 178.000000 547.000000 205.000000 1.513173 1.556520 3.701062 -5.009617 2.692363 53.032182 1.992838 0.043976
Cyclist -1 -1 -10 532.000000 175.000000 544.000000 213.000000 1.730326 0.521903 1.778622 -3.660329 1.968476 35.663209 1.507967 0.927112
Cyclist -1 -1 -10 544.000000 174.000000 562.000000 212.000000 1.723772 0.562637 1.745101 -2.956084 1.881551 36.104228 1.636884 0.585781
Cyclist -1 -1 -10 525.000000 178.000000 548.000000 204.000000 1.737180 0.657007 1.783891 -3.683941 1.868361 35.790375 1.489428 0.063106
Cyclist -1 -1 -10 544.000000 178.000000 554.000000 205.000000 1.700076 0.531013 1.777299 -3.072589 1.823213 36.106858 1.552207 0.010566
