Pedestrian -1 -1 -10 397.000000 184.000000 407.000000 220.000000 1.779046 0.606261 0.816281 -10.586362 2.321416 36.432313 0.962453 0.590180
Pedestrian -1 -1 -10 407.000000 180.000000 419.000000 215.000000 1.695686 0.544865 0.516027 -10.057863 1.931032 36.515941 -1.788434 0.382589
Pedestrian -1 -1 -10 0.000000 190.000000 126.000000 372.000000 1.683554 0.613361 0.733585 -3.388908 1.735463 4.348038 -1.744322 0.358741
Pedestrian -1 -1 -10 -22.000000 208.000000 259.000000 373.000000 1.680460 0.686118 0.771430 -4.170785 2.049824 6.499874 -2.579963 0.070680
Pedestrian -1 -1 -10 172.000000 192.000000 334.000000 370.000000 1.657148 0.735905 0.648489 -3.025523 1.756959 6.400800 1.557025 0.029260
Car -1 -1 -10 600.000000 183.000000 666.000000 235.000000 1.514767 1.612318 3.670889 0.528468 1.896158 23.507963 -1.707047 0.998939
Car -1 -1 -10 403.000000 191.000000 450.000000 229.000000 1.472214 1.585832 3.682081 -7.261590 2.160418 28.781878 -1.727984 0.997483
Car -1 -1 -10 850.000000 186.000000 1237.000000 375.000000 1.517992 1.579049 3.800564 2.900544 1.696533 4.278955 -1.587188 0.961366
Car -1 -1 -10 188.000000 193.000000 367.000000 301.000000 1.510995 1.641320 4.035452 -5.681500 1.915439 12.840283 1.466009 0.944947
Car -1 -1 -10 -16.000000 210.000000 265.000000 373.000000 1.466473 1.568551 3.579511 -4.802056 1.892769 7.442631 -1.652383 0.937345
Car -1 -1 -10 574.000000 183.000000 613.000000 218.000000 1.491324 1.573016 3.578438 -0.828344 2.057900 33.632613 -1.678502 0.903837
Car -1 -1 -10 423.000000 185.000000 461.000000 221.000000 1.593549 1.639805 3.813139 -8.496216 2.243770 37.665986 -1.719427 0.259740
Car -1 -1 -10 143.000000 202.000000 353.000000 364.000000 1.635875 1.619029 3.852530 -4.078908 1.845282 8.356626 -1.465767 0.141644
Car -1 -1 -10 0.000000 189.000000 128.000000 380.000000 1.488278 1.604079 3.758301 -4.447251 1.474316 4.574348 -2.181842 0.059330
Car -1 -1 -10 684.000000 193.000000 861.000000 292.000000 1.490447 1.629004 3.800602 2.355431 1.670873 11.471854 -1.720670 0.019306
Cyclist -1 -1 -10 176.000000 187.000000 339.000000 376.000000 1.687335 0.552008 1.788342 -3.057794 1.763207 6.410187 1.507821 0.997056
Cyclist -1 -1 -10 1.000000 187.000000 113.000000 376.000000 1.643219 0.558178 1.730197 -3.415280 1.576103 4.159266 1.402229 0.729057
Cyclist -1 -1 -10 191.000000 195.000000 364.000000 296.000000 1.647606 0.672796 1.800775 -4.994297 1.912763 12.210889 1.615911 0.605761
Cyclist -1 -1 -10 -44.000000 207.000000 263.000000 377.000000 1.679684 0.610363 1.772871 -4.425599 1.995277 7.016610 1.396278 0.533392
