Car -1 -1 -10 338.000000 193.000000 433.000000 251.000000 1.509797 1.566271 3.711073 -6.185585 2.079210 20.262650 1.590277 0.999446
Car -1 -1 -10 667.000000 176.000000 737.000000 225.000000 1.511999 1.650522 3.985091 2.850737 1.619945 23.955279 -1.617446 0.997779
Car -1 -1 -10 399.000000 189.000000 471.000000 234.000000 1.476154 1.575796 3.910863 -6.188747 2.056187 25.897913 1.606862 0.996624
Car -1 -1 -10 453.000000 177.000000 502.000000 218.000000 1.581801 1.609049 3.673155 -6.225149 2.006885 33.869580 1.574499 0.918195
Car -1 -1 -10 0.000000 202.000000 109.000000 246.000000 1.529904 1.636974 3.864268 -20.873341 2.631008 27.137727 -1.559532 0.845482
Car -1 -1 -10 478.000000 181.000000 519.000000 210.000000 1.571689 1.642797 3.981014 -6.389121 2.057686 41.175475 -1.573331 0.406728
Car -1 -1 -10 1078.000000 132.000000 1204.000000 183.000000 1.966018 1.707685 4.275299 24.612802 0.317852 33.632948 1.294887 0.102360
Car -1 -1 -10 1123.000000 132.000000 1236.000000 175.000000 1.734200 1.661711 4.083496 26.102225 0.036860 33.687502 -2.015534 0.017296
Car -1 -1 -10 33.000000 203.000000 170.000000 243.000000 1.554575 1.603909 3.737817 -20.968786 2.584431 27.264797 -1.607607 0.014316
Car -1 -1 -10 680.000000 167.000000 726.000000 196.000000 1.518782 1.530858 3.336021 5.760793 0.914794 43.699035 1.712041 0.013941
