Car -1 -1 -10 411.000000 184.000000 496.000000 246.000000 1.525296 1.647340 3.986555 -4.265596 1.877451 20.164410 1.519702 0.999318
Car -1 -1 -10 769.000000 186.000000 1052.000000 372.000000 1.503332 1.593600 3.536924 2.970246 1.748541 7.952550 -1.616473 0.998689
Car -1 -1 -10 691.000000 182.000000 810.000000 272.000000 1.551069 1.602498 3.470426 2.628880 1.762504 14.630447 -1.670972 0.998002
Car -1 -1 -10 652.000000 179.000000 740.000000 246.000000 1.538252 1.636105 3.809646 2.082784 1.792395 19.328019 -1.639498 0.995758
Car -1 -1 -10 633.000000 180.000000 695.000000 227.000000 1.488324 1.615563 4.025986 1.789092 1.864194 25.154517 -1.640219 0.987362
Car -1 -1 -10 920.000000 194.000000 1259.000000 378.000000 1.466474 1.622386 3.809908 2.868321 1.763680 2.759127 -1.582703 0.979670
Car -1 -1 -10 16.000000 196.000000 271.000000 376.000000 1.496036 1.625624 3.829442 -3.470775 1.725079 4.156860 1.532217 0.955516
Car -1 -1 -10 458.000000 184.000000 510.000000 229.000000 1.492920 1.586725 3.779216 -4.541592 1.942111 26.074233 1.525939 0.918533
Car -1 -1 -10 487.000000 183.000000 524.000000 215.000000 1.535995 1.615783 3.902884 -5.747376 2.096601 35.525447 -2.403262 0.588583
Car -1 -1 -10 629.000000 180.000000 670.000000 217.000000 1.538900 1.605289 3.792119 2.087789 1.758056 30.948928 -1.613048 0.276414
