Car -1 -1 -10 635.000000 180.000000 762.000000 274.000000 1.596395 1.661591 3.924358 1.602470 1.547211 14.779552 -1.663323 0.999726
Car -1 -1 -10 521.000000 181.000000 567.000000 224.000000 1.526948 1.636197 3.541637 -2.576732 1.410997 28.563126 -1.670410 0.999263
Car -1 -1 -10 238.000000 188.000000 381.000000 276.000000 1.440902 1.562410 3.675025 -5.709096 1.605166 14.134316 -1.668219 0.999042
Car -1 -1 -10 348.000000 189.000000 435.000000 242.000000 1.449302 1.581556 3.855456 -6.055984 1.509363 20.555268 -1.675800 0.998290
Car -1 -1 -10 439.000000 184.000000 475.000000 210.000000 1.499255 1.606036 3.903818 -8.452341 1.358753 40.828717 -1.772311 0.985315
Car -1 -1 -10 116.000000 166.000000 284.000000 254.000000 1.875286 1.708400 4.265452 -10.293609 1.572909 18.466648 -1.636340 0.971774
Car -1 -1 -10 397.000000 184.000000 454.000000 224.000000 1.484865 1.583885 3.943988 -7.394226 1.495523 28.620707 -1.683120 0.918232
Car -1 -1 -10 512.000000 184.000000 541.000000 214.000000 1.474663 1.592893 3.770338 -4.146142 1.577208 37.889591 -1.689265 0.766062
Car -1 -1 -10 0.000000 189.000000 201.000000 380.000000 1.485901 1.611473 3.763321 -4.979436 1.612771 5.747586 -1.652785 0.686386
Car -1 -1 -10 300.000000 187.000000 358.000000 212.000000 1.524240 1.504203 3.205061 -16.312013 1.008084 41.147918 1.213338 0.580152
