Pedestrian -1 -1 -10 885.000000 95.000000 925.000000 300.000000 1.716624 0.619832 0.666077 5.526597 0.916116 13.031327 2.934385 0.360904
Pedestrian -1 -1 -10 407.000000 176.000000 433.000000 212.000000 1.683280 0.612588 0.624024 -6.133318 1.245120 21.867302 2.264816 0.041811
Car -1 -1 -10 248.000000 193.000000 422.000000 302.000000 1.473050 1.610276 3.916804 -4.434534 1.906384 12.304269 1.536241 0.999253
Car -1 -1 -10 727.000000 175.000000 888.000000 284.000000 1.549311 1.609634 3.646947 3.028596 1.540185 11.556148 -1.599716 0.999195
Car -1 -1 -10 799.000000 172.000000 1257.000000 372.000000 1.572574 1.646093 4.025878 2.813999 1.649947 5.595887 -1.571960 0.996728
Car -1 -1 -10 443.000000 178.000000 512.000000 236.000000 1.577521 1.587625 3.959232 -4.262414 1.887915 23.255601 1.594097 0.995342
Car -1 -1 -10 681.000000 175.000000 754.000000 232.000000 1.508495 1.594046 3.735347 2.997866 1.559954 20.212547 -1.566504 0.994021
Car -1 -1 -10 373.000000 178.000000 476.000000 260.000000 1.702191 1.591362 3.878255 -4.481316 1.919557 17.743525 1.536849 0.992473
Car -1 -1 -10 991.000000 174.000000 1237.000000 325.000000 1.537837 1.589121 3.617500 5.899217 1.578592 8.585404 -1.484850 0.018548
Car -1 -1 -10 668.000000 175.000000 729.000000 217.000000 1.512067 1.583305 3.770058 3.145434 1.626386 26.426647 -1.608213 0.017680
Cyclist -1 -1 -10 881.000000 98.000000 931.000000 301.000000 1.679584 0.561050 1.551316 5.456748 1.392119 13.436996 -1.186999 0.014392
