Pedestrian -1 -1 -10 690.000000 182.000000 764.000000 236.000000 1.636784 0.791358 0.829601 3.241262 1.860993 21.251050 -0.976360 0.024605
Car -1 -1 -10 500.000000 176.000000 556.000000 217.000000 1.533213 1.672428 4.109856 -3.183573 1.644900 28.618795 1.549466 0.997584
Car -1 -1 -10 691.000000 183.000000 762.000000 235.000000 1.530200 1.590175 3.679099 3.427755 1.872771 22.878626 -1.601415 0.993374
Car -1 -1 -10 761.000000 195.000000 950.000000 324.000000 1.479628 1.644695 3.933271 3.446582 1.863848 10.872998 -1.584350 0.993165
Car -1 -1 -10 668.000000 181.000000 727.000000 224.000000 1.528140 1.615484 3.792671 3.195850 1.823422 27.383274 -1.598406 0.990848
Car -1 -1 -10 724.000000 188.000000 840.000000 266.000000 1.493450 1.572947 3.464581 3.578654 1.869454 16.011653 -1.637488 0.990338
Car -1 -1 -10 904.000000 208.000000 1231.000000 374.000000 1.503729 1.634384 4.037198 3.699532 1.868860 4.989521 1.534412 0.989958
Car -1 -1 -10 349.000000 174.000000 500.000000 291.000000 1.568038 1.610873 3.994775 -3.016210 1.634588 12.547341 1.531120 0.965904
Car -1 -1 -10 654.000000 180.000000 700.000000 213.000000 1.466927 1.617234 4.016789 3.157167 1.839750 33.258186 -1.582350 0.861363
Car -1 -1 -10 525.000000 175.000000 565.000000 207.000000 1.545463 1.505603 3.453278 -3.193759 1.801807 36.652115 1.556130 0.292489
Car -1 -1 -10 71.000000 135.000000 431.000000 372.000000 1.821468 1.672730 4.155214 -2.762800 1.583640 7.091517 -1.637872 0.254407
