Car -1 -1 -10 701.000000 176.000000 842.000000 277.000000 1.650880 1.679516 4.039277 2.805535 1.741776 13.711470 -1.649337 0.999722
Car -1 -1 -10 320.000000 185.000000 476.000000 242.000000 1.571149 1.589665 3.985496 -5.911914 1.889027 20.752178 0.104330 0.946629
Car -1 -1 -10 689.000000 177.000000 757.000000 207.000000 1.503148 1.586092 3.690248 5.964169 1.780841 38.820387 -2.094457 0.882143
Car -1 -1 -10 201.000000 182.000000 429.000000 262.000000 1.596920 1.625863 3.761010 -4.676938 1.713656 13.717946 -1.488304 0.770403
Car -1 -1 -10 405.000000 180.000000 487.000000 220.000000 1.522443 1.626129 3.984781 -7.115999 1.662861 30.727803 -3.203946 0.534703
Car -1 -1 -10 124.000000 191.000000 369.000000 282.000000 1.623763 1.640793 3.936442 -6.560293 1.997429 13.273416 -2.678983 0.248952
Car -1 -1 -10 331.000000 177.000000 395.000000 220.000000 1.502004 1.565839 3.522696 -6.659375 1.029096 17.821831 -1.238280 0.090324
Car -1 -1 -10 244.000000 177.000000 392.000000 229.000000 1.536902 1.476763 3.192079 -10.819016 1.678251 25.900733 0.703812 0.054725
Car -1 -1 -10 347.000000 178.000000 414.000000 204.000000 1.556535 1.557790 3.308344 -6.187619 1.622418 19.808471 2.158768 0.036398
Car -1 -1 -10 117.000000 185.000000 267.000000 244.000000 1.522068 1.595256 3.372499 -6.649517 1.753433 12.577505 1.890725 0.035964
Car -1 -1 -10 75.000000 193.000000 347.000000 347.000000 1.600630 1.594010 3.519096 -4.093647 1.632011 8.352074 -1.570924 0.033919
