Pedestrian -1 -1 -10 628.000000 161.000000 665.000000 290.000000 1.725220 0.633472 0.607451 0.453243 1.511168 10.037317 0.101001 0.996733
Pedestrian -1 -1 -10 645.000000 170.000000 781.000000 299.000000 1.658957 0.784667 0.898791 1.270924 1.583014 8.266467 0.131383 0.022634
Car -1 -1 -10 631.000000 169.000000 791.000000 297.000000 1.608648 1.666047 3.982276 1.305700 1.473828 10.256641 -1.620508 0.998701
Car -1 -1 -10 265.000000 176.000000 388.000000 244.000000 1.484749 1.607446 3.920729 -7.015809 1.571741 17.634484 -3.345232 0.810790
Car -1 -1 -10 647.000000 168.000000 683.000000 198.000000 1.453260 1.554616 3.794036 2.040648 1.169167 27.787576 -1.459281 0.109208
Car -1 -1 -10 627.000000 164.000000 677.000000 282.000000 1.577470 1.589089 3.765178 1.605883 1.437246 10.716351 -0.904529 0.061335
Car -1 -1 -10 268.000000 165.000000 311.000000 204.000000 1.542048 1.643928 3.694089 -18.163468 1.855630 41.362533 -1.975354 0.017339
Car -1 -1 -10 320.000000 180.000000 356.000000 240.000000 1.517874 1.568456 3.294808 -5.688073 1.687495 16.747716 1.710858 0.016603
Car -1 -1 -10 -14.000000 122.000000 326.000000 367.000000 1.841367 1.690145 4.354352 -3.463220 1.387599 5.221478 1.427126 0.011685
Car -1 -1 -10 630.000000 160.000000 660.000000 191.000000 1.544931 1.673662 3.909518 2.885460 0.836977 43.772185 0.019503 0.010903
Cyclist -1 -1 -10 624.000000 165.000000 671.000000 282.000000 1.737421 0.642336 1.671365 0.480853 1.524630 10.176103 1.106040 0.022447
