Pedestrian -1 -1 -10 791.000000 200.000000 828.000000 311.000000 1.722636 0.571361 0.757717 2.707471 1.969532 10.437280 2.941864 0.900912
Pedestrian -1 -1 -10 776.000000 195.000000 858.000000 301.000000 1.752957 0.652531 0.800166 2.699020 1.867320 10.290559 2.966310 0.243791
Pedestrian -1 -1 -10 735.000000 196.000000 843.000000 273.000000 1.766355 0.701635 0.711705 3.591544 2.162677 16.078171 -1.410192 0.028754
Car -1 -1 -10 804.000000 189.000000 1009.000000 344.000000 1.578176 1.643074 3.797531 3.616718 1.831059 9.757916 -1.561647 0.998652
Car -1 -1 -10 122.000000 204.000000 432.000000 375.000000 1.537668 1.555904 3.606579 -3.050824 1.925487 7.161876 1.597254 0.997017
Car -1 -1 -10 702.000000 196.000000 770.000000 249.000000 1.487698 1.616222 4.004372 3.792471 2.242950 22.446861 -1.537635 0.994826
Car -1 -1 -10 554.000000 190.000000 589.000000 218.000000 1.563030 1.615064 3.754382 -2.294048 2.456979 39.962039 1.584216 0.986359
Car -1 -1 -10 733.000000 197.000000 835.000000 271.000000 1.483141 1.595446 3.838670 3.804817 2.053370 16.613596 1.549102 0.981440
Car -1 -1 -10 968.000000 215.000000 1238.000000 376.000000 1.513282 1.555180 3.708251 3.803312 1.907135 4.064341 -1.562002 0.956466
Car -1 -1 -10 459.000000 177.000000 561.000000 263.000000 1.789339 1.721671 4.289481 -2.666919 2.029122 18.767621 -1.553067 0.883237
Car -1 -1 -10 693.000000 192.000000 747.000000 237.000000 1.533193 1.598799 3.804833 4.164993 2.391977 27.933886 -1.570579 0.774997
Car -1 -1 -10 750.000000 195.000000 886.000000 294.000000 1.540153 1.609946 3.849588 4.146828 1.803504 10.937981 0.328044 0.683854
Car -1 -1 -10 684.000000 191.000000 728.000000 228.000000 1.573969 1.601589 3.784928 4.250354 2.546256 34.385468 -1.561214 0.152563
Car -1 -1 -10 788.000000 199.000000 847.000000 306.000000 1.530077 1.640930 3.923234 3.647314 1.794950 8.838518 1.361868 0.145941
