Car -1 -1 -10 573.000000 181.000000 609.000000 214.000000 1.502257 1.561140 3.395044 -0.889881 1.360620 37.772895 -1.616582 0.999647
Car -1 -1 -10 293.000000 197.000000 474.000000 304.000000 1.435879 1.609656 3.991119 -3.402356 1.617089 11.474529 -1.566012 0.999621
Car -1 -1 -10 128.000000 193.000000 306.000000 277.000000 1.445756 1.601081 3.888070 -7.605966 1.646584 14.420406 -1.607191 0.999492
Car -1 -1 -10 442.000000 187.000000 503.000000 227.000000 1.496023 1.632287 4.156011 -5.040866 1.521925 27.091759 -1.610040 0.998192
Car -1 -1 -10 109.000000 193.000000 235.000000 248.000000 1.467922 1.622877 3.848600 -12.405980 1.813842 21.235814 -1.542672 0.976784
Car -1 -1 -10 318.000000 189.000000 374.000000 228.000000 1.472585 1.617918 3.893196 -8.149351 1.548852 23.327721 -1.843843 0.798936
Car -1 -1 -10 233.000000 181.000000 325.000000 223.000000 1.543275 1.625462 3.870847 -12.918760 1.498267 28.558276 -1.523526 0.571509
Car -1 -1 -10 366.000000 195.000000 423.000000 221.000000 1.511048 1.585122 3.779527 -9.339689 1.704401 30.820390 1.733582 0.144351
Car -1 -1 -10 401.000000 192.000000 441.000000 221.000000 1.567963 1.625314 3.978727 -8.854183 1.317453 31.728648 1.550098 0.040854
Car -1 -1 -10 338.000000 194.000000 376.000000 219.000000 1.536568 1.609059 3.894740 -7.706368 1.467846 23.324469 -1.876315 0.029474
Car -1 -1 -10 437.000000 185.000000 480.000000 216.000000 1.526149 1.618264 3.810848 -8.596294 1.474339 40.974285 -1.772552 0.022673
