Pedestrian -1 -1 -10 161.000000 182.000000 183.000000 227.000000 1.616484 0.594691 0.634456 -8.404034 1.068839 14.112063 -0.478008 0.752718
Pedestrian -1 -1 -10 193.000000 185.000000 206.000000 217.000000 1.727011 0.621879 0.679626 -21.460206 2.016740 37.598058 2.068540 0.498455
Pedestrian -1 -1 -10 187.000000 184.000000 212.000000 223.000000 1.690537 0.558114 0.557598 -18.707001 1.994927 33.135955 2.079373 0.089768
Pedestrian -1 -1 -10 157.000000 187.000000 207.000000 230.000000 1.737016 0.722610 0.758374 -15.693121 2.892040 26.287746 -2.488925 0.028060
Pedestrian -1 -1 -10 188.000000 186.000000 199.000000 220.000000 1.717687 0.639199 0.739144 -21.531245 2.074109 37.293156 -2.110821 0.014058
Pedestrian -1 -1 -10 137.000000 197.000000 223.000000 237.000000 1.654956 0.837932 0.782222 -15.651663 2.806720 26.326415 -0.382582 0.013807
Car -1 -1 -10 597.000000 173.000000 631.000000 204.000000 1.534626 1.655980 4.014690 0.275691 1.735863 43.740647 -1.556377 0.999039
Car -1 -1 -10 132.000000 198.000000 231.000000 240.000000 1.567791 1.592382 3.810618 -16.124350 2.475179 27.436341 1.545208 0.998528
Cyclist -1 -1 -10 152.000000 188.000000 202.000000 228.000000 1.674302 0.481068 1.565387 -16.248463 2.283655 26.961195 -1.572997 0.057690
Cyclist -1 -1 -10 134.000000 197.000000 227.000000 240.000000 1.721896 0.724370 1.789993 -15.698352 2.640237 26.834434 1.594791 0.026876
Cyclist -1 -1 -10 160.000000 183.000000 183.000000 225.000000 1.677022 0.505304 1.555762 -20.041508 1.974550 33.222848 -2.141046 0.026037
Cyclist -1 -1 -10 185.000000 186.000000 212.000000 218.000000 1.694833 0.507309 1.362176 -8.977975 1.037893 15.802034 0.467202 0.017327
