Car -1 -1 -10 713.000000 193.000000 866.000000 299.000000 1.435748 1.621981 3.967067 2.660914 1.725021 11.509131 1.575952 0.998844
Car -1 -1 -10 673.000000 180.000000 729.000000 223.000000 1.476061 1.610305 3.991001 3.066968 1.733213 25.502130 1.550992 0.997149
Car -1 -1 -10 462.000000 176.000000 533.000000 230.000000 1.502483 1.497760 3.481658 -3.113103 1.571918 20.861280 1.563024 0.996245
Car -1 -1 -10 2.000000 182.000000 426.000000 375.000000 1.456119 1.640580 4.107249 -2.989787 1.621888 6.047039 1.622783 0.992889
Car -1 -1 -10 791.000000 206.000000 1217.000000 375.000000 1.463519 1.614540 3.856356 2.879654 1.750851 6.208796 -1.604241 0.989372
Car -1 -1 -10 506.000000 176.000000 557.000000 215.000000 1.566754 1.599441 3.976796 -2.999809 1.635582 28.018205 1.613875 0.979473
Car -1 -1 -10 329.000000 173.000000 485.000000 292.000000 1.583071 1.585703 3.817476 -3.297930 1.630555 12.180940 1.610562 0.928801
Car -1 -1 -10 1139.000000 241.000000 1235.000000 370.000000 1.489961 1.591706 3.776036 2.845582 1.766910 5.880510 -1.544542 0.019178
Car -1 -1 -10 994.000000 224.000000 1213.000000 371.000000 1.457280 1.582754 3.882942 2.895616 1.613777 6.253609 -1.600848 0.012405
Car -1 -1 -10 213.000000 190.000000 446.000000 305.000000 1.488472 1.569400 3.696492 -2.901306 1.652565 5.841692 1.635900 0.012366
