Pedestrian -1 -1 -10 692.000000 161.000000 758.000000 336.000000 1.752784 0.712824 0.972000 1.323343 1.530775 7.525763 -1.451591 0.996828
Pedestrian -1 -1 -10 196.000000 161.000000 265.000000 341.000000 1.758177 0.635333 1.003131 -3.875523 1.570526 7.386161 -1.597611 0.995546
Pedestrian -1 -1 -10 640.000000 167.000000 697.000000 341.000000 1.714271 0.604516 0.772477 0.644501 1.542185 7.368070 -1.894401 0.992253
Pedestrian -1 -1 -10 -1.000000 183.000000 188.000000 374.000000 1.740090 0.638948 0.709283 -2.238195 1.660681 3.082711 -2.299442 0.840897
Pedestrian -1 -1 -10 802.000000 166.000000 832.000000 243.000000 1.830404 0.653595 0.576637 4.862382 1.479988 16.281318 1.424336 0.804437
Pedestrian -1 -1 -10 754.000000 163.000000 780.000000 238.000000 1.741078 0.660763 0.934597 4.233665 1.287053 18.246670 -1.485824 0.643810
Pedestrian -1 -1 -10 690.000000 173.000000 709.000000 236.000000 1.668180 0.629227 0.746681 2.462829 1.383412 18.651132 -1.861990 0.117644
Pedestrian -1 -1 -10 8.000000 192.000000 119.000000 283.000000 1.705165 0.657066 0.649602 -8.114925 1.757269 10.679787 0.837311 0.061731
Pedestrian -1 -1 -10 786.000000 163.000000 823.000000 262.000000 1.664532 0.638270 0.686304 4.082626 1.324665 14.245026 -1.323175 0.051937
Pedestrian -1 -1 -10 46.000000 209.000000 162.000000 345.000000 1.668579 0.592445 0.548881 -1.730578 1.485207 2.460798 2.008150 0.051819
Pedestrian -1 -1 -10 751.000000 162.000000 790.000000 276.000000 1.708601 0.584744 0.631940 4.994743 1.459387 20.663159 0.305385 0.043262
Pedestrian -1 -1 -10 708.000000 164.000000 821.000000 309.000000 1.748936 0.575141 0.889842 1.832698 1.846903 7.907738 0.861169 0.027117
Pedestrian -1 -1 -10 0.000000 180.000000 91.000000 353.000000 1.716970 0.687338 0.813486 -5.963986 1.984854 7.405585 1.411900 0.024975
Pedestrian -1 -1 -10 79.000000 208.000000 137.000000 299.000000 1.751665 0.597875 0.772715 -7.818829 1.960432 11.212927 0.383303 0.020626
Pedestrian -1 -1 -10 33.000000 212.000000 148.000000 267.000000 1.730812 0.639820 0.656347 -7.861227 2.023154 11.048075 -2.329013 0.011079
Cyclist -1 -1 -10 335.000000 161.000000 433.000000 328.000000 1.786304 0.634734 1.792008 -2.593205 1.586534 8.742298 1.636444 0.999759
Cyclist -1 -1 -10 0.000000 188.000000 187.000000 373.000000 1.648257 0.639911 1.699322 -2.330599 1.443174 3.014944 1.594397 0.576368
Cyclist -1 -1 -10 394.000000 175.000000 444.000000 236.000000 1.736465 0.544114 1.782288 -5.124657 1.498545 20.444816 1.368594 0.511355
Cyclist -1 -1 -10 360.000000 175.000000 437.000000 264.000000 1.723151 0.494892 1.416020 -5.589519 1.213717 20.029166 0.761344 0.134539
Cyclist -1 -1 -10 0.000000 179.000000 88.000000 361.000000 1.666075 0.562353 1.540217 -6.114908 1.760755 7.456504 2.439861 0.091295
Cyclist -1 -1 -10 751.000000 162.000000 786.000000 254.000000 1.815011 0.678913 1.804509 4.260471 1.385977 18.411155 -1.974717 0.071239
Cyclist -1 -1 -10 748.000000 167.000000 817.000000 297.000000 1.690337 0.631689 1.686127 2.023583 1.850112 8.190725 -0.833897 0.061680
Cyclist -1 -1 -10 780.000000 165.000000 821.000000 262.000000 1.749221 0.499511 1.686928 4.113168 1.368483 14.289662 -1.643603 0.054176
Cyclist -1 -1 -10 5.000000 202.000000 116.000000 270.000000 1.798862 0.672310 1.372255 -9.419213 1.669051 12.288035 0.389506 0.040300
Cyclist -1 -1 -10 696.000000 163.000000 768.000000 331.000000 1.805563 0.604397 1.731922 1.264869 1.553073 7.613704 -0.967419 0.016953
Cyclist -1 -1 -10 825.000000 169.000000 1001.000000 368.000000 1.708188 0.473530 1.694119 2.621482 1.766765 6.202961 -0.190326 0.012856
