Pedestrian -1 -1 -10 909.000000 155.000000 959.000000 285.000000 1.658094 0.638759 0.767740 4.337130 1.315207 9.318288 -1.625383 0.996961
Pedestrian -1 -1 -10 588.000000 161.000000 598.000000 195.000000 1.776209 0.649535 0.804843 -0.448939 0.600854 39.946445 1.574822 0.382607
Pedestrian -1 -1 -10 650.000000 161.000000 660.000000 188.000000 1.754401 0.623647 0.832371 3.667636 0.306522 47.853629 -1.548265 0.266190
Pedestrian -1 -1 -10 1040.000000 147.000000 1099.000000 279.000000 1.708412 0.585777 0.700309 6.080922 1.157217 9.287310 1.149071 0.126531
Pedestrian -1 -1 -10 571.000000 161.000000 585.000000 195.000000 1.778137 0.631949 0.845686 -1.330717 0.599710 39.408570 -1.536330 0.104380
Pedestrian -1 -1 -10 1017.000000 139.000000 1055.000000 247.000000 1.746263 0.558954 0.685909 5.691077 0.923458 9.824069 3.072887 0.093252
Pedestrian -1 -1 -10 768.000000 155.000000 792.000000 235.000000 1.774624 0.671065 0.736033 4.414208 1.161170 17.637740 -1.434333 0.060590
Pedestrian -1 -1 -10 662.000000 160.000000 667.000000 189.000000 1.817345 0.670796 0.797210 4.357507 0.336162 48.947930 1.680913 0.024364
Pedestrian -1 -1 -10 1131.000000 137.000000 1227.000000 311.000000 1.771657 0.591579 0.822247 6.020310 1.201427 7.533934 3.228241 0.022244
Pedestrian -1 -1 -10 577.000000 161.000000 593.000000 195.000000 1.766625 0.644093 0.941709 -0.869758 0.670538 39.797275 -2.127804 0.020137
Car -1 -1 -10 606.000000 167.000000 642.000000 197.000000 1.575955 1.628619 4.007228 1.192821 1.010151 36.442206 -1.572746 0.998603
Cyclist -1 -1 -10 172.000000 167.000000 405.000000 372.000000 1.611030 0.481342 1.685873 -2.072567 1.463551 4.641050 1.614850 0.999902
