Car -1 -1 -10 758.000000 177.000000 975.000000 315.000000 1.507626 1.675824 4.017776 3.238935 1.613069 10.287189 -1.588023 0.999532
Car -1 -1 -10 36.000000 199.000000 332.000000 333.000000 1.482206 1.656569 4.100151 -5.728953 1.921117 10.554272 1.605964 0.999518
Car -1 -1 -10 697.000000 182.000000 770.000000 237.000000 1.460605 1.553631 3.754488 3.415943 1.674606 20.024977 1.543944 0.998946
Car -1 -1 -10 288.000000 191.000000 415.000000 265.000000 1.530339 1.560703 3.774668 -5.709470 1.966540 16.343518 1.563581 0.998423
Car -1 -1 -10 417.000000 185.000000 489.000000 231.000000 1.504127 1.602966 3.921998 -5.547597 1.979498 25.417658 1.657542 0.997076
Car -1 -1 -10 880.000000 192.000000 1236.000000 372.000000 1.477336 1.605564 3.862184 3.183012 1.659371 4.526849 -1.594585 0.955331
Car -1 -1 -10 671.000000 180.000000 736.000000 223.000000 1.490476 1.646234 3.946323 3.477132 1.865722 25.495861 -1.619390 0.953748
Car -1 -1 -10 658.000000 179.000000 700.000000 211.000000 1.520965 1.616027 3.773166 3.231734 1.791284 34.230804 -1.599368 0.779311
Car -1 -1 -10 492.000000 179.000000 529.000000 207.000000 1.535631 1.569630 3.669142 -5.571546 1.959341 40.347931 1.629355 0.639300
Car -1 -1 -10 192.000000 190.000000 300.000000 224.000000 1.505550 1.532122 3.729135 -10.650756 1.576377 25.828839 1.085177 0.012891
