Car -1 -1 -10 759.000000 183.000000 879.000000 233.000000 1.457667 1.631159 4.018273 6.662282 1.786844 22.589671 -0.077175 0.996797
Car -1 -1 -10 331.000000 172.000000 487.000000 227.000000 1.470873 1.596468 3.912871 -5.587617 1.589479 20.137703 -2.920003 0.996234
Car -1 -1 -10 246.000000 173.000000 455.000000 240.000000 1.568696 1.643948 4.057768 -6.334733 1.485167 17.617819 -3.073898 0.995208
Car -1 -1 -10 785.000000 194.000000 1237.000000 372.000000 1.462474 1.666852 4.087873 2.824311 1.747269 5.419490 -1.557416 0.993123
Car -1 -1 -10 694.000000 179.000000 772.000000 212.000000 1.575732 1.658311 3.943604 6.093064 1.939763 34.198091 0.011461 0.969501
Car -1 -1 -10 387.000000 170.000000 516.000000 217.000000 1.439744 1.601912 3.915903 -5.381898 1.856546 27.152710 1.932482 0.849810
Car -1 -1 -10 8.000000 162.000000 266.000000 355.000000 1.756654 1.703236 4.199025 -5.755556 1.561229 7.418707 0.010691 0.485349
Car -1 -1 -10 899.000000 190.000000 1190.000000 301.000000 1.507323 1.582634 3.987354 6.301251 1.759554 10.499874 1.376001 0.401439
Car -1 -1 -10 461.000000 172.000000 545.000000 202.000000 1.664995 1.590062 3.566576 -5.755445 1.819830 43.419430 -3.132488 0.377545
Car -1 -1 -10 783.000000 187.000000 939.000000 246.000000 1.549310 1.591089 3.894500 6.347352 1.763775 22.393877 -0.088860 0.293397
Car -1 -1 -10 797.000000 187.000000 1035.000000 264.000000 1.540808 1.662868 4.131482 6.120402 1.801118 14.786721 3.162922 0.219347
Car -1 -1 -10 54.000000 137.000000 337.000000 304.000000 1.805856 1.673217 3.973711 -5.111744 1.294759 9.405502 0.038295 0.189933
Car -1 -1 -10 749.000000 180.000000 833.000000 223.000000 1.513692 1.593619 3.847704 6.596411 1.868416 24.730298 -0.063383 0.057116
