Pedestrian -1 -1 -10 685.000000 171.000000 710.000000 227.000000 1.730370 0.637113 0.889837 2.580937 1.569266 21.462243 -1.662188 0.014490
Car -1 -1 -10 75.000000 194.000000 315.000000 314.000000 1.597527 1.661339 4.082120 -6.591887 1.990236 12.099678 1.557506 0.999489
Car -1 -1 -10 470.000000 187.000000 530.000000 232.000000 1.525418 1.681143 4.149679 -4.023670 2.064378 26.626220 1.531547 0.998796
Car -1 -1 -10 503.000000 185.000000 548.000000 216.000000 1.484929 1.568261 3.743850 -4.195735 2.173569 37.542459 1.545059 0.977839
Car -1 -1 -10 708.000000 168.000000 805.000000 202.000000 1.581217 1.685460 4.295003 7.581658 1.521067 37.731194 3.121583 0.963085
Car -1 -1 -10 454.000000 189.000000 502.000000 218.000000 1.505061 1.590129 3.686285 -6.853418 2.444239 37.302057 1.762310 0.873938
Car -1 -1 -10 350.000000 196.000000 433.000000 243.000000 1.483933 1.591374 3.895908 -6.824723 2.218800 23.322981 1.561480 0.826254
Car -1 -1 -10 2.000000 200.000000 101.000000 375.000000 1.649671 1.651352 4.022327 -6.273218 2.023861 5.714498 1.550638 0.467264
Car -1 -1 -10 1162.000000 151.000000 1240.000000 209.000000 1.492045 1.590125 3.882923 19.504844 1.001953 23.041873 0.293693 0.045165
Car -1 -1 -10 1134.000000 215.000000 1238.000000 368.000000 1.551303 1.589077 3.554067 3.513815 1.807341 2.467386 -1.448120 0.043451
Car -1 -1 -10 174.000000 193.000000 273.000000 225.000000 1.596085 1.624951 3.853426 -18.119669 2.115087 34.111737 -3.165706 0.023150
Car -1 -1 -10 895.000000 150.000000 955.000000 179.000000 1.556374 1.621480 3.798376 20.391790 0.236647 47.410037 -1.577647 0.018355
