Car -1 -1 -10 313.000000 197.000000 436.000000 263.000000 1.423806 1.641476 3.947415 -5.812885 2.044600 17.312767 -2.244725 0.999447
Car -1 -1 -10 189.000000 191.000000 255.000000 231.000000 1.439354 1.664080 3.954825 -15.714021 2.164461 29.019736 -2.209467 0.998730
Car -1 -1 -10 783.000000 178.000000 886.000000 237.000000 1.462446 1.660927 4.021736 5.587698 1.551939 18.344859 1.703802 0.998535
Car -1 -1 -10 169.000000 191.000000 231.000000 223.000000 1.528394 1.598594 3.748558 -18.909300 2.345913 32.833884 -2.190397 0.987240
Car -1 -1 -10 698.000000 178.000000 771.000000 232.000000 1.421943 1.592164 3.833285 3.447724 1.535892 19.847147 1.693500 0.983120
Car -1 -1 -10 374.000000 178.000000 472.000000 218.000000 1.530818 1.613920 3.877113 -8.520893 1.829225 33.176648 -3.218737 0.898451
Car -1 -1 -10 447.000000 166.000000 713.000000 312.000000 1.975009 1.731997 4.209101 -0.824716 1.937653 11.295473 -2.263973 0.753729
Car -1 -1 -10 848.000000 170.000000 1016.000000 229.000000 1.542464 1.586306 4.030291 9.802640 1.306314 21.054792 1.464484 0.379941
Car -1 -1 -10 320.000000 185.000000 408.000000 210.000000 1.552492 1.636567 4.029307 -12.995630 1.984198 37.729607 -3.252161 0.206762
Car -1 -1 -10 745.000000 177.000000 811.000000 220.000000 1.592826 1.670995 3.964092 7.306446 1.630937 30.153929 1.237212 0.137893
Car -1 -1 -10 560.000000 175.000000 711.000000 262.000000 1.524240 1.504203 3.205061 2.083865 2.345866 16.350025 1.618156 0.022864
