Pedestrian -1 -1 -10 670.000000 169.000000 683.000000 206.000000 1.709262 0.681192 0.860560 3.283182 1.652173 35.898467 1.233447 0.615767
Car -1 -1 -10 763.000000 182.000000 1012.000000 326.000000 1.458300 1.596178 3.645703 3.172041 1.617985 9.087855 -1.604132 0.998782
Car -1 -1 -10 472.000000 178.000000 525.000000 203.000000 1.436535 1.573132 3.739802 -6.257505 1.836851 41.116686 0.872711 0.997009
Car -1 -1 -10 187.000000 184.000000 366.000000 285.000000 1.512228 1.590519 3.811728 -5.664043 1.737694 12.620329 1.558365 0.995977
Car -1 -1 -10 0.000000 193.000000 256.000000 364.000000 1.521535 1.543896 3.472322 -5.573683 1.779911 7.887321 1.559740 0.990203
Car -1 -1 -10 879.000000 187.000000 1245.000000 370.000000 1.486671 1.590751 3.864953 3.150738 1.648987 3.624234 -1.641069 0.987961
Car -1 -1 -10 221.000000 177.000000 288.000000 218.000000 1.599952 1.629373 3.893303 -14.441643 1.745844 30.241548 1.573916 0.143836
Car -1 -1 -10 278.000000 185.000000 355.000000 230.000000 1.466544 1.576001 3.673323 -11.191200 1.831233 27.563886 -2.948753 0.031985
Car -1 -1 -10 876.000000 199.000000 1057.000000 374.000000 1.546929 1.659338 3.938336 2.987758 1.859734 3.364673 1.447946 0.015105
Cyclist -1 -1 -10 669.000000 170.000000 684.000000 207.000000 1.783323 0.582899 1.712650 3.305434 1.665933 36.018063 -0.961518 0.022540
