Pedestrian -1 -1 -10 305.000000 187.000000 323.000000 247.000000 1.719543 0.567966 0.558574 -15.538647 2.412765 37.798529 2.251296 0.395667
Pedestrian -1 -1 -10 314.000000 194.000000 333.000000 246.000000 1.668713 0.597019 0.591714 -4.962571 1.769030 12.518544 -1.902317 0.148595
Pedestrian -1 -1 -10 292.000000 189.000000 335.000000 251.000000 1.590056 0.580725 0.630724 -6.575077 2.007235 16.809047 1.747427 0.076041
Pedestrian -1 -1 -10 286.000000 193.000000 297.000000 240.000000 1.712244 0.576749 0.646046 -12.615384 2.478987 28.462258 -2.057154 0.055068
Pedestrian -1 -1 -10 285.000000 194.000000 316.000000 243.000000 1.716641 0.586064 0.617875 -12.595745 2.518527 28.385150 0.179481 0.020594
Pedestrian -1 -1 -10 310.000000 190.000000 329.000000 231.000000 1.598430 0.588424 0.653166 -6.033622 1.187710 15.465251 -0.317792 0.011329
Car -1 -1 -10 53.000000 197.000000 349.000000 328.000000 1.453459 1.681209 4.278190 -5.630384 1.868142 10.668841 1.568939 0.999505
Car -1 -1 -10 223.000000 197.000000 338.000000 259.000000 1.523824 1.536097 3.236622 -7.490228 1.804611 17.629916 2.004566 0.022005
Cyclist -1 -1 -10 288.000000 190.000000 341.000000 256.000000 1.705561 0.527539 1.389226 -6.956020 1.517088 17.393450 0.618421 0.098356
Cyclist -1 -1 -10 300.000000 188.000000 328.000000 247.000000 1.705519 0.527383 1.389129 -6.965859 1.518510 17.389678 0.617759 0.058040
Cyclist -1 -1 -10 285.000000 194.000000 318.000000 244.000000 1.682664 0.537789 1.618940 -12.799776 2.253506 28.243374 -1.463015 0.025562
Cyclist -1 -1 -10 311.000000 194.000000 333.000000 252.000000 1.741423 0.555176 1.528778 -5.631874 1.610958 14.670739 -1.310201 0.013989
Cyclist -1 -1 -10 286.000000 193.000000 297.000000 240.000000 1.679233 0.521346 1.624125 -12.708594 2.174632 28.315339 -1.551529 0.011596
