Car -1 -1 -10 685.000000 182.000000 767.000000 244.000000 1.460689 1.592344 3.619614 2.886691 1.701756 18.465313 -1.565314 0.999471
Car -1 -1 -10 233.000000 179.000000 460.000000 251.000000 1.539930 1.615399 4.110858 -5.765844 1.693536 16.129059 0.065843 0.998578
Car -1 -1 -10 731.000000 172.000000 873.000000 223.000000 1.638619 1.641563 3.925570 6.430202 1.658091 23.621638 0.055132 0.994526
Car -1 -1 -10 331.000000 175.000000 483.000000 230.000000 1.548154 1.583106 3.977519 -5.887009 1.711854 21.169310 0.176277 0.948178
Car -1 -1 -10 393.000000 175.000000 500.000000 214.000000 1.559651 1.592082 3.884519 -5.314603 1.515031 29.290697 -1.438607 0.900999
Car -1 -1 -10 837.000000 168.000000 1225.000000 374.000000 1.550904 1.617939 3.798718 2.879097 1.601888 4.640908 -1.590639 0.883555
Car -1 -1 -10 33.000000 184.000000 294.000000 294.000000 1.524581 1.597161 3.941406 -7.107529 1.714075 10.928254 -3.206214 0.768648
Car -1 -1 -10 -1.000000 147.000000 238.000000 331.000000 1.836433 1.697519 3.983219 -6.507251 1.650826 9.051728 -1.693678 0.558783
Car -1 -1 -10 687.000000 173.000000 741.000000 201.000000 1.474194 1.619838 4.031836 5.405912 1.641546 37.425174 3.043147 0.453353
Car -1 -1 -10 1.000000 197.000000 177.000000 383.000000 1.499574 1.617095 3.926023 -5.343431 1.698957 7.041443 1.412328 0.266456
Car -1 -1 -10 432.000000 175.000000 536.000000 207.000000 1.502151 1.554457 3.561681 -5.671571 1.510259 34.559946 -3.182434 0.120505
Car -1 -1 -10 152.000000 186.000000 394.000000 264.000000 1.560484 1.640154 4.098851 -6.111444 1.696110 14.055713 0.041536 0.078906
