Pedestrian -1 -1 -10 763.000000 162.000000 775.000000 202.000000 1.737198 0.648768 0.578592 4.847137 1.211982 21.991589 1.298975 0.178132
Pedestrian -1 -1 -10 758.000000 162.000000 786.000000 205.000000 1.695866 0.683609 0.671061 4.846901 1.302014 21.332357 1.276757 0.012145
Car -1 -1 -10 745.000000 172.000000 883.000000 256.000000 1.469034 1.637910 3.998362 3.812539 1.455603 14.267779 -1.602690 0.998894
Car -1 -1 -10 560.000000 182.000000 614.000000 218.000000 1.451068 1.605605 3.959432 -0.826744 1.725213 29.103977 -1.465840 0.997367
Car -1 -1 -10 942.000000 179.000000 1227.000000 372.000000 1.528305 1.650005 3.898371 3.199978 1.612954 3.344463 -1.578486 0.980265
Car -1 -1 -10 593.000000 178.000000 627.000000 207.000000 1.440412 1.569505 3.750098 -0.027391 1.700265 37.876671 -1.497617 0.955310
Car -1 -1 -10 700.000000 174.000000 731.000000 201.000000 1.516111 1.619374 3.749651 6.539657 1.536277 42.030844 -0.758902 0.049913
Car -1 -1 -10 694.000000 171.000000 722.000000 196.000000 1.475720 1.575048 3.745070 6.459006 1.292988 41.899279 1.726818 0.020500
Car -1 -1 -10 2.000000 206.000000 112.000000 344.000000 1.539196 1.542466 3.252258 -8.251168 1.686566 11.382908 1.789283 0.019686
Cyclist -1 -1 -10 758.000000 165.000000 778.000000 202.000000 1.687507 0.653502 1.668145 4.699143 1.093476 21.338625 0.756344 0.012371
