Pedestrian -1 -1 -10 523.000000 165.000000 546.000000 210.000000 1.806984 0.625985 0.988767 -2.920606 1.255119 28.644065 -0.172625 0.940928
Pedestrian -1 -1 -10 394.000000 167.000000 414.000000 215.000000 1.781035 0.654583 0.965607 -7.919202 1.236661 27.437814 0.804309 0.709250
Pedestrian -1 -1 -10 425.000000 162.000000 446.000000 212.000000 1.758628 0.623405 0.789070 -5.554593 2.117137 23.749965 -2.392714 0.275009
Pedestrian -1 -1 -10 286.000000 175.000000 299.000000 217.000000 1.764252 0.581260 0.832953 -13.718713 1.659185 31.019199 0.270955 0.174929
Pedestrian -1 -1 -10 279.000000 177.000000 292.000000 218.000000 1.735671 0.619063 0.792929 -13.778261 1.593640 30.445635 -0.407358 0.046104
Pedestrian -1 -1 -10 827.000000 155.000000 839.000000 185.000000 1.651598 0.580061 0.567567 5.021016 1.141130 15.386390 3.359524 0.011858
Pedestrian -1 -1 -10 325.000000 173.000000 343.000000 200.000000 1.720168 0.607157 0.637971 -9.178803 1.395025 23.509049 -1.426640 0.011484
Car -1 -1 -10 451.000000 175.000000 527.000000 227.000000 1.467085 1.603634 3.720631 -3.424649 1.308279 21.482099 -1.590855 0.999393
Car -1 -1 -10 925.000000 162.000000 1012.000000 187.000000 1.511685 1.669322 4.178842 19.203970 0.395862 37.372206 3.493467 0.806527
Car -1 -1 -10 1001.000000 151.000000 1112.000000 185.000000 1.757269 1.692123 4.087018 23.866417 0.243506 37.730435 0.021688 0.470591
Car -1 -1 -10 481.000000 173.000000 517.000000 199.000000 1.476833 1.415545 2.876139 -3.703938 1.346136 24.699513 0.908994 0.092223
Cyclist -1 -1 -10 637.000000 162.000000 672.000000 198.000000 1.672442 0.695749 1.813334 2.513244 0.768555 37.891975 3.038099 0.997944
Cyclist -1 -1 -10 751.000000 154.000000 800.000000 202.000000 1.734237 0.578754 1.776360 7.077532 0.710259 29.887020 0.149314 0.997740
Cyclist -1 -1 -10 814.000000 153.000000 872.000000 201.000000 1.762117 0.633366 1.755204 8.216889 0.795385 25.436614 0.395229 0.664799
Cyclist -1 -1 -10 394.000000 167.000000 415.000000 213.000000 1.794142 0.701509 1.764263 -8.024601 1.221188 27.519184 1.267246 0.015397
