Pedestrian -1 -1 -10 579.000000 165.000000 589.000000 202.000000 1.766580 0.619990 0.819467 -0.825731 0.862731 35.193209 1.510770 0.856179
Pedestrian -1 -1 -10 648.000000 165.000000 658.000000 192.000000 1.800404 0.654100 0.727755 3.364079 0.691773 46.937841 1.257067 0.790490
Pedestrian -1 -1 -10 573.000000 165.000000 585.000000 201.000000 1.768879 0.693375 0.711482 -1.186794 0.917926 36.882355 1.947357 0.782312
Pedestrian -1 -1 -10 1000.000000 159.000000 1060.000000 313.000000 1.683517 0.649213 0.607390 4.772215 1.215005 7.915653 -0.604500 0.639827
Pedestrian -1 -1 -10 655.000000 163.000000 663.000000 191.000000 1.789428 0.548209 0.572312 4.314572 0.479973 51.926518 -0.929722 0.273852
Pedestrian -1 -1 -10 662.000000 164.000000 669.000000 192.000000 1.788211 0.650248 0.693287 4.236000 0.713520 47.237723 1.266004 0.191415
Pedestrian -1 -1 -10 582.000000 165.000000 598.000000 201.000000 1.761556 0.582049 0.825569 -0.796112 0.860897 35.454046 1.216019 0.054823
Pedestrian -1 -1 -10 620.000000 166.000000 634.000000 191.000000 1.656236 0.581478 0.571443 0.607138 1.103999 15.791090 3.085861 0.045058
Pedestrian -1 -1 -10 593.000000 165.000000 601.000000 195.000000 1.766420 0.632109 0.689374 -0.269173 0.650168 50.225295 -1.139025 0.044614
Pedestrian -1 -1 -10 665.000000 165.000000 672.000000 193.000000 1.856812 0.649889 0.535577 4.315166 0.705852 48.402064 1.250240 0.023386
Pedestrian -1 -1 -10 587.000000 165.000000 605.000000 199.000000 1.764588 0.664036 0.635096 -0.331901 1.002515 44.907291 -1.073094 0.023352
Pedestrian -1 -1 -10 992.000000 160.000000 1053.000000 233.000000 1.680477 0.635670 0.697566 5.428854 1.078302 9.300554 -0.561404 0.013143
Car -1 -1 -10 589.000000 172.000000 640.000000 213.000000 1.558792 1.628353 3.919509 0.532944 1.220483 27.081855 1.681696 0.999207
Car -1 -1 -10 928.000000 162.000000 998.000000 205.000000 1.572645 1.555604 3.292123 8.742985 1.125893 17.017378 2.059713 0.030195
Car -1 -1 -10 595.000000 169.000000 631.000000 199.000000 1.523320 1.620174 3.903968 0.710293 0.684846 46.751426 1.956421 0.022866
Car -1 -1 -10 612.000000 168.000000 636.000000 193.000000 1.510977 1.563795 3.525093 1.191511 0.554204 47.105930 2.077828 0.010797
Cyclist -1 -1 -10 998.000000 156.000000 1065.000000 310.000000 1.688312 0.679467 1.686070 4.635578 1.167777 7.771014 -0.491224 0.611783
Cyclist -1 -1 -10 981.000000 165.000000 1134.000000 348.000000 1.691032 0.547354 1.718628 4.622353 1.167874 7.344846 -0.427269 0.019338
Cyclist -1 -1 -10 992.000000 160.000000 1053.000000 233.000000 1.721226 0.609480 1.659541 5.525516 0.961054 9.515718 1.464845 0.019246
