Pedestrian -1 -1 -10 639.000000 171.000000 655.000000 212.000000 1.691048 0.622663 0.741505 1.864524 1.304099 28.880996 2.677147 0.761467
Pedestrian -1 -1 -10 877.000000 199.000000 921.000000 279.000000 1.713697 0.596914 0.753569 5.796563 1.665122 13.345214 -0.714768 0.391166
Pedestrian -1 -1 -10 0.000000 236.000000 156.000000 373.000000 1.741731 0.750666 0.583547 -2.500952 2.014530 3.401077 1.052180 0.354881
Pedestrian -1 -1 -10 892.000000 188.000000 915.000000 258.000000 1.743720 0.612342 0.747507 6.030441 1.627304 14.648368 2.932842 0.032504
Pedestrian -1 -1 -10 828.000000 204.000000 867.000000 255.000000 1.742208 0.687418 0.704165 5.596793 2.061173 15.869189 2.937332 0.020655
Pedestrian -1 -1 -10 832.000000 205.000000 906.000000 256.000000 1.720220 0.649303 0.679335 5.713963 2.022068 15.371595 2.897536 0.015391
Car -1 -1 -10 0.000000 228.000000 210.000000 373.000000 1.510519 1.566893 3.669266 -2.898095 1.604239 3.840341 -2.224601 0.021541
Car -1 -1 -10 823.000000 207.000000 872.000000 254.000000 1.487296 1.574294 3.542871 7.474249 1.574261 19.756911 1.266403 0.014397
Cyclist -1 -1 -10 1.000000 227.000000 165.000000 373.000000 1.662356 0.650461 1.665088 -2.499182 1.876171 3.464626 1.449307 0.438972
Cyclist -1 -1 -10 489.000000 184.000000 546.000000 230.000000 1.801822 0.565340 1.683748 -2.685484 1.561686 22.134853 -2.661681 0.417197
Cyclist -1 -1 -10 873.000000 198.000000 927.000000 277.000000 1.628795 0.550860 1.738990 5.990730 1.564572 13.472015 -1.755937 0.049179
