Car -1 -1 -10 172.000000 202.000000 346.000000 306.000000 1.466715 1.578210 3.771371 -6.015480 2.040624 12.776942 1.554122 0.998537
Car -1 -1 -10 408.000000 188.000000 483.000000 234.000000 1.455202 1.610179 3.934842 -5.860344 2.085861 26.222227 1.616539 0.998262
Car -1 -1 -10 317.000000 194.000000 428.000000 258.000000 1.473425 1.613920 4.018693 -6.005021 2.049847 18.739962 1.559515 0.998020
Car -1 -1 -10 689.000000 175.000000 765.000000 231.000000 1.499590 1.631363 3.923549 3.138363 1.566995 20.615933 -1.586326 0.997601
Car -1 -1 -10 923.000000 140.000000 1187.000000 221.000000 1.532659 1.685945 4.158475 9.306644 0.995542 14.603532 3.221447 0.991383
Car -1 -1 -10 672.000000 175.000000 735.000000 222.000000 1.554542 1.644294 3.931762 3.107151 1.631817 26.181004 -1.568668 0.985726
Car -1 -1 -10 654.000000 177.000000 700.000000 207.000000 1.537676 1.549373 3.712631 3.327813 1.750814 35.838052 1.522471 0.882168
Car -1 -1 -10 451.000000 186.000000 505.000000 223.000000 1.510946 1.575326 3.690675 -5.890278 2.205448 32.299783 1.562753 0.845697
Car -1 -1 -10 2.000000 216.000000 228.000000 375.000000 1.447373 1.604585 3.801009 -5.902509 2.009427 7.906144 1.575059 0.834509
Car -1 -1 -10 803.000000 154.000000 948.000000 210.000000 1.604030 1.613114 4.164616 8.215167 1.109146 22.522818 3.161679 0.676955
Car -1 -1 -10 863.000000 151.000000 1027.000000 211.000000 1.564220 1.593628 4.057696 9.150913 1.028064 19.630378 3.098663 0.575441
Car -1 -1 -10 643.000000 178.000000 682.000000 204.000000 1.534231 1.546809 3.579223 3.226821 2.036917 40.488744 1.559912 0.296166
Car -1 -1 -10 490.000000 184.000000 530.000000 209.000000 1.586908 1.601368 4.028031 -5.893761 2.104251 41.491637 1.703155 0.224305
