Car -1 -1 -10 405.000000 189.000000 473.000000 233.000000 1.491291 1.551448 3.618758 -6.205948 2.122239 26.637641 1.618427 0.998504
Car -1 -1 -10 445.000000 188.000000 498.000000 222.000000 1.504004 1.559530 3.811600 -6.186052 2.157663 32.310014 1.591458 0.990266
Car -1 -1 -10 110.000000 200.000000 200.000000 235.000000 1.555057 1.626210 3.820066 -20.768631 2.848932 33.443533 -1.529764 0.961410
Car -1 -1 -10 654.000000 175.000000 708.000000 214.000000 1.479506 1.632307 3.905764 2.770907 1.556574 30.317231 -1.605044 0.905693
Car -1 -1 -10 65.000000 205.000000 144.000000 238.000000 1.512936 1.621147 3.895049 -23.384836 2.960371 34.247904 -1.542847 0.849630
Car -1 -1 -10 175.000000 200.000000 248.000000 235.000000 1.569844 1.617936 3.918096 -18.632743 2.849245 33.493382 0.953237 0.683831
Car -1 -1 -10 1010.000000 134.000000 1099.000000 178.000000 2.122842 1.747486 4.323650 24.408151 0.338823 39.606428 1.486052 0.673955
Car -1 -1 -10 479.000000 179.000000 519.000000 211.000000 1.611233 1.608246 3.866706 -6.302408 2.100263 40.346357 1.535162 0.412514
Car -1 -1 -10 11.000000 207.000000 98.000000 242.000000 1.461251 1.562022 3.666879 -25.754134 3.088326 34.179705 -1.544414 0.387265
Car -1 -1 -10 493.000000 181.000000 530.000000 206.000000 1.548229 1.600020 3.763612 -6.212184 2.086777 40.858226 1.435726 0.025034
