Pedestrian -1 -1 -10 945.000000 168.000000 1068.000000 373.000000 1.606817 0.599008 0.707112 2.463831 1.526712 4.506964 1.615994 0.863191
Pedestrian -1 -1 -10 980.000000 194.000000 1122.000000 369.000000 1.729432 0.622656 0.640843 2.534900 1.643907 4.420562 -1.014774 0.613825
Pedestrian -1 -1 -10 462.000000 179.000000 490.000000 262.000000 1.683280 0.612588 0.624024 -2.904980 1.318834 15.053280 2.338596 0.450823
Pedestrian -1 -1 -10 960.000000 196.000000 1060.000000 303.000000 1.619658 0.548921 0.596793 8.537646 2.096116 14.983869 0.555842 0.019686
Car -1 -1 -10 844.000000 175.000000 917.000000 228.000000 1.441987 1.629361 3.864127 8.023731 1.546776 21.585081 -1.346954 0.999467
Car -1 -1 -10 393.000000 179.000000 531.000000 257.000000 1.555642 1.606000 3.717620 -3.130272 1.723274 14.696214 -2.945892 0.938434
Car -1 -1 -10 962.000000 200.000000 1228.000000 367.000000 1.528403 1.595602 3.904654 2.996075 1.617091 3.262365 1.632595 0.777281
Car -1 -1 -10 1019.000000 213.000000 1143.000000 367.000000 1.504789 1.615787 3.741099 3.228104 1.396005 2.891611 1.555174 0.033788
Car -1 -1 -10 450.000000 179.000000 498.000000 260.000000 1.458874 1.570455 3.748063 -2.385364 1.533287 13.793363 -1.625788 0.017233
Cyclist -1 -1 -10 936.000000 171.000000 1079.000000 374.000000 1.671511 0.504855 1.673613 2.337072 1.541092 4.433115 1.451991 0.759476
Cyclist -1 -1 -10 963.000000 192.000000 1177.000000 371.000000 1.653338 0.559974 1.731209 2.533862 1.590277 4.153151 1.526487 0.466956
Cyclist -1 -1 -10 954.000000 182.000000 1050.000000 306.000000 1.726455 0.683126 1.666571 2.713074 1.372896 4.833632 1.512637 0.071875
Cyclist -1 -1 -10 960.000000 195.000000 1059.000000 247.000000 1.685196 0.562865 1.585063 8.640034 1.706115 14.625636 1.563696 0.022128
Cyclist -1 -1 -10 994.000000 176.000000 1037.000000 247.000000 1.673766 0.516326 1.622343 8.500065 1.654727 14.428638 1.575156 0.015553
Cyclist -1 -1 -10 950.000000 211.000000 1071.000000 266.000000 1.797926 0.348113 1.032986 10.029066 2.142461 17.431533 -1.051378 0.014852
