Pedestrian -1 -1 -10 515.000000 166.000000 560.000000 275.000000 1.747358 0.628511 0.740514 -1.250661 1.561913 11.568117 0.502796 0.989224
Pedestrian -1 -1 -10 1117.000000 131.000000 1187.000000 299.000000 1.776479 0.590256 0.865305 6.171397 1.176425 8.162287 0.127895 0.971949
Pedestrian -1 -1 -10 499.000000 168.000000 535.000000 277.000000 1.741403 0.573118 0.874358 -1.416061 1.516262 11.234036 0.390841 0.941347
Pedestrian -1 -1 -10 1138.000000 126.000000 1219.000000 308.000000 1.783633 0.589460 1.109739 6.008007 1.191755 7.548398 0.155021 0.937805
Pedestrian -1 -1 -10 1003.000000 149.000000 1024.000000 213.000000 1.703032 0.589012 0.712415 10.415996 0.926564 18.177513 3.053425 0.172542
Pedestrian -1 -1 -10 1152.000000 134.000000 1222.000000 220.000000 1.641697 0.601165 0.638375 9.092728 0.852055 10.948035 0.755985 0.024301
Pedestrian -1 -1 -10 881.000000 153.000000 898.000000 196.000000 1.773547 0.590973 0.901088 13.313128 0.477181 33.300867 1.053140 0.022626
Car -1 -1 -10 448.000000 173.000000 481.000000 198.000000 1.612781 1.640963 3.851775 -8.621095 1.092810 43.850794 1.438858 0.997425
Car -1 -1 -10 0.000000 205.000000 295.000000 365.000000 1.519920 1.628330 3.874090 -3.240152 1.648035 3.569605 -1.554982 0.971807
Cyclist -1 -1 -10 1148.000000 129.000000 1222.000000 304.000000 1.741126 0.523404 1.792175 6.169594 1.171903 7.665978 0.119760 0.096247
Cyclist -1 -1 -10 501.000000 166.000000 540.000000 284.000000 1.765822 0.503200 1.747079 -1.339697 1.503274 11.328008 -1.234021 0.023899
Cyclist -1 -1 -10 1149.000000 138.000000 1222.000000 207.000000 1.707651 0.494759 1.498273 10.027424 1.053408 11.828520 -0.231911 0.015552
Cyclist -1 -1 -10 515.000000 166.000000 559.000000 278.000000 1.795716 0.546902 1.737602 -1.327258 1.518673 11.474540 -1.177076 0.014904
Cyclist -1 -1 -10 502.000000 171.000000 538.000000 213.000000 1.677954 0.514024 1.434747 -4.666786 0.702968 39.140488 -1.737082 0.010873
