Car -1 -1 -10 225.000000 187.000000 416.000000 297.000000 1.476370 1.609740 3.908714 -4.434391 1.537225 11.817285 -1.570675 0.999627
Car -1 -1 -10 573.000000 174.000000 614.000000 210.000000 1.570052 1.645306 4.016293 -0.695304 1.085877 33.734211 -1.596001 0.999526
Car -1 -1 -10 365.000000 178.000000 461.000000 241.000000 1.470319 1.598563 3.764130 -5.281413 1.313887 19.587071 -1.610495 0.998477
Car -1 -1 -10 218.000000 183.000000 319.000000 242.000000 1.487697 1.630915 3.835979 -8.876240 1.503109 19.697200 -1.582634 0.987130
Car -1 -1 -10 -2.000000 191.000000 157.000000 310.000000 1.426241 1.612738 3.898574 -8.435700 1.595748 9.791409 -1.579131 0.813769
Car -1 -1 -10 361.000000 171.000000 425.000000 214.000000 1.526255 1.626631 3.851783 -8.589752 1.022671 29.426208 -1.425270 0.442027
Car -1 -1 -10 501.000000 173.000000 547.000000 203.000000 1.433065 1.492526 3.067374 -2.639305 1.431855 24.168426 0.722508 0.021964
Car -1 -1 -10 533.000000 164.000000 561.000000 192.000000 1.496689 1.576076 3.650209 -5.259405 0.887211 46.388343 -1.629355 0.020049
Car -1 -1 -10 255.000000 182.000000 336.000000 229.000000 1.506190 1.585904 3.871738 -11.934768 1.155072 28.643942 1.594162 0.016685
Car -1 -1 -10 482.000000 168.000000 536.000000 208.000000 1.618463 1.606883 3.846258 -4.358611 0.964230 31.478873 -1.609635 0.011982
