Car -1 -1 -10 320.000000 187.000000 457.000000 268.000000 1.491995 1.612420 3.844230 -4.584908 1.797486 15.383463 1.604657 0.999309
Car -1 -1 -10 531.000000 179.000000 565.000000 206.000000 1.534699 1.561691 3.611859 -3.581718 1.845405 42.286120 1.634858 0.999148
Car -1 -1 -10 412.000000 184.000000 499.000000 241.000000 1.514031 1.574946 3.738131 -4.362560 1.838163 21.044902 1.602174 0.998372
Car -1 -1 -10 790.000000 187.000000 1001.000000 311.000000 1.482728 1.646998 3.829117 3.844916 1.726819 10.469013 -1.534474 0.998268
Car -1 -1 -10 705.000000 180.000000 784.000000 235.000000 1.466588 1.649299 4.091123 3.852954 1.761134 21.226518 -1.591179 0.997515
Car -1 -1 -10 739.000000 182.000000 851.000000 258.000000 1.515344 1.609372 3.781421 3.891596 1.723698 16.057488 -1.523539 0.997159
Car -1 -1 -10 458.000000 184.000000 524.000000 226.000000 1.436311 1.578295 3.947814 -4.271907 1.822446 26.368274 1.574531 0.994880
Car -1 -1 -10 693.000000 178.000000 741.000000 221.000000 1.550039 1.613951 3.707296 4.659261 1.869098 31.516140 -1.510771 0.979008
Car -1 -1 -10 915.000000 183.000000 1242.000000 372.000000 1.519497 1.614338 3.843383 3.928616 1.741700 5.181493 -1.641171 0.947142
Car -1 -1 -10 686.000000 178.000000 724.000000 211.000000 1.490415 1.369533 2.782037 4.783446 1.824307 34.597997 -1.525136 0.410545
