Pedestrian -1 -1 -10 437.000000 170.000000 467.000000 255.000000 1.771660 0.657748 0.809012 -3.273625 1.539573 15.659303 1.429035 0.998371
Pedestrian -1 -1 -10 690.000000 174.000000 729.000000 284.000000 1.707312 0.662178 0.905430 1.725930 1.567719 11.791691 -1.409524 0.997310
Pedestrian -1 -1 -10 642.000000 171.000000 672.000000 238.000000 1.687935 0.822129 0.825827 1.508552 1.472813 20.528088 -1.411781 0.995036
Pedestrian -1 -1 -10 723.000000 176.000000 758.000000 281.000000 1.724859 0.639105 0.672142 2.210215 1.641757 11.943448 -1.955925 0.968244
Pedestrian -1 -1 -10 398.000000 174.000000 420.000000 237.000000 1.677694 0.574709 0.627714 -4.375960 1.468548 16.386180 1.378277 0.958658
Pedestrian -1 -1 -10 780.000000 166.000000 807.000000 247.000000 1.750640 0.669712 0.760706 4.356121 1.500640 16.454694 1.325291 0.920749
Pedestrian -1 -1 -10 819.000000 169.000000 844.000000 249.000000 1.692824 0.593225 0.681047 4.889272 1.427781 15.448185 0.780320 0.917670
Pedestrian -1 -1 -10 755.000000 170.000000 784.000000 252.000000 1.743211 0.642742 0.843704 3.670817 1.467078 15.831051 -1.409778 0.894707
Pedestrian -1 -1 -10 7.000000 172.000000 69.000000 280.000000 1.678431 0.662786 0.679548 -8.335739 1.537567 10.622369 -2.681892 0.630288
Pedestrian -1 -1 -10 3.000000 227.000000 94.000000 373.000000 1.742194 0.713347 0.600884 -4.236469 1.888160 5.509833 -1.743239 0.563859
Pedestrian -1 -1 -10 766.000000 169.000000 797.000000 248.000000 1.785349 0.627852 1.010420 4.211833 1.493228 16.514914 0.841592 0.502477
Pedestrian -1 -1 -10 1.000000 217.000000 234.000000 373.000000 1.720005 0.891204 0.648135 -3.424281 2.148904 5.032823 1.094216 0.196768
Car -1 -1 -10 562.000000 180.000000 603.000000 212.000000 1.453437 1.585699 3.846338 -0.984963 1.472999 36.034320 1.623629 0.998724
Car -1 -1 -10 22.000000 221.000000 276.000000 373.000000 1.560213 1.541917 3.753388 -3.693116 2.072231 4.107462 1.548995 0.055938
Cyclist -1 -1 -10 5.000000 221.000000 130.000000 368.000000 1.659948 0.558849 1.607864 -3.318420 1.935052 4.306075 -1.665247 0.876879
Cyclist -1 -1 -10 -4.000000 218.000000 263.000000 376.000000 1.647203 0.649908 1.691012 -3.121947 2.057391 4.699217 1.516154 0.652498
Cyclist -1 -1 -10 3.000000 171.000000 88.000000 296.000000 1.683623 0.737709 1.691804 -8.597767 1.399001 10.609045 -0.224152 0.537263
Cyclist -1 -1 -10 17.000000 195.000000 136.000000 285.000000 1.711804 0.567410 1.737203 -9.493483 1.720549 12.793579 -2.727154 0.111858
Cyclist -1 -1 -10 16.000000 213.000000 81.000000 351.000000 1.715878 0.626844 1.466078 -5.282412 1.724520 6.648481 -0.542313 0.014144
Cyclist -1 -1 -10 891.000000 211.000000 1031.000000 367.000000 1.684708 0.451368 1.653791 2.526082 1.862209 5.509315 -1.761931 0.013480
