Pedestrian -1 -1 -10 433.000000 177.000000 448.000000 219.000000 1.787715 0.698283 0.715043 -6.891902 2.066788 29.379650 -1.740042 0.940568
Pedestrian -1 -1 -10 415.000000 180.000000 429.000000 217.000000 1.714007 0.634220 0.704806 -7.669445 2.052865 29.264884 -1.976040 0.892543
Pedestrian -1 -1 -10 420.000000 180.000000 437.000000 218.000000 1.743446 0.644362 0.754627 -7.481930 1.895838 29.368275 -2.228038 0.060149
Pedestrian -1 -1 -10 431.000000 180.000000 441.000000 216.000000 1.696694 0.572781 0.568739 -6.918188 1.556862 29.185975 2.384924 0.059726
Car -1 -1 -10 670.000000 181.000000 770.000000 256.000000 1.488004 1.610444 3.767007 2.367971 1.686297 16.582983 -1.617259 0.999683
Car -1 -1 -10 413.000000 192.000000 480.000000 241.000000 1.469026 1.567832 3.619318 -5.012373 2.028195 22.376940 -1.645307 0.998138
Car -1 -1 -10 2.000000 207.000000 279.000000 372.000000 1.510264 1.645637 4.022015 -4.807992 1.850695 6.673730 1.523753 0.982901
Car -1 -1 -10 451.000000 180.000000 506.000000 223.000000 1.617253 1.643762 3.981418 -5.649923 2.065821 31.608518 -1.610918 0.982068
Car -1 -1 -10 636.000000 181.000000 684.000000 223.000000 1.491161 1.569806 3.492070 1.802000 1.805299 26.691536 -1.623176 0.981866
Car -1 -1 -10 616.000000 178.000000 647.000000 207.000000 1.539317 1.585959 3.703840 1.228308 1.975738 42.395088 -1.642715 0.552165
Car -1 -1 -10 485.000000 182.000000 523.000000 209.000000 1.573310 1.580808 3.910990 -6.499311 2.165080 45.662969 1.575747 0.363694
Car -1 -1 -10 876.000000 210.000000 1247.000000 372.000000 1.495396 1.617809 3.938579 3.099654 1.616162 4.099591 -1.599011 0.324399
Car -1 -1 -10 866.000000 236.000000 1075.000000 358.000000 1.539268 1.604356 3.777428 3.023464 1.757471 4.005296 1.483349 0.010293
