Pedestrian -1 -1 -10 594.000000 168.000000 606.000000 200.000000 1.661077 0.605326 0.667107 -0.470470 1.469288 34.826843 1.165866 0.010124
Car -1 -1 -10 491.000000 169.000000 553.000000 221.000000 1.680452 1.650306 4.016172 -3.030291 1.622596 26.031369 1.571656 0.999636
Car -1 -1 -10 696.000000 175.000000 794.000000 270.000000 1.612241 1.602036 3.390839 2.547113 1.701014 13.768136 -1.533513 0.999292
Car -1 -1 -10 12.000000 194.000000 424.000000 372.000000 1.461556 1.595884 3.804939 -2.943088 1.629775 6.211673 -1.586416 0.997849
Car -1 -1 -10 670.000000 182.000000 731.000000 242.000000 1.491560 1.582755 3.715265 2.392782 1.733035 18.685943 -1.524578 0.994161
Car -1 -1 -10 274.000000 167.000000 437.000000 225.000000 1.449418 1.627428 4.055986 -7.136452 1.390605 19.757681 -3.181225 0.986305
Car -1 -1 -10 532.000000 172.000000 573.000000 208.000000 1.523639 1.616368 3.785527 -2.730014 1.640735 33.935484 -1.511552 0.985731
Car -1 -1 -10 172.000000 199.000000 412.000000 309.000000 1.490859 1.584074 3.739696 -3.183358 1.553472 5.364251 1.620606 0.012227
Car -1 -1 -10 593.000000 167.000000 605.000000 199.000000 1.553971 1.597152 3.611175 0.199225 1.371840 35.919396 -1.584173 0.011113
Cyclist -1 -1 -10 591.000000 167.000000 607.000000 205.000000 1.746092 0.601346 1.781255 -0.480873 1.522366 34.799329 1.500843 0.991817
