Car -1 -1 -10 573.000000 175.000000 614.000000 212.000000 1.526397 1.625890 3.616914 -0.734943 1.140743 33.969156 -1.604818 0.999681
Car -1 -1 -10 303.000000 187.000000 446.000000 271.000000 1.445960 1.587386 3.821584 -4.468023 1.500031 14.403856 -1.568860 0.999622
Car -1 -1 -10 397.000000 180.000000 474.000000 233.000000 1.503697 1.599858 3.874247 -5.330026 1.370921 22.495248 -1.597904 0.996346
Car -1 -1 -10 -3.000000 187.000000 232.000000 294.000000 1.519044 1.604228 3.866880 -8.400751 1.515328 12.514511 -1.551369 0.981243
Car -1 -1 -10 266.000000 180.000000 362.000000 235.000000 1.487225 1.635437 3.909649 -8.947042 1.443201 22.424893 -1.592446 0.968492
Car -1 -1 -10 -4.000000 208.000000 229.000000 376.000000 1.489358 1.626800 3.911598 -4.618257 1.658338 5.492588 -1.591814 0.825316
Car -1 -1 -10 536.000000 166.000000 561.000000 192.000000 1.513226 1.603388 3.759981 -4.484208 1.009102 49.240163 -1.611131 0.093688
Car -1 -1 -10 387.000000 173.000000 437.000000 207.000000 1.514665 1.591498 3.736071 -8.436472 0.979258 32.058329 -0.290390 0.047552
Car -1 -1 -10 3.000000 209.000000 112.000000 335.000000 1.533685 1.601583 3.822520 -9.100823 1.298777 11.882615 0.943730 0.023311
Car -1 -1 -10 494.000000 170.000000 544.000000 206.000000 1.599229 1.615496 3.744849 -4.463508 0.936843 34.027493 -1.605647 0.015174
