Car -1 -1 -10 667.000000 177.000000 731.000000 225.000000 1.512156 1.613166 3.708751 2.909248 1.709147 23.756326 -1.572373 0.999025
Car -1 -1 -10 330.000000 174.000000 473.000000 227.000000 1.532960 1.607099 4.123504 -6.430406 1.614763 22.436475 0.163965 0.995624
Car -1 -1 -10 727.000000 179.000000 896.000000 297.000000 1.491810 1.624413 3.785965 2.950498 1.625551 11.632513 -1.621875 0.995606
Car -1 -1 -10 801.000000 204.000000 1221.000000 375.000000 1.464583 1.614745 3.715788 2.961820 1.739086 6.229618 -1.584652 0.995580
Car -1 -1 -10 0.000000 156.000000 313.000000 301.000000 1.797277 1.674826 4.029559 -6.310333 1.630969 9.788019 -3.292761 0.984948
Car -1 -1 -10 185.000000 172.000000 411.000000 263.000000 1.526065 1.579543 3.779988 -6.208326 1.477942 14.439308 -3.125695 0.968041
Car -1 -1 -10 647.000000 172.000000 691.000000 209.000000 1.584018 1.635390 4.035677 2.727412 1.614959 34.850641 -1.573734 0.877389
Car -1 -1 -10 259.000000 174.000000 439.000000 236.000000 1.540663 1.596947 3.726944 -5.928674 1.460983 17.101399 1.745077 0.635660
Car -1 -1 -10 378.000000 170.000000 508.000000 216.000000 1.618957 1.666470 3.919143 -6.269918 1.501490 27.515027 -2.928427 0.369129
Car -1 -1 -10 436.000000 175.000000 520.000000 210.000000 1.571734 1.609521 3.950685 -5.985513 1.569148 35.270654 -3.216171 0.247446
Car -1 -1 -10 -1.000000 184.000000 87.000000 375.000000 1.530492 1.633593 3.796369 -5.885624 1.693601 5.656176 -3.266008 0.092616
