Pedestrian -1 -1 -10 634.000000 153.000000 672.000000 247.000000 1.740794 0.656233 0.858670 0.828159 1.287578 14.576886 1.169496 0.984700
Pedestrian -1 -1 -10 321.000000 165.000000 365.000000 257.000000 1.698703 0.731093 0.707109 -4.963843 1.354846 13.428457 -1.783861 0.981423
Pedestrian -1 -1 -10 1.000000 175.000000 43.000000 280.000000 1.819454 0.595206 0.956110 -11.012438 1.778555 13.307246 -2.688269 0.973484
Pedestrian -1 -1 -10 400.000000 153.000000 441.000000 265.000000 1.820212 0.658977 0.967007 -3.307888 1.391476 12.429096 0.291295 0.957530
Pedestrian -1 -1 -10 138.000000 179.000000 165.000000 254.000000 1.753387 0.618300 0.845853 -10.690555 1.730383 16.731823 0.112236 0.726262
Pedestrian -1 -1 -10 62.000000 184.000000 103.000000 266.000000 1.681202 0.624041 0.815032 -11.069001 1.814070 15.012208 -2.813332 0.723263
Pedestrian -1 -1 -10 175.000000 166.000000 210.000000 256.000000 1.625789 0.646806 0.687646 -8.750817 1.306426 15.006952 -0.406401 0.660011
Pedestrian -1 -1 -10 122.000000 182.000000 149.000000 255.000000 1.686083 0.595288 0.760534 -10.784260 1.700603 16.033046 0.491523 0.534021
Pedestrian -1 -1 -10 771.000000 155.000000 788.000000 187.000000 1.781329 0.664559 0.936842 10.261236 0.576090 42.187630 3.361362 0.111619
Pedestrian -1 -1 -10 348.000000 169.000000 370.000000 246.000000 1.695149 0.542862 0.589220 -6.430808 1.323914 18.718905 2.211622 0.082672
Pedestrian -1 -1 -10 923.000000 152.000000 948.000000 207.000000 1.713896 0.610518 0.930922 10.524029 0.745996 22.669737 -1.082398 0.048337
Pedestrian -1 -1 -10 173.000000 181.000000 194.000000 259.000000 1.676624 0.624340 0.826608 -8.732844 1.335433 14.959050 -0.051982 0.046262
Pedestrian -1 -1 -10 402.000000 167.000000 426.000000 241.000000 1.683656 0.601226 0.725120 -3.279519 1.285102 12.264101 0.240221 0.034445
Pedestrian -1 -1 -10 136.000000 185.000000 292.000000 256.000000 1.658026 0.666431 0.676677 -8.690615 1.537458 14.916025 -2.508401 0.020192
Pedestrian -1 -1 -10 145.000000 180.000000 178.000000 262.000000 1.719102 0.652767 0.634906 -10.608986 1.704123 16.669047 -0.018925 0.016720
Car -1 -1 -10 127.000000 184.000000 430.000000 364.000000 1.476360 1.587854 3.733420 -3.219114 1.570201 7.634748 -1.565532 0.999283
Car -1 -1 -10 361.000000 183.000000 426.000000 238.000000 1.393251 1.532985 3.404364 -5.957675 1.052913 20.299988 0.435333 0.027677
Car -1 -1 -10 396.000000 160.000000 443.000000 262.000000 1.653487 1.619075 3.596747 -3.327627 1.304797 13.215240 -2.362380 0.027395
Car -1 -1 -10 1120.000000 154.000000 1222.000000 194.000000 1.556205 1.628151 3.977452 18.808365 0.536764 24.690121 2.341582 0.017233
Car -1 -1 -10 187.000000 191.000000 293.000000 235.000000 1.520475 1.660374 4.313576 -19.829021 1.758222 38.719144 -0.931575 0.011941
Cyclist -1 -1 -10 922.000000 153.000000 948.000000 205.000000 1.756889 0.567389 1.804651 10.619618 0.812385 22.760577 -1.022594 0.990508
Cyclist -1 -1 -10 958.000000 150.000000 1009.000000 198.000000 1.774757 0.474322 1.709003 14.234833 0.632801 26.744733 -0.523984 0.948634
Cyclist -1 -1 -10 164.000000 173.000000 219.000000 257.000000 1.629000 0.594566 1.699678 -8.819383 1.260798 14.927812 1.626621 0.153864
Cyclist -1 -1 -10 397.000000 158.000000 443.000000 262.000000 1.777513 0.529000 1.751797 -3.174099 1.365766 12.519866 -1.294841 0.083566
Cyclist -1 -1 -10 136.000000 185.000000 292.000000 256.000000 1.719272 0.667159 1.748894 -8.385609 1.382782 15.153213 -0.383528 0.069632
Cyclist -1 -1 -10 319.000000 164.000000 365.000000 254.000000 1.779022 0.681354 1.673278 -5.008701 1.263696 13.627804 -1.897734 0.063330
Cyclist -1 -1 -10 145.000000 180.000000 178.000000 262.000000 1.767405 0.606938 1.718108 -10.628153 1.727600 16.745930 0.431186 0.033687
Cyclist -1 -1 -10 137.000000 179.000000 165.000000 253.000000 1.759028 0.477448 1.705031 -10.755934 1.716306 16.676074 -1.652862 0.029538
Cyclist -1 -1 -10 364.000000 192.000000 386.000000 235.000000 1.725456 0.572254 1.633293 -6.271705 1.480547 18.623692 -2.491845 0.027057
Cyclist -1 -1 -10 771.000000 154.000000 788.000000 187.000000 1.720956 0.587448 1.695393 10.337522 0.475206 42.458949 1.316357 0.025692
Cyclist -1 -1 -10 399.000000 177.000000 422.000000 227.000000 1.677954 0.514024 1.434747 -3.435394 1.619952 13.221238 -1.885776 0.013891
Cyclist -1 -1 -10 390.000000 173.000000 433.000000 238.000000 1.683271 0.518236 1.677340 -3.362188 1.324418 12.842168 -1.371239 0.012599
Cyclist -1 -1 -10 169.000000 193.000000 187.000000 261.000000 1.677954 0.514024 1.434747 -8.827941 1.242659 14.859477 -2.160243 0.011349
Cyclist -1 -1 -10 121.000000 181.000000 148.000000 255.000000 1.711947 0.542716 1.734822 -10.748441 1.731713 16.190701 -1.798847 0.011121
Cyclist -1 -1 -10 177.000000 192.000000 267.000000 246.000000 1.683499 0.516753 1.452881 -15.751611 2.292142 28.898406 0.520661 0.010509
Cyclist -1 -1 -10 184.000000 167.000000 208.000000 253.000000 1.638700 0.533192 1.676030 -8.780129 1.197010 14.880514 -2.135020 0.010122
Cyclist -1 -1 -10 356.000000 179.000000 375.000000 239.000000 1.713837 0.665930 1.694099 -6.485557 1.295652 18.978384 2.790545 0.010019
