Pedestrian -1 -1 -10 374.000000 186.000000 434.000000 332.000000 1.678369 0.653055 0.601247 -2.217688 1.687019 8.010036 -1.309134 0.997018
Pedestrian -1 -1 -10 891.000000 169.000000 931.000000 271.000000 1.677898 0.668830 0.652063 4.875737 1.514837 11.401161 -1.243106 0.995972
Pedestrian -1 -1 -10 331.000000 180.000000 369.000000 301.000000 1.733748 0.638738 0.657975 -3.492932 1.619572 9.779628 0.094275 0.985416
Pedestrian -1 -1 -10 584.000000 171.000000 606.000000 239.000000 1.759186 0.630692 0.861390 -0.207943 1.501546 19.487498 1.490159 0.956945
Pedestrian -1 -1 -10 473.000000 177.000000 511.000000 273.000000 1.682189 0.642274 0.735608 -2.136400 1.617589 13.293332 1.940810 0.933747
Pedestrian -1 -1 -10 548.000000 173.000000 566.000000 232.000000 1.805893 0.650920 0.841927 -1.416588 1.591239 22.746996 1.971674 0.095065
Pedestrian -1 -1 -10 600.000000 173.000000 614.000000 223.000000 1.745525 0.623021 0.628437 0.258940 1.510992 30.431170 -1.485007 0.077274
Pedestrian -1 -1 -10 562.000000 172.000000 579.000000 226.000000 1.780192 0.667454 0.919720 -1.115936 1.513782 25.938983 1.506670 0.048780
Pedestrian -1 -1 -10 610.000000 174.000000 624.000000 216.000000 1.775843 0.629316 0.865001 0.657437 1.613842 31.727353 0.606009 0.036796
Pedestrian -1 -1 -10 624.000000 174.000000 639.000000 217.000000 1.782041 0.611976 0.836989 1.347150 1.479707 30.683743 -1.563871 0.017560
Pedestrian -1 -1 -10 346.000000 187.000000 407.000000 302.000000 1.692920 0.605076 0.650896 -3.287652 1.910563 9.690907 -1.429402 0.010599
Car -1 -1 -10 1159.000000 211.000000 1236.000000 363.000000 1.519040 1.613972 3.730951 2.097664 1.252896 0.303496 -1.490114 0.012280
Cyclist -1 -1 -10 328.000000 180.000000 372.000000 296.000000 1.763493 0.598025 1.701601 -3.598539 1.611953 9.784360 -1.079083 0.463412
Cyclist -1 -1 -10 471.000000 176.000000 512.000000 274.000000 1.706954 0.548272 1.789572 -2.142200 1.660885 13.164137 1.584992 0.067140
Cyclist -1 -1 -10 284.000000 185.000000 403.000000 281.000000 1.664201 0.501373 1.723079 -4.315554 1.839836 11.948123 -2.568505 0.058169
Cyclist -1 -1 -10 370.000000 188.000000 434.000000 326.000000 1.715622 0.509963 1.697496 -2.211435 1.716191 8.005420 1.357269 0.044996
Cyclist -1 -1 -10 687.000000 169.000000 725.000000 243.000000 1.724775 0.566717 1.839797 2.544320 1.516628 18.146630 1.319881 0.038657
Cyclist -1 -1 -10 358.000000 197.000000 414.000000 279.000000 1.711294 0.726515 1.651996 -3.921217 1.963941 13.401306 -0.142729 0.013600
