Pedestrian -1 -1 -10 676.000000 179.000000 769.000000 250.000000 1.648040 0.823830 0.899764 2.427724 1.730539 15.827680 0.097582 0.011654
Car -1 -1 -10 435.000000 180.000000 508.000000 233.000000 1.524657 1.647993 3.954850 -4.297823 1.758247 22.869314 1.502292 0.998952
Car -1 -1 -10 26.000000 183.000000 380.000000 372.000000 1.518100 1.593196 3.800380 -3.488600 1.701698 6.747433 1.535198 0.997709
Car -1 -1 -10 645.000000 178.000000 723.000000 234.000000 1.534061 1.615574 3.764908 2.032025 1.705180 22.119515 -1.627332 0.995583
Car -1 -1 -10 738.000000 183.000000 917.000000 312.000000 1.520402 1.589830 3.415557 2.985855 1.712299 10.704020 -1.632386 0.994602
Car -1 -1 -10 676.000000 179.000000 769.000000 250.000000 1.551821 1.591117 3.471857 2.584883 1.729840 17.499433 -1.649293 0.992905
Car -1 -1 -10 819.000000 198.000000 1244.000000 376.000000 1.476665 1.607298 4.070392 3.123467 1.773491 5.618586 -1.581599 0.987799
Car -1 -1 -10 629.000000 178.000000 683.000000 219.000000 1.488451 1.632686 4.042855 1.736783 1.763924 28.003768 -1.633019 0.967278
Car -1 -1 -10 473.000000 180.000000 518.000000 220.000000 1.486612 1.601153 3.795310 -4.825537 1.826163 28.824057 -1.619818 0.593193
Car -1 -1 -10 496.000000 180.000000 528.000000 207.000000 1.493759 1.584683 3.793855 -5.597463 1.977566 38.655055 1.449752 0.219050
Car -1 -1 -10 4.000000 140.000000 158.000000 373.000000 1.492180 1.580952 3.719858 -3.173643 1.195237 2.204812 1.559307 0.161301
Car -1 -1 -10 625.000000 178.000000 662.000000 210.000000 1.681486 1.588371 3.505913 2.070579 1.780051 34.372345 -2.019019 0.156296
