Car -1 -1 -10 670.000000 177.000000 741.000000 230.000000 1.496767 1.602097 3.724363 2.866646 1.658858 21.730099 -1.560378 0.999618
Car -1 -1 -10 744.000000 182.000000 960.000000 326.000000 1.528208 1.662528 3.864198 2.986945 1.666379 9.689543 -1.585467 0.999356
Car -1 -1 -10 283.000000 172.000000 459.000000 231.000000 1.597069 1.663603 4.185861 -6.468271 1.607285 20.371812 0.133014 0.988661
Car -1 -1 -10 78.000000 170.000000 392.000000 271.000000 1.585890 1.624375 3.899953 -6.272982 1.506466 12.501323 -3.111598 0.987930
Car -1 -1 -10 859.000000 203.000000 1236.000000 378.000000 1.492419 1.573147 3.787158 2.941634 1.760160 3.969542 -1.606540 0.973155
Car -1 -1 -10 26.000000 165.000000 298.000000 312.000000 1.676554 1.658256 3.925116 -5.597782 1.633148 8.778957 -1.499127 0.972127
Car -1 -1 -10 0.000000 142.000000 208.000000 363.000000 1.611562 1.629619 3.959903 -5.241098 1.452284 7.437166 0.996280 0.930782
Car -1 -1 -10 649.000000 170.000000 696.000000 209.000000 1.661103 1.648849 4.011327 2.733985 1.638419 32.753769 -1.576495 0.921756
Car -1 -1 -10 345.000000 168.000000 505.000000 219.000000 1.727593 1.719116 4.024521 -6.422554 1.518826 25.050964 -3.184942 0.359071
Car -1 -1 -10 418.000000 171.000000 516.000000 210.000000 1.543104 1.609442 3.893019 -5.962708 1.511772 33.326375 -3.210221 0.308101
