Pedestrian -1 -1 -10 1123.000000 205.000000 1242.000000 378.000000 1.727340 0.635502 0.781521 3.248894 1.994207 3.865845 -0.454590 0.018741
Car -1 -1 -10 920.000000 196.000000 1236.000000 374.000000 1.471653 1.578302 3.825314 4.414748 1.638714 5.862571 -0.004669 0.996662
Car -1 -1 -10 -5.000000 163.000000 229.000000 293.000000 1.698440 1.639950 3.839044 -7.929025 1.539098 10.290100 -3.327389 0.963296
Car -1 -1 -10 464.000000 174.000000 507.000000 203.000000 1.535412 1.601941 3.858512 -7.462619 1.698846 42.938001 -1.967110 0.961327
Car -1 -1 -10 1101.000000 195.000000 1237.000000 375.000000 1.479541 1.574529 3.763826 4.283586 1.451114 3.969738 3.167949 0.699152
Car -1 -1 -10 1.000000 168.000000 119.000000 326.000000 1.631630 1.625666 3.871611 -7.352633 1.559964 8.002691 1.454001 0.367073
Car -1 -1 -10 257.000000 174.000000 358.000000 219.000000 1.470061 1.568512 3.635084 -10.536907 1.482328 25.749979 -3.337230 0.259735
Car -1 -1 -10 59.000000 148.000000 199.000000 230.000000 1.545289 1.600616 3.678723 -8.808803 0.910265 13.539958 -0.050610 0.244186
Car -1 -1 -10 84.000000 174.000000 293.000000 266.000000 1.505435 1.588135 4.167185 -8.373377 1.777455 12.497123 -3.262227 0.154301
Car -1 -1 -10 144.000000 166.000000 334.000000 238.000000 1.712787 1.695007 3.910375 -9.608965 1.541975 18.848322 -3.427249 0.121158
