Pedestrian -1 -1 -10 937.000000 190.000000 972.000000 276.000000 1.683294 0.559171 0.637731 5.882988 1.782426 12.289067 3.001089 0.084448
Car -1 -1 -10 688.000000 179.000000 814.000000 261.000000 1.466788 1.656947 4.133018 2.680397 1.601849 15.010892 -1.601975 0.999223
Car -1 -1 -10 0.000000 170.000000 338.000000 277.000000 1.623957 1.650339 4.167214 -6.744158 1.537471 11.688661 0.082687 0.986672
Car -1 -1 -10 417.000000 168.000000 517.000000 207.000000 1.532402 1.609648 4.208324 -6.400779 1.447883 28.718849 -3.110485 0.984501
Car -1 -1 -10 754.000000 172.000000 917.000000 235.000000 1.480926 1.613207 4.004929 6.477144 1.534337 19.863378 0.081022 0.975246
Car -1 -1 -10 229.000000 167.000000 462.000000 241.000000 1.529581 1.660426 4.142190 -5.702964 1.388396 16.477947 -0.223120 0.963831
Car -1 -1 -10 706.000000 171.000000 781.000000 211.000000 1.469139 1.618526 3.936637 5.908774 1.237252 33.451688 0.059394 0.859048
Car -1 -1 -10 672.000000 169.000000 726.000000 195.000000 1.535435 1.627736 3.797281 5.483618 1.396031 43.731734 -0.059507 0.659832
Car -1 -1 -10 326.000000 168.000000 486.000000 223.000000 1.505059 1.613479 3.785010 -5.038158 1.389711 19.934929 -1.836981 0.516890
Car -1 -1 -10 179.000000 161.000000 332.000000 245.000000 1.542245 1.586104 3.843763 -6.931689 1.261475 14.346313 -3.474695 0.157507
Car -1 -1 -10 452.000000 165.000000 531.000000 199.000000 1.554724 1.619373 3.990282 -5.656097 1.541917 33.528134 -0.695327 0.087834
