Pedestrian -1 -1 -10 -1.000000 162.000000 108.000000 371.000000 1.743116 0.647362 0.727841 -5.574418 1.699857 6.880833 -2.870945 0.547809
Pedestrian -1 -1 -10 557.000000 176.000000 565.000000 204.000000 1.736898 0.595749 0.790151 -3.172098 1.856956 46.234532 0.969110 0.252647
Pedestrian -1 -1 -10 568.000000 172.000000 577.000000 203.000000 1.770774 0.643645 0.863875 -2.481994 1.852227 46.759178 1.106872 0.118953
Pedestrian -1 -1 -10 0.000000 169.000000 53.000000 362.000000 1.711469 0.661851 0.782350 -5.633214 1.702559 6.807170 1.978341 0.058945
Car -1 -1 -10 438.000000 180.000000 505.000000 230.000000 1.607666 1.607668 3.874700 -4.962125 1.924797 25.972400 1.553006 0.999411
Car -1 -1 -10 771.000000 189.000000 1085.000000 375.000000 1.494346 1.596365 3.572450 2.679807 1.665849 6.863018 -1.568691 0.999189
Car -1 -1 -10 666.000000 175.000000 730.000000 228.000000 1.528309 1.603439 3.609228 2.609154 1.635411 22.524227 -1.586000 0.998946
Car -1 -1 -10 224.000000 178.000000 423.000000 306.000000 1.690339 1.621264 3.900465 -4.470241 1.826010 11.950533 -1.571966 0.993221
Car -1 -1 -10 500.000000 181.000000 538.000000 209.000000 1.576316 1.638693 3.822258 -5.214532 2.030504 41.625010 1.563068 0.990702
Car -1 -1 -10 -7.000000 161.000000 112.000000 370.000000 1.536902 1.491207 3.375663 -4.828600 1.625976 6.208231 0.885407 0.091510
Cyclist -1 -1 -10 568.000000 172.000000 577.000000 203.000000 1.815033 0.636294 1.824486 -2.543240 1.903818 46.869176 1.554407 0.216447
Cyclist -1 -1 -10 557.000000 176.000000 565.000000 204.000000 1.777539 0.586198 1.768131 -3.189723 1.884426 46.429233 -1.671041 0.115902
Cyclist -1 -1 -10 -2.000000 159.000000 112.000000 373.000000 1.703760 0.485843 1.698826 -5.655157 1.727459 6.709282 -2.061401 0.095237
