Pedestrian -1 -1 -10 0.000000 200.000000 51.000000 369.000000 1.707539 0.612180 0.765555 -5.321992 1.859324 6.408712 -2.786428 0.132154
Car -1 -1 -10 633.000000 178.000000 675.000000 212.000000 1.494616 1.670223 4.028397 1.969023 1.844610 34.847644 -1.635709 0.998149
Car -1 -1 -10 952.000000 186.000000 1230.000000 335.000000 1.531611 1.660048 3.958148 6.034465 1.701733 8.055719 0.049713 0.993900
Car -1 -1 -10 189.000000 167.000000 407.000000 258.000000 1.679013 1.642788 3.919022 -6.912931 1.772989 15.444445 -3.227838 0.990901
Car -1 -1 -10 849.000000 185.000000 1100.000000 287.000000 1.564619 1.590081 3.718901 5.934073 1.738876 11.384953 0.000029 0.988829
Car -1 -1 -10 12.000000 183.000000 313.000000 301.000000 1.573012 1.599680 3.712036 -6.417516 1.784582 10.673930 -3.141344 0.987297
Car -1 -1 -10 765.000000 182.000000 972.000000 257.000000 1.549929 1.590449 4.087832 6.040076 1.807287 16.476227 3.060304 0.978473
Car -1 -1 -10 382.000000 179.000000 505.000000 217.000000 1.494634 1.571876 4.047515 -6.737543 1.778122 29.214317 -0.133652 0.969380
Car -1 -1 -10 735.000000 176.000000 890.000000 243.000000 1.570078 1.607799 4.043896 5.607253 1.723601 19.419219 3.033328 0.955912
Car -1 -1 -10 0.000000 194.000000 129.000000 352.000000 1.474760 1.573270 3.626060 -6.368321 1.703612 7.506684 -3.158589 0.034376
Car -1 -1 -10 514.000000 177.000000 539.000000 211.000000 1.590399 1.619663 3.656347 -5.935158 1.970268 43.066380 -1.679862 0.029827
Cyclist -1 -1 -10 515.000000 175.000000 538.000000 221.000000 1.718316 0.544620 1.730501 -3.282773 1.839125 28.176177 1.511339 0.954065
