Pedestrian -1 -1 -10 707.000000 168.000000 734.000000 247.000000 1.668307 0.540813 0.706972 2.153231 1.524616 14.425908 -0.960249 0.614976
Pedestrian -1 -1 -10 727.000000 167.000000 769.000000 255.000000 1.675093 0.649692 0.761010 2.394447 1.380985 12.534276 -1.847166 0.080091
Pedestrian -1 -1 -10 712.000000 173.000000 755.000000 248.000000 1.738800 0.654192 0.720550 2.402564 1.561132 13.257305 1.747704 0.046434
Pedestrian -1 -1 -10 744.000000 162.000000 786.000000 241.000000 1.673404 0.655956 0.702694 2.989166 1.333358 13.561181 3.262491 0.029979
Pedestrian -1 -1 -10 718.000000 162.000000 807.000000 260.000000 1.749749 0.656924 0.883950 2.752543 1.527517 12.914580 -1.875943 0.026079
Pedestrian -1 -1 -10 758.000000 155.000000 787.000000 217.000000 1.687997 0.583407 0.598184 3.297303 1.617508 13.133919 3.240132 0.023777
Pedestrian -1 -1 -10 736.000000 169.000000 766.000000 215.000000 1.739728 0.583952 0.619246 4.771101 1.609883 25.263883 0.702554 0.010032
Car -1 -1 -10 596.000000 173.000000 624.000000 200.000000 1.587183 1.634265 3.931518 0.055418 1.722711 46.620485 -1.590264 0.998299
Car -1 -1 -10 2.000000 169.000000 415.000000 373.000000 1.568054 1.614469 3.768224 -2.757903 1.581574 4.936167 -1.576176 0.993662
Car -1 -1 -10 429.000000 181.000000 468.000000 207.000000 1.490281 1.574836 3.856569 -9.779386 2.139513 43.962779 1.546860 0.978059
Car -1 -1 -10 0.000000 175.000000 178.000000 367.000000 1.524883 1.549890 3.363521 -2.376680 1.570135 4.076478 -1.513254 0.051310
Car -1 -1 -10 3.000000 162.000000 107.000000 197.000000 1.634621 1.536531 4.039296 -38.282669 1.653785 50.752642 -0.061390 0.019895
Car -1 -1 -10 3.000000 172.000000 125.000000 213.000000 1.979954 1.748186 4.223575 -32.480899 2.297042 42.134754 -2.805967 0.010518
Cyclist -1 -1 -10 730.000000 148.000000 867.000000 275.000000 1.748652 0.724184 1.813787 2.633112 1.438816 11.192326 0.780315 0.999835
Cyclist -1 -1 -10 731.000000 156.000000 797.000000 265.000000 1.759972 0.569218 1.695947 2.744634 1.496467 13.121414 -0.785374 0.968169
Cyclist -1 -1 -10 900.000000 177.000000 944.000000 227.000000 1.628932 0.466048 1.687842 7.666698 1.584597 17.623121 -1.247936 0.881917
Cyclist -1 -1 -10 717.000000 166.000000 775.000000 252.000000 1.715546 0.604152 1.727709 2.443757 1.452029 12.801607 2.195314 0.818988
Cyclist -1 -1 -10 707.000000 169.000000 743.000000 248.000000 1.680160 0.557348 1.721224 2.138437 1.625020 14.341690 1.232457 0.800082
Cyclist -1 -1 -10 722.000000 176.000000 751.000000 250.000000 1.697373 0.502373 1.596458 3.109288 1.590812 15.517553 -0.753540 0.334011
Cyclist -1 -1 -10 744.000000 162.000000 786.000000 241.000000 1.700246 0.554732 1.693468 2.941485 1.354751 13.547961 -2.275907 0.147570
Cyclist -1 -1 -10 735.000000 166.000000 761.000000 254.000000 1.675414 0.615478 1.716045 2.439398 1.527563 12.770994 1.290971 0.065904
Cyclist -1 -1 -10 760.000000 157.000000 830.000000 210.000000 1.696203 0.700202 1.765075 9.788412 1.126890 37.510186 2.923019 0.047963
Cyclist -1 -1 -10 761.000000 154.000000 787.000000 220.000000 1.689073 0.491764 1.346840 3.763284 0.934151 16.675141 1.199625 0.012301
