Pedestrian -1 -1 -10 1115.000000 117.000000 1228.000000 345.000000 1.734244 0.697014 0.850799 4.782355 1.259396 6.157306 1.812124 0.990039
Pedestrian -1 -1 -10 1194.000000 108.000000 1240.000000 306.000000 1.727772 0.614690 0.644936 7.024263 1.953200 8.397703 -0.438872 0.537337
Pedestrian -1 -1 -10 1121.000000 126.000000 1169.000000 274.000000 1.690108 0.629004 0.812176 4.760064 1.220744 6.401983 0.726415 0.070727
Pedestrian -1 -1 -10 1088.000000 140.000000 1222.000000 240.000000 1.773961 0.725611 0.667155 10.212368 1.532156 14.463283 -1.449181 0.056481
Pedestrian -1 -1 -10 1217.000000 85.000000 1241.000000 339.000000 1.691142 0.592345 0.602249 4.981184 1.587592 5.963023 -0.334822 0.053614
Pedestrian -1 -1 -10 1149.000000 126.000000 1240.000000 255.000000 1.698955 0.593944 0.659933 7.121001 1.533876 8.778829 2.785440 0.015669
Car -1 -1 -10 846.000000 166.000000 963.000000 212.000000 1.511883 1.605901 3.924772 10.210416 1.365217 24.638133 3.145375 0.993815
Car -1 -1 -10 979.000000 157.000000 1146.000000 206.000000 1.482064 1.636771 4.060472 15.108323 1.189562 24.732393 3.127258 0.977028
Car -1 -1 -10 132.000000 179.000000 302.000000 244.000000 1.958817 1.735198 4.236314 -12.877363 2.404480 23.898649 -3.113450 0.726268
Car -1 -1 -10 245.000000 185.000000 340.000000 218.000000 1.472845 1.564235 3.794322 -14.047030 2.029529 33.398038 0.799431 0.113325
Car -1 -1 -10 55.000000 198.000000 131.000000 227.000000 1.562634 1.638036 4.099436 -20.990687 2.504451 29.510804 0.519526 0.092545
Car -1 -1 -10 0.000000 207.000000 60.000000 251.000000 1.489010 1.602151 3.954521 -20.702445 2.653948 23.745588 -3.147600 0.091903
Car -1 -1 -10 1099.000000 133.000000 1224.000000 250.000000 1.565565 1.619944 3.888493 12.326178 1.176251 16.831291 -1.548095 0.037136
Car -1 -1 -10 130.000000 194.000000 196.000000 223.000000 1.471451 1.563850 3.658675 -20.252835 2.398839 32.773934 0.719974 0.031623
Car -1 -1 -10 132.000000 189.000000 239.000000 229.000000 1.556552 1.579418 3.529256 -14.277509 2.196634 24.995314 0.474214 0.021363
Car -1 -1 -10 305.000000 182.000000 385.000000 210.000000 1.522315 1.567308 3.708078 -12.607875 2.748491 34.647072 0.585342 0.012991
Car -1 -1 -10 1048.000000 154.000000 1228.000000 205.000000 1.524240 1.504203 3.205061 21.085892 0.484710 26.068788 2.215427 0.012220
Cyclist -1 -1 -10 1118.000000 126.000000 1236.000000 279.000000 1.695848 0.616739 1.768227 7.084417 1.760224 8.576822 3.240032 0.075241
Cyclist -1 -1 -10 1178.000000 117.000000 1239.000000 314.000000 1.714581 0.693317 1.739877 5.102501 1.205518 6.159367 3.795799 0.049183
