Car -1 -1 -10 576.000000 177.000000 610.000000 209.000000 1.508277 1.569755 3.262657 -0.768150 1.153969 38.506804 -1.616901 0.999396
Car -1 -1 -10 394.000000 186.000000 485.000000 245.000000 1.483441 1.586189 3.602061 -4.472103 1.507879 19.358054 -1.578469 0.998798
Car -1 -1 -10 13.000000 195.000000 374.000000 370.000000 1.481160 1.634388 4.036231 -4.204885 1.640314 8.094811 -1.604100 0.998173
Car -1 -1 -10 457.000000 182.000000 510.000000 221.000000 1.482709 1.604860 4.022461 -4.959886 1.405797 29.552953 -1.605147 0.942670
Car -1 -1 -10 349.000000 179.000000 405.000000 222.000000 1.548289 1.633927 3.922615 -8.603781 1.425469 27.835520 -1.538525 0.914484
Car -1 -1 -10 495.000000 182.000000 533.000000 210.000000 1.494787 1.590101 3.775870 -4.991749 1.322668 38.779706 -1.604065 0.815725
Car -1 -1 -10 2.000000 183.000000 93.000000 291.000000 1.500789 1.595299 3.750609 -8.430513 1.750640 9.038517 -1.617492 0.476371
Car -1 -1 -10 15.000000 195.000000 219.000000 334.000000 1.488559 1.639330 3.852852 -4.410560 1.932310 4.610315 -1.600269 0.227874
Car -1 -1 -10 341.000000 181.000000 388.000000 211.000000 1.478723 1.604572 3.760770 -12.922127 1.312523 37.447537 -1.848269 0.185746
Car -1 -1 -10 167.000000 182.000000 335.000000 303.000000 1.496057 1.596258 3.773926 -9.076697 1.246044 16.533056 1.153058 0.058793
Car -1 -1 -10 191.000000 170.000000 304.000000 254.000000 1.485707 1.595593 3.757802 -8.363211 1.444948 17.056059 1.700448 0.030435
