Pedestrian -1 -1 -10 324.000000 179.000000 349.000000 270.000000 1.758632 0.647066 0.655835 -5.818638 1.927437 15.462184 -1.957911 0.947622
Pedestrian -1 -1 -10 287.000000 188.000000 315.000000 268.000000 1.754124 0.679395 0.678712 -6.551734 2.084484 15.387689 -1.935153 0.805795
Pedestrian -1 -1 -10 580.000000 176.000000 589.000000 201.000000 1.730129 0.631934 0.837034 -2.061339 2.161259 58.811748 -1.572902 0.025301
Pedestrian -1 -1 -10 333.000000 191.000000 354.000000 262.000000 1.660679 0.598891 0.592846 -5.574026 1.578407 15.381612 -1.887518 0.016257
Car -1 -1 -10 699.000000 181.000000 807.000000 266.000000 1.486002 1.585436 3.575728 2.708596 1.639418 14.379578 -1.558710 0.999519
Car -1 -1 -10 480.000000 186.000000 526.000000 222.000000 1.553948 1.610012 3.928451 -4.872567 2.198694 33.609662 1.552398 0.998849
Car -1 -1 -10 387.000000 183.000000 489.000000 254.000000 1.698227 1.643718 3.983977 -4.531004 1.994893 19.503768 -1.568137 0.997166
Car -1 -1 -10 653.000000 178.000000 700.000000 216.000000 1.554205 1.619206 3.571307 2.605010 1.795979 29.917303 -1.583573 0.997115
Car -1 -1 -10 200.000000 207.000000 406.000000 333.000000 1.456291 1.568531 3.668082 -4.205059 1.979592 10.432259 -1.599077 0.997045
Car -1 -1 -10 849.000000 185.000000 1238.000000 370.000000 1.514871 1.582755 3.802556 2.889242 1.606234 3.809004 -1.586322 0.986191
Car -1 -1 -10 731.000000 181.000000 811.000000 223.000000 1.543008 1.612020 3.873643 5.909790 1.725779 26.136815 3.337968 0.018863
Car -1 -1 -10 265.000000 201.000000 333.000000 261.000000 1.453495 1.542849 3.542716 -6.958336 1.412101 16.355271 -1.992002 0.012379
Cyclist -1 -1 -10 282.000000 190.000000 321.000000 264.000000 1.652825 0.590037 1.579634 -6.830246 1.764999 15.889389 0.611458 0.065428
Cyclist -1 -1 -10 238.000000 194.000000 388.000000 294.000000 1.693984 0.772887 1.866452 -3.789163 2.118689 9.229219 -1.412230 0.024775
Cyclist -1 -1 -10 580.000000 176.000000 589.000000 201.000000 1.741454 0.556059 1.749308 -2.140781 2.205815 58.961095 -1.516019 0.017472
