Pedestrian -1 -1 -10 724.000000 145.000000 765.000000 246.000000 1.684370 0.604526 0.933200 2.488866 1.102413 12.370395 -1.930092 0.999022
Pedestrian -1 -1 -10 593.000000 152.000000 635.000000 253.000000 1.671018 0.627759 0.598850 0.065635 1.162735 11.688919 1.524779 0.997771
Pedestrian -1 -1 -10 561.000000 156.000000 593.000000 252.000000 1.657194 0.596166 0.521236 -0.539559 1.193828 11.466017 1.116935 0.993738
Pedestrian -1 -1 -10 526.000000 139.000000 557.000000 221.000000 1.791304 0.679412 0.844894 -1.454527 0.903376 16.102070 1.916449 0.990837
Pedestrian -1 -1 -10 474.000000 140.000000 500.000000 221.000000 1.731734 0.649510 0.790276 -2.753515 0.834664 15.991139 0.969754 0.966922
Pedestrian -1 -1 -10 511.000000 141.000000 539.000000 218.000000 1.810724 0.577472 0.885885 -2.056805 0.920633 17.033858 2.489126 0.947001
Pedestrian -1 -1 -10 650.000000 139.000000 672.000000 202.000000 1.792509 0.642459 0.729989 1.488371 0.569918 20.806993 -1.964612 0.901996
Pedestrian -1 -1 -10 622.000000 144.000000 638.000000 194.000000 1.647204 0.682159 0.780626 0.869801 0.412392 24.785404 3.139201 0.733024
Pedestrian -1 -1 -10 562.000000 141.000000 578.000000 192.000000 1.689260 0.640295 0.746706 -1.251551 0.259120 25.182773 3.059449 0.667772
Pedestrian -1 -1 -10 437.000000 139.000000 468.000000 213.000000 1.738186 0.669198 0.759730 -3.257877 0.783371 15.468794 1.002034 0.627931
Pedestrian -1 -1 -10 246.000000 130.000000 282.000000 267.000000 1.826536 0.684619 0.899903 -5.849411 1.102888 11.943108 2.173866 0.511036
Pedestrian -1 -1 -10 429.000000 140.000000 454.000000 215.000000 1.675442 0.581617 0.637323 -3.408429 0.608929 15.419678 0.835071 0.290367
Pedestrian -1 -1 -10 268.000000 137.000000 325.000000 269.000000 1.790082 0.680794 0.864585 -5.032647 1.069709 11.681381 0.065840 0.245977
Pedestrian -1 -1 -10 486.000000 140.000000 506.000000 181.000000 1.811632 0.585217 0.902413 -5.594853 -0.011974 36.881097 2.350700 0.225142
Pedestrian -1 -1 -10 607.000000 145.000000 637.000000 219.000000 1.710992 0.640478 0.630261 0.462171 1.909894 17.208369 -1.029695 0.140824
Pedestrian -1 -1 -10 450.000000 141.000000 473.000000 202.000000 1.651356 0.573757 0.558225 -3.608287 1.423255 18.562755 2.297861 0.136546
Pedestrian -1 -1 -10 505.000000 144.000000 519.000000 184.000000 1.780150 0.631833 0.744666 -4.129619 0.220035 30.934399 1.936592 0.091922
Pedestrian -1 -1 -10 567.000000 145.000000 589.000000 208.000000 1.724655 0.537539 0.610817 -0.232773 1.317942 13.966008 2.939114 0.053702
Cyclist -1 -1 -10 272.000000 138.000000 323.000000 261.000000 1.798111 0.628672 1.776304 -5.066502 1.095682 11.662949 -1.435016 0.670444
Cyclist -1 -1 -10 424.000000 143.000000 466.000000 220.000000 1.805393 0.631306 1.786432 -3.414371 0.927375 15.494912 0.975230 0.662130
Cyclist -1 -1 -10 650.000000 140.000000 672.000000 202.000000 1.818061 0.525675 1.725190 1.424061 0.642220 20.910189 -1.971969 0.306023
Cyclist -1 -1 -10 337.000000 144.000000 397.000000 200.000000 1.736785 0.528493 1.388022 -2.821490 0.218049 8.072535 -2.479931 0.209193
Cyclist -1 -1 -10 366.000000 146.000000 469.000000 217.000000 1.675501 0.569468 1.625604 -4.322863 1.533839 16.623110 -1.805739 0.160632
Cyclist -1 -1 -10 308.000000 147.000000 376.000000 207.000000 1.677954 0.514024 1.434748 -6.714925 1.409543 18.558878 -1.973340 0.156588
Cyclist -1 -1 -10 381.000000 146.000000 424.000000 199.000000 1.684581 0.586646 1.681989 -6.534766 0.513765 22.449356 2.695135 0.152408
Cyclist -1 -1 -10 252.000000 132.000000 304.000000 267.000000 1.751076 0.626261 1.769802 -5.512996 1.114388 11.753442 -2.473593 0.122727
Cyclist -1 -1 -10 565.000000 141.000000 582.000000 193.000000 1.689833 0.496040 1.502916 -0.515573 1.278118 17.609464 -2.245525 0.086907
Cyclist -1 -1 -10 466.000000 141.000000 496.000000 235.000000 1.828855 0.681271 1.779405 -2.799753 0.930595 16.049915 1.466785 0.060865
Cyclist -1 -1 -10 445.000000 139.000000 470.000000 211.000000 1.766381 0.609240 1.646748 -3.344878 0.530897 15.526985 0.784838 0.051707
Cyclist -1 -1 -10 561.000000 154.000000 593.000000 250.000000 1.716888 0.558424 1.687555 -0.537187 1.214030 11.493396 1.052844 0.033711
Cyclist -1 -1 -10 486.000000 139.000000 503.000000 182.000000 1.738033 0.544891 1.757951 -5.542530 -0.156292 37.062921 0.965524 0.027963
Cyclist -1 -1 -10 477.000000 142.000000 502.000000 206.000000 1.677954 0.514024 1.434748 -2.626440 0.032405 16.115463 -1.779340 0.025190
Cyclist -1 -1 -10 620.000000 144.000000 637.000000 194.000000 1.696372 0.595211 1.696275 0.702819 0.413109 24.970994 -2.037939 0.016379
Cyclist -1 -1 -10 522.000000 140.000000 542.000000 210.000000 1.679838 0.541730 1.474837 -1.760256 0.429843 17.085914 -1.708448 0.010384
