Car -1 -1 -10 253.000000 177.000000 441.000000 240.000000 1.606887 1.675844 4.103125 -6.475754 1.694259 18.189635 -3.154372 0.997921
Car -1 -1 -10 838.000000 164.000000 1153.000000 283.000000 1.768285 1.726959 4.238890 6.405768 1.699639 12.256385 3.147694 0.993741
Car -1 -1 -10 22.000000 181.000000 283.000000 303.000000 1.474119 1.600974 3.829458 -6.841655 1.634601 10.811309 -3.259043 0.987231
Car -1 -1 -10 325.000000 169.000000 494.000000 226.000000 1.796525 1.706637 4.104599 -6.109783 1.663481 23.361477 -3.292544 0.950800
Car -1 -1 -10 660.000000 144.000000 756.000000 231.000000 2.314241 1.851420 4.600136 2.841357 1.739683 21.612103 -1.637688 0.637324
Car -1 -1 -10 465.000000 175.000000 532.000000 202.000000 1.544215 1.644854 4.010936 -6.867221 1.667201 41.446327 -3.147564 0.168193
Car -1 -1 -10 433.000000 174.000000 510.000000 205.000000 1.588215 1.646052 3.951562 -7.135982 1.720561 39.113306 -3.190037 0.099978
Car -1 -1 -10 655.000000 166.000000 724.000000 222.000000 1.675196 1.469236 3.036580 2.710865 1.530591 25.871971 -1.567897 0.053780
Car -1 -1 -10 3.000000 157.000000 157.000000 341.000000 1.614173 1.629602 3.995869 -6.233246 1.584387 7.400583 -0.014133 0.042634
Car -1 -1 -10 641.000000 161.000000 689.000000 203.000000 1.938126 1.722813 3.888228 2.661764 1.496872 38.068384 -1.615384 0.041460
Car -1 -1 -10 1023.000000 161.000000 1120.000000 191.000000 1.494123 1.595383 3.868733 19.600173 0.719154 27.422738 -1.666084 0.029055
