Pedestrian -1 -1 -10 686.000000 155.000000 718.000000 238.000000 1.800528 0.707687 0.967419 2.232599 1.205775 16.096719 -1.478673 0.997831
Pedestrian -1 -1 -10 660.000000 158.000000 689.000000 238.000000 1.732912 0.678479 0.812374 1.558941 1.215948 15.937561 1.189209 0.994619
Pedestrian -1 -1 -10 442.000000 164.000000 471.000000 243.000000 1.720606 0.647866 0.924620 -3.158280 1.252596 15.448085 -1.851937 0.970026
Pedestrian -1 -1 -10 55.000000 177.000000 99.000000 265.000000 1.694214 0.767996 0.642537 -11.205192 2.228378 15.340762 -2.212060 0.808095
Pedestrian -1 -1 -10 531.000000 164.000000 545.000000 203.000000 1.736327 0.634894 0.803663 -2.836301 0.971044 31.694337 -2.059449 0.683941
Pedestrian -1 -1 -10 560.000000 163.000000 580.000000 201.000000 1.764323 0.593769 0.865727 -1.598065 0.880071 35.003114 1.094234 0.074288
Pedestrian -1 -1 -10 1124.000000 183.000000 1239.000000 372.000000 1.717737 0.587040 0.640833 2.647673 1.718551 3.532708 -0.412960 0.050227
Pedestrian -1 -1 -10 674.000000 158.000000 708.000000 223.000000 1.605913 0.660312 0.749077 0.940405 0.305184 7.425265 1.113432 0.035795
Pedestrian -1 -1 -10 736.000000 159.000000 748.000000 196.000000 1.675441 0.657755 0.628376 5.869923 0.782827 29.599546 1.690788 0.030104
Pedestrian -1 -1 -10 745.000000 147.000000 761.000000 201.000000 1.821281 0.664854 0.903550 5.583505 0.600108 27.048793 2.268231 0.015470
Pedestrian -1 -1 -10 25.000000 201.000000 48.000000 267.000000 1.713235 0.653322 0.699518 -12.028675 2.134541 15.334501 -1.875219 0.012211
Pedestrian -1 -1 -10 896.000000 203.000000 1239.000000 365.000000 1.727123 0.791373 0.937688 1.984997 1.730319 3.216928 -2.092254 0.010568
Cyclist -1 -1 -10 591.000000 159.000000 621.000000 208.000000 1.757256 0.619707 1.769774 0.106753 0.982496 28.382564 1.865526 0.970203
Cyclist -1 -1 -10 558.000000 164.000000 581.000000 201.000000 1.738514 0.521192 1.714515 -1.700918 0.919166 35.015556 0.935519 0.940935
Cyclist -1 -1 -10 440.000000 164.000000 472.000000 244.000000 1.806075 0.683540 1.758183 -3.267237 1.330164 15.493950 1.320494 0.290648
Cyclist -1 -1 -10 585.000000 162.000000 603.000000 200.000000 1.687341 0.520404 1.702577 -0.466472 0.938090 36.280760 0.987081 0.148028
Cyclist -1 -1 -10 530.000000 165.000000 545.000000 202.000000 1.749750 0.539441 1.701543 -2.882077 0.881768 31.697755 1.520235 0.142776
Cyclist -1 -1 -10 686.000000 158.000000 722.000000 233.000000 1.793711 0.651305 1.728925 2.153035 1.201117 16.152690 1.727076 0.077118
Cyclist -1 -1 -10 566.000000 164.000000 587.000000 194.000000 1.742689 0.580032 1.746022 -1.504603 0.774300 35.093043 1.111983 0.048575
Cyclist -1 -1 -10 1129.000000 179.000000 1237.000000 376.000000 1.707949 0.667190 1.664658 2.216842 1.506739 3.096125 2.880670 0.037471
Cyclist -1 -1 -10 965.000000 196.000000 1224.000000 373.000000 1.629214 0.779100 1.765217 2.132212 1.547512 3.230457 0.653676 0.021784
Cyclist -1 -1 -10 42.000000 174.000000 111.000000 269.000000 1.641665 0.665963 1.705621 -11.177530 2.067158 15.443497 -2.835347 0.013969
