Car -1 -1 -10 746.000000 193.000000 998.000000 336.000000 1.425639 1.616822 4.158924 3.011687 1.745733 9.250258 -1.613610 0.998896
Car -1 -1 -10 655.000000 170.000000 711.000000 219.000000 1.766081 1.711373 4.143600 2.677162 1.782661 28.611200 -1.638223 0.997312
Car -1 -1 -10 397.000000 173.000000 509.000000 218.000000 1.455343 1.581941 3.913177 -5.766940 1.625104 27.215915 -3.099504 0.835732
Car -1 -1 -10 324.000000 178.000000 473.000000 235.000000 1.611107 1.663548 3.969520 -5.978413 1.787554 22.706086 -0.367481 0.586535
Car -1 -1 -10 439.000000 172.000000 526.000000 209.000000 1.620987 1.635849 3.862501 -5.930197 1.701537 34.039543 -1.289396 0.391075
Car -1 -1 -10 5.000000 169.000000 194.000000 292.000000 1.557421 1.641383 3.867573 -7.308229 1.586461 13.051555 -2.220399 0.300473
Car -1 -1 -10 65.000000 178.000000 261.000000 259.000000 1.614204 1.645550 3.914376 -7.541985 1.649100 13.320017 -1.111621 0.037678
Car -1 -1 -10 724.000000 197.000000 830.000000 264.000000 1.501215 1.589383 3.840360 4.035219 1.669283 14.643204 -0.757473 0.022781
Car -1 -1 -10 477.000000 173.000000 545.000000 200.000000 1.465914 1.573719 3.699354 -4.892624 1.197737 42.930998 -0.251418 0.016413
Car -1 -1 -10 642.000000 176.000000 684.000000 206.000000 1.565051 1.613726 3.720964 2.797643 1.798986 39.479621 -1.551558 0.014933
Car -1 -1 -10 116.000000 179.000000 255.000000 228.000000 1.438343 1.469950 2.974097 -12.366685 1.452984 21.401448 0.333134 0.011843
Car -1 -1 -10 288.000000 185.000000 417.000000 231.000000 1.547762 1.598986 3.869438 -8.321783 1.952496 24.545851 1.201446 0.010874
