Car -1 -1 -10 710.000000 183.000000 833.000000 278.000000 1.470735 1.574612 3.531811 2.850959 1.754261 13.416225 -1.572792 0.999278
Car -1 -1 -10 6.000000 196.000000 302.000000 323.000000 1.576983 1.643019 4.147294 -6.153349 1.788089 9.134110 0.014929 0.998523
Car -1 -1 -10 763.000000 174.000000 948.000000 243.000000 1.634558 1.654451 4.076396 6.463861 1.730597 18.690980 0.007388 0.998093
Car -1 -1 -10 113.000000 182.000000 398.000000 278.000000 1.512392 1.593536 4.107224 -6.196243 1.701013 13.381882 -0.098312 0.993005
Car -1 -1 -10 636.000000 176.000000 666.000000 203.000000 1.557966 1.633687 3.958277 2.783471 1.920779 47.487689 -1.557845 0.990141
Car -1 -1 -10 368.000000 180.000000 475.000000 226.000000 1.548990 1.574291 3.795857 -6.290370 1.775754 23.253731 -3.127701 0.960636
Car -1 -1 -10 213.000000 181.000000 445.000000 253.000000 1.559604 1.614947 4.160392 -6.029292 1.702136 15.994837 0.057457 0.910563
Car -1 -1 -10 705.000000 178.000000 794.000000 217.000000 1.442465 1.571446 3.985174 6.399382 1.863013 30.392195 -0.078779 0.898879
Car -1 -1 -10 433.000000 178.000000 533.000000 213.000000 1.513175 1.549710 3.790410 -4.794550 2.056724 34.118611 1.579067 0.623344
Car -1 -1 -10 1.000000 196.000000 148.000000 342.000000 1.454812 1.581171 3.723874 -6.263735 1.734068 8.848442 -3.113194 0.189332
Car -1 -1 -10 303.000000 180.000000 454.000000 234.000000 1.552719 1.575493 3.877632 -6.490867 1.667437 21.125082 0.731590 0.159374
Car -1 -1 -10 733.000000 179.000000 822.000000 226.000000 1.523519 1.544051 3.603268 5.768639 1.482980 25.829261 1.756561 0.156948
