Pedestrian -1 -1 -10 802.000000 157.000000 866.000000 311.000000 1.765275 0.629684 0.939026 2.697495 1.478500 8.269824 -1.736111 0.998937
Pedestrian -1 -1 -10 240.000000 165.000000 284.000000 278.000000 1.747066 0.671686 0.986102 -5.558821 1.507054 11.534684 -2.092990 0.998286
Pedestrian -1 -1 -10 715.000000 157.000000 774.000000 320.000000 1.693659 0.610866 0.743142 1.532688 1.442597 7.873149 -1.785523 0.994567
Pedestrian -1 -1 -10 1088.000000 141.000000 1187.000000 322.000000 1.723079 0.572257 0.931306 5.322544 1.373934 7.085531 3.309605 0.994341
Pedestrian -1 -1 -10 768.000000 158.000000 813.000000 267.000000 1.744159 0.633946 0.894087 3.007339 1.338089 11.312916 1.304271 0.978402
Pedestrian -1 -1 -10 354.000000 168.000000 399.000000 266.000000 1.712581 0.738769 0.766275 -3.877770 1.507421 12.246868 1.793251 0.773899
Pedestrian -1 -1 -10 328.000000 167.000000 362.000000 256.000000 1.723200 0.799907 0.648787 -4.387183 1.481940 12.345087 1.262977 0.544664
Pedestrian -1 -1 -10 262.000000 161.000000 280.000000 223.000000 1.674705 0.635500 0.720844 -8.434863 1.021985 18.239781 -2.512114 0.467441
Pedestrian -1 -1 -10 622.000000 167.000000 647.000000 240.000000 1.707494 0.584179 0.928329 0.719993 1.341574 17.051769 -1.954119 0.326592
Pedestrian -1 -1 -10 720.000000 166.000000 760.000000 259.000000 1.689491 0.587565 0.577558 2.933115 1.109047 15.215456 3.249043 0.313061
Pedestrian -1 -1 -10 717.000000 170.000000 738.000000 238.000000 1.744604 0.699969 0.725545 3.001081 1.536125 17.942396 0.324586 0.294669
Pedestrian -1 -1 -10 796.000000 155.000000 812.000000 214.000000 1.753296 0.590604 0.626220 4.959814 0.856325 17.070725 -0.679987 0.242553
Pedestrian -1 -1 -10 1089.000000 142.000000 1145.000000 275.000000 1.736253 0.605518 0.752918 6.185454 1.280374 8.898237 1.105103 0.198036
Pedestrian -1 -1 -10 730.000000 162.000000 753.000000 234.000000 1.792907 0.672995 0.660049 3.729621 1.311911 19.423957 3.177439 0.179174
Pedestrian -1 -1 -10 685.000000 176.000000 708.000000 227.000000 1.683280 0.612588 0.624024 2.596789 1.226712 20.689195 2.654594 0.161227
Car -1 -1 -10 395.000000 156.000000 483.000000 227.000000 1.969615 1.790142 4.376001 -5.002755 1.238914 22.308340 1.493206 0.974166
Car -1 -1 -10 438.000000 162.000000 503.000000 217.000000 1.597510 1.588551 3.904856 -4.912819 0.935328 28.589852 1.583404 0.222073
Car -1 -1 -10 525.000000 164.000000 569.000000 205.000000 1.524505 1.654953 3.865208 -2.590073 1.020227 32.745803 1.479404 0.018894
Cyclist -1 -1 -10 621.000000 167.000000 648.000000 239.000000 1.787581 0.544798 1.708970 0.699221 1.403749 17.112685 -1.890284 0.952237
Cyclist -1 -1 -10 351.000000 166.000000 401.000000 270.000000 1.706363 0.554570 1.730716 -3.835512 1.447245 12.088846 1.629304 0.644003
Cyclist -1 -1 -10 718.000000 166.000000 751.000000 241.000000 1.720322 0.621762 1.639876 3.161703 1.409302 18.053159 -0.786254 0.178349
Cyclist -1 -1 -10 328.000000 167.000000 375.000000 267.000000 1.727735 0.542500 1.771224 -4.189727 1.459880 11.905858 1.296702 0.153582
Cyclist -1 -1 -10 705.000000 174.000000 735.000000 233.000000 1.651586 0.466754 1.742744 3.034730 1.454811 18.071404 1.744295 0.131499
Cyclist -1 -1 -10 719.000000 164.000000 768.000000 298.000000 1.728528 0.509751 1.697208 1.512643 1.442750 8.004222 -1.770834 0.079181
Cyclist -1 -1 -10 732.000000 164.000000 758.000000 228.000000 1.634777 0.445546 1.614515 4.274624 0.719218 19.648043 -1.815624 0.031904
Cyclist -1 -1 -10 1086.000000 139.000000 1180.000000 317.000000 1.687424 0.602844 1.737809 5.190445 1.356696 7.156831 3.629641 0.024610
Cyclist -1 -1 -10 684.000000 175.000000 716.000000 230.000000 1.730187 0.478955 1.719436 2.610381 1.416581 18.781236 1.635760 0.019770
