Pedestrian -1 -1 -10 518.000000 173.000000 531.000000 213.000000 1.680745 0.649065 0.687124 -3.564398 1.736527 30.174495 1.520138 0.258355
Pedestrian -1 -1 -10 706.000000 162.000000 721.000000 212.000000 1.771903 0.641826 0.894333 4.153516 1.478035 29.105036 1.288884 0.181753
Pedestrian -1 -1 -10 470.000000 165.000000 482.000000 209.000000 1.808618 0.689435 0.921595 -8.535646 1.327162 45.524213 1.416010 0.071117
Pedestrian -1 -1 -10 524.000000 175.000000 534.000000 208.000000 1.731919 0.554456 0.762736 -3.480739 1.642672 30.366816 1.002807 0.025907
Pedestrian -1 -1 -10 467.000000 169.000000 488.000000 223.000000 1.701138 0.531277 0.701710 -2.987682 1.572570 16.454336 0.442233 0.017853
Car -1 -1 -10 9.000000 193.000000 266.000000 375.000000 1.628750 1.626996 3.866466 -5.002249 1.835128 7.107556 1.542812 0.994949
Car -1 -1 -10 851.000000 171.000000 1240.000000 372.000000 1.476238 1.575599 3.794849 2.578442 1.524955 3.313028 -1.580192 0.984584
Car -1 -1 -10 399.000000 182.000000 486.000000 240.000000 1.447157 1.622602 3.911262 -5.107638 1.896479 22.574173 1.868277 0.803734
Car -1 -1 -10 503.000000 179.000000 538.000000 208.000000 1.487680 1.632746 3.968419 -4.960574 2.058404 41.538997 1.816775 0.419283
Car -1 -1 -10 975.000000 180.000000 1180.000000 319.000000 1.578722 1.507633 3.611736 5.330567 1.433997 8.024284 2.655272 0.018684
Cyclist -1 -1 -10 464.000000 170.000000 501.000000 256.000000 1.703420 0.581490 1.725065 -2.936971 1.750740 16.359396 1.511987 0.999442
Cyclist -1 -1 -10 425.000000 174.000000 470.000000 263.000000 1.745061 0.593085 1.792113 -3.587391 1.820810 15.822986 1.554396 0.998388
Cyclist -1 -1 -10 517.000000 174.000000 534.000000 215.000000 1.713341 0.549065 1.748992 -3.610607 1.795956 30.144657 1.491255 0.983163
Cyclist -1 -1 -10 402.000000 183.000000 478.000000 239.000000 1.683478 0.545757 1.523380 -5.262388 2.281721 20.865390 -1.818765 0.912750
Cyclist -1 -1 -10 504.000000 178.000000 538.000000 208.000000 1.712649 0.511978 1.370078 -2.192340 1.504762 19.009529 0.869419 0.176546
Cyclist -1 -1 -10 429.000000 178.000000 456.000000 242.000000 1.712708 0.545309 1.704263 -3.677082 1.696675 16.032701 1.461343 0.078654
Cyclist -1 -1 -10 467.000000 169.000000 488.000000 223.000000 1.671527 0.631776 1.713170 -2.898616 1.613859 16.452736 1.833119 0.026569
