Car -1 -1 -10 681.000000 182.000000 759.000000 241.000000 1.476061 1.590116 3.620345 2.860962 1.742609 19.470372 -1.551793 0.998988
Car -1 -1 -10 251.000000 180.000000 468.000000 251.000000 1.609484 1.633552 4.176875 -5.640740 1.807250 17.102440 0.012611 0.998893
Car -1 -1 -10 733.000000 173.000000 855.000000 222.000000 1.560378 1.639428 3.923380 6.321957 1.624156 24.615527 0.031285 0.995019
Car -1 -1 -10 315.000000 177.000000 488.000000 230.000000 1.535414 1.587210 4.177477 -6.024982 1.700644 21.839280 0.093665 0.969526
Car -1 -1 -10 382.000000 178.000000 501.000000 217.000000 1.543384 1.576211 3.851348 -6.219689 1.632172 28.031394 -3.172799 0.937713
Car -1 -1 -10 808.000000 165.000000 1242.000000 375.000000 1.560251 1.582175 3.739983 2.866505 1.613584 5.782222 -1.602992 0.837832
Car -1 -1 -10 -3.000000 168.000000 300.000000 297.000000 1.734964 1.687801 4.031218 -6.948679 1.768697 10.775769 -3.238187 0.784135
Car -1 -1 -10 687.000000 173.000000 735.000000 201.000000 1.498804 1.589807 4.014139 5.784165 1.373491 39.736528 0.016806 0.683378
Car -1 -1 -10 115.000000 183.000000 438.000000 269.000000 1.495951 1.600448 4.222692 -6.532117 1.714391 14.793347 -3.145140 0.488719
Car -1 -1 -10 427.000000 176.000000 531.000000 208.000000 1.603255 1.611304 3.851323 -5.761040 1.531808 35.162360 -3.196801 0.232538
Cyclist -1 -1 -10 976.000000 143.000000 1236.000000 371.000000 1.660058 0.643624 1.725091 2.621182 1.439111 4.180883 1.123795 0.016034
