Pedestrian -1 -1 -10 668.000000 160.000000 715.000000 285.000000 1.687895 0.642730 0.720011 1.069052 1.378287 9.142859 1.256911 0.995857
Pedestrian -1 -1 -10 610.000000 164.000000 657.000000 288.000000 1.638919 0.582978 0.597074 0.353223 1.421776 8.747331 1.120543 0.995795
Pedestrian -1 -1 -10 504.000000 141.000000 538.000000 232.000000 1.796610 0.727322 0.854383 -1.779276 0.962405 14.023182 1.008047 0.988052
Pedestrian -1 -1 -10 545.000000 140.000000 576.000000 229.000000 1.761718 0.673266 0.858431 -0.976409 0.932679 14.330305 1.133799 0.985052
Pedestrian -1 -1 -10 660.000000 145.000000 691.000000 224.000000 1.760273 0.646298 0.712497 1.390501 0.950331 14.614225 -1.927228 0.969168
Pedestrian -1 -1 -10 486.000000 138.000000 518.000000 224.000000 1.763008 0.641189 0.850686 -2.023760 0.904657 13.865721 0.952765 0.940648
Pedestrian -1 -1 -10 641.000000 141.000000 664.000000 202.000000 1.777163 0.657067 0.761933 1.454976 0.661162 21.034195 -1.515168 0.890008
Pedestrian -1 -1 -10 535.000000 142.000000 564.000000 222.000000 1.781022 0.630016 0.735175 -1.248129 0.962348 14.974324 0.925848 0.806030
Pedestrian -1 -1 -10 248.000000 136.000000 279.000000 245.000000 1.809856 0.640962 0.864483 -5.970472 1.126402 11.988739 0.023214 0.562277
Pedestrian -1 -1 -10 501.000000 141.000000 523.000000 212.000000 1.703752 0.600346 0.596243 -1.685714 1.225679 14.805205 -1.079619 0.467903
Pedestrian -1 -1 -10 518.000000 140.000000 549.000000 220.000000 1.774275 0.645257 0.669444 -1.374083 0.942498 15.041815 0.957607 0.392092
Pedestrian -1 -1 -10 592.000000 144.000000 610.000000 190.000000 1.680180 0.686167 0.829495 -0.149361 0.436851 24.996005 -2.047851 0.339202
Pedestrian -1 -1 -10 481.000000 142.000000 499.000000 200.000000 1.809613 0.663378 0.801270 -3.852259 0.589080 22.802184 -0.011622 0.262052
Pedestrian -1 -1 -10 448.000000 146.000000 472.000000 202.000000 1.785682 0.671979 0.939794 -4.577581 0.694848 21.559419 0.393315 0.210508
Pedestrian -1 -1 -10 257.000000 138.000000 309.000000 246.000000 1.762557 0.649835 0.856912 -5.363965 1.092068 11.646036 -1.543491 0.184167
Pedestrian -1 -1 -10 687.000000 156.000000 710.000000 217.000000 1.683280 0.612588 0.624024 1.705698 0.658223 14.545942 2.654204 0.122736
Pedestrian -1 -1 -10 465.000000 145.000000 482.000000 199.000000 1.770846 0.604300 0.872077 -4.120904 0.695138 22.352752 0.862752 0.116831
Pedestrian -1 -1 -10 675.000000 155.000000 702.000000 217.000000 1.692135 0.530721 0.579207 2.036238 1.464720 14.912311 3.113745 0.076215
Pedestrian -1 -1 -10 556.000000 142.000000 578.000000 205.000000 1.712101 0.605957 0.681289 -0.582544 0.871803 13.859100 2.511806 0.049209
Cyclist -1 -1 -10 272.000000 136.000000 324.000000 245.000000 1.777174 0.523251 1.738879 -5.218869 1.097830 11.743209 -1.501793 0.707456
Cyclist -1 -1 -10 401.000000 146.000000 449.000000 204.000000 1.756195 0.674172 1.721477 -5.747304 0.743387 21.910012 -0.148517 0.263505
Cyclist -1 -1 -10 313.000000 151.000000 372.000000 201.000000 1.692666 0.491529 1.539214 -5.993322 1.278408 17.087589 -1.278235 0.216054
Cyclist -1 -1 -10 386.000000 147.000000 431.000000 197.000000 1.725888 0.618504 1.709679 -6.029509 0.502700 22.049790 -1.831812 0.169776
Cyclist -1 -1 -10 591.000000 143.000000 611.000000 192.000000 1.758616 0.528417 1.709745 -0.299036 0.449211 25.155471 -2.142152 0.160851
Cyclist -1 -1 -10 344.000000 150.000000 438.000000 209.000000 1.696652 0.527203 1.674044 -5.550551 1.310713 18.261145 0.740261 0.126078
Cyclist -1 -1 -10 241.000000 134.000000 294.000000 255.000000 1.736869 0.561335 1.723899 -5.645429 1.076950 11.922316 0.622873 0.112321
Cyclist -1 -1 -10 360.000000 145.000000 402.000000 194.000000 1.691954 0.504396 1.518258 -4.940371 1.154923 16.739554 -1.227900 0.104738
Cyclist -1 -1 -10 381.000000 150.000000 464.000000 218.000000 1.785861 0.541826 1.706096 -5.560617 0.821318 21.290025 0.792004 0.097371
Cyclist -1 -1 -10 666.000000 151.000000 708.000000 239.000000 1.723683 0.678383 1.687677 1.530912 0.803068 14.781712 0.623634 0.071192
Cyclist -1 -1 -10 639.000000 138.000000 663.000000 208.000000 1.800104 0.521124 1.736442 1.290610 0.739831 21.125587 -1.570602 0.017685
Cyclist -1 -1 -10 686.000000 157.000000 711.000000 218.000000 1.677953 0.514024 1.434747 1.742683 0.556172 14.780929 -1.485956 0.017580
Cyclist -1 -1 -10 630.000000 157.000000 651.000000 207.000000 1.740538 0.631959 1.627825 1.205505 0.749403 21.646144 -2.423744 0.017300
Cyclist -1 -1 -10 547.000000 140.000000 577.000000 224.000000 1.750447 0.661310 1.765357 -0.977676 0.929309 14.406462 -1.693043 0.016507
Cyclist -1 -1 -10 660.000000 145.000000 692.000000 222.000000 1.766675 0.553664 1.713535 1.349257 0.980019 14.714766 1.140990 0.012013
