Pedestrian -1 -1 -10 437.000000 173.000000 464.000000 250.000000 1.723943 0.633385 0.807060 -3.581514 1.578440 17.103577 -1.348213 0.996825
Pedestrian -1 -1 -10 659.000000 170.000000 696.000000 273.000000 1.803734 0.655283 0.877507 1.299802 1.568048 12.512917 -1.407802 0.996712
Pedestrian -1 -1 -10 627.000000 169.000000 655.000000 236.000000 1.789826 0.697732 0.974894 1.073247 1.469656 21.161237 -1.655609 0.985412
Pedestrian -1 -1 -10 698.000000 170.000000 732.000000 271.000000 1.718380 0.603198 0.799852 1.967814 1.549649 12.623845 -1.408655 0.978330
Pedestrian -1 -1 -10 401.000000 175.000000 426.000000 244.000000 1.721067 0.796245 0.649575 -4.580063 1.583963 17.693984 1.442414 0.968766
Pedestrian -1 -1 -10 0.000000 236.000000 151.000000 375.000000 1.689098 0.597255 0.592867 -3.277759 1.962931 4.567959 -1.683750 0.927118
Pedestrian -1 -1 -10 728.000000 168.000000 754.000000 246.000000 1.709613 0.689111 0.848206 3.193981 1.330272 16.640090 -1.431289 0.820038
Pedestrian -1 -1 -10 779.000000 168.000000 805.000000 236.000000 1.691253 0.574037 0.763905 4.582835 1.394209 17.334225 0.854468 0.769120
Pedestrian -1 -1 -10 71.000000 216.000000 141.000000 366.000000 1.719153 0.625645 0.585120 -5.298686 1.812088 7.885408 2.018574 0.576085
Pedestrian -1 -1 -10 107.000000 214.000000 213.000000 364.000000 1.713577 0.693993 0.570312 -3.748364 2.127998 5.965739 -1.681685 0.424781
Pedestrian -1 -1 -10 83.000000 174.000000 135.000000 296.000000 1.688895 0.632662 0.709236 -7.870479 1.633573 11.473866 0.548318 0.343201
Pedestrian -1 -1 -10 738.000000 169.000000 765.000000 237.000000 1.759242 0.636652 0.726708 3.692848 1.431952 17.433540 -0.952111 0.319687
Pedestrian -1 -1 -10 677.000000 171.000000 698.000000 256.000000 1.725430 0.611303 0.715736 1.890487 1.528508 15.522688 -1.489003 0.164101
Car -1 -1 -10 551.000000 180.000000 590.000000 211.000000 1.535372 1.609759 3.821013 -1.732415 1.512284 37.209424 1.599634 0.998240
Cyclist -1 -1 -10 45.000000 224.000000 196.000000 369.000000 1.608329 0.657292 1.727158 -3.246877 1.981326 4.655593 1.550257 0.148842
Cyclist -1 -1 -10 1.000000 242.000000 94.000000 369.000000 1.713366 0.562849 1.485063 -4.262212 1.613518 5.510202 2.461450 0.077423
Cyclist -1 -1 -10 109.000000 215.000000 221.000000 350.000000 1.672775 0.627312 1.613565 -3.232395 1.942797 5.395186 0.459926 0.038134
Cyclist -1 -1 -10 79.000000 213.000000 154.000000 346.000000 1.698440 0.599190 1.552001 -5.615061 1.592433 8.119963 -2.148046 0.027682
Cyclist -1 -1 -10 626.000000 170.000000 657.000000 236.000000 1.777196 0.540811 1.698881 1.073911 1.485098 21.026503 1.419123 0.027370
Cyclist -1 -1 -10 396.000000 176.000000 428.000000 243.000000 1.703695 0.528456 1.775839 -4.620458 1.547394 17.607985 1.414782 0.014686
Cyclist -1 -1 -10 1178.000000 212.000000 1237.000000 369.000000 1.677954 0.514024 1.434748 2.553600 1.441940 2.897951 -0.915659 0.010225
