Pedestrian -1 -1 -10 822.000000 199.000000 873.000000 327.000000 1.760206 0.595177 0.836722 2.791059 1.908573 8.847000 2.951832 0.837118
Pedestrian -1 -1 -10 807.000000 198.000000 918.000000 316.000000 1.741143 0.605701 0.785259 2.682451 1.828531 8.945708 -1.654589 0.163044
Pedestrian -1 -1 -10 744.000000 197.000000 888.000000 288.000000 1.781033 0.751235 0.835902 3.650348 1.852290 12.807556 -0.850835 0.020906
Car -1 -1 -10 824.000000 187.000000 1086.000000 370.000000 1.584907 1.641341 3.762863 3.542645 1.824135 8.435167 -1.586557 0.998191
Car -1 -1 -10 710.000000 196.000000 784.000000 251.000000 1.475543 1.614043 4.001010 3.870861 2.177107 21.147928 -1.513140 0.997507
Car -1 -1 -10 744.000000 196.000000 857.000000 280.000000 1.463318 1.612025 3.964721 3.954181 2.004230 15.069862 1.583881 0.995125
Car -1 -1 -10 555.000000 188.000000 593.000000 217.000000 1.534366 1.654067 4.033304 -1.952456 2.401837 39.065359 1.591843 0.991062
Car -1 -1 -10 6.000000 199.000000 410.000000 376.000000 1.577803 1.579255 3.621332 -3.064007 1.922403 5.994647 1.575716 0.985857
Car -1 -1 -10 703.000000 192.000000 756.000000 240.000000 1.541634 1.514112 3.296841 4.291176 2.303849 26.289571 -1.567097 0.965161
Car -1 -1 -10 451.000000 174.000000 561.000000 265.000000 1.843229 1.718358 4.328115 -2.538705 2.008114 17.545910 -1.548882 0.841394
Car -1 -1 -10 1055.000000 213.000000 1240.000000 370.000000 1.545975 1.648315 3.770743 3.704987 1.967345 2.898205 -1.533938 0.833109
Car -1 -1 -10 690.000000 191.000000 734.000000 229.000000 1.603854 1.613950 3.790140 4.659490 2.554835 32.800119 -1.538120 0.695620
Car -1 -1 -10 810.000000 196.000000 925.000000 321.000000 1.590557 1.654337 4.037227 3.578600 1.770304 8.000678 -1.718142 0.689135
Car -1 -1 -10 675.000000 190.000000 713.000000 221.000000 1.511394 1.615806 3.768686 4.464526 2.469209 37.563617 -1.495226 0.261237
