Pedestrian -1 -1 -10 741.000000 168.000000 753.000000 200.000000 1.724468 0.595562 0.829229 7.093946 1.393788 38.274062 0.196392 0.186811
Pedestrian -1 -1 -10 745.000000 170.000000 756.000000 200.000000 1.748315 0.614235 0.800342 7.254774 1.420191 38.202571 1.266815 0.071725
Car -1 -1 -10 774.000000 176.000000 918.000000 279.000000 1.510746 1.621869 3.793373 3.723172 1.580422 12.172073 -1.455501 0.998952
Car -1 -1 -10 173.000000 200.000000 428.000000 332.000000 1.458744 1.656214 4.141558 -4.102124 1.890653 10.445853 1.650100 0.998819
Car -1 -1 -10 760.000000 177.000000 824.000000 229.000000 1.511946 1.624036 3.787462 5.479800 1.563333 22.134310 -1.368557 0.979782
Car -1 -1 -10 746.000000 177.000000 796.000000 216.000000 1.543643 1.627168 3.870876 6.085529 1.678191 28.340261 2.197031 0.950230
Car -1 -1 -10 649.000000 171.000000 688.000000 197.000000 1.600127 1.643181 3.892924 4.303976 1.676269 50.592774 2.015552 0.896531
Car -1 -1 -10 815.000000 179.000000 876.000000 226.000000 1.508612 1.532007 3.772596 10.866931 1.642852 32.429853 2.327570 0.035279
Car -1 -1 -10 769.000000 177.000000 871.000000 244.000000 1.524240 1.504203 3.205061 6.149560 1.257848 21.348711 1.866241 0.012803
Cyclist -1 -1 -10 744.000000 169.000000 755.000000 201.000000 1.792305 0.623159 1.802330 7.303929 1.358164 38.366383 -0.846568 0.011893
