Car -1 -1 -10 720.000000 192.000000 900.000000 309.000000 1.460512 1.636488 3.865351 2.695291 1.736218 10.759834 -1.638403 0.999828
Car -1 -1 -10 -9.000000 186.000000 282.000000 324.000000 1.541924 1.633844 4.145295 -6.438284 1.725008 9.245545 0.052142 0.997994
Car -1 -1 -10 665.000000 177.000000 737.000000 237.000000 1.603258 1.667538 4.029395 2.563057 1.786725 21.735005 -1.568572 0.996704
Car -1 -1 -10 314.000000 183.000000 471.000000 238.000000 1.548048 1.607550 3.985728 -6.429098 1.869180 21.699692 -3.209973 0.977728
Car -1 -1 -10 131.000000 165.000000 402.000000 269.000000 1.756822 1.705821 3.985912 -6.394041 1.775282 14.198230 -3.144046 0.976265
Car -1 -1 -10 648.000000 180.000000 704.000000 225.000000 1.507585 1.635214 3.893706 2.457730 1.929341 27.707706 -1.598326 0.555082
Car -1 -1 -10 387.000000 183.000000 501.000000 221.000000 1.677846 1.701930 4.044221 -6.590080 2.033282 31.046033 -3.218868 0.348064
Car -1 -1 -10 480.000000 180.000000 547.000000 206.000000 1.554591 1.586500 3.710368 -5.703916 2.268723 46.665689 -3.170648 0.254436
Car -1 -1 -10 249.000000 175.000000 448.000000 253.000000 1.465827 1.586566 3.826333 -6.009207 1.874386 17.616110 0.632244 0.097826
Car -1 -1 -10 432.000000 180.000000 527.000000 215.000000 1.495844 1.601764 3.746505 -5.404296 2.020973 36.147314 -1.753502 0.091310
Car -1 -1 -10 638.000000 178.000000 679.000000 211.000000 1.565153 1.569241 3.513959 2.412148 1.912580 36.679790 -1.633975 0.070885
Cyclist -1 -1 -10 1126.000000 166.000000 1173.000000 209.000000 1.640889 0.615743 1.692870 16.047808 1.534787 21.479884 -0.345997 0.170133
