Car -1 -1 -10 381.000000 190.000000 459.000000 240.000000 1.485170 1.592639 3.955059 -6.097920 2.049054 23.321009 1.544945 0.997832
Car -1 -1 -10 444.000000 187.000000 499.000000 224.000000 1.492005 1.573791 3.873258 -5.943759 2.107398 30.754469 1.591799 0.997329
Car -1 -1 -10 673.000000 175.000000 740.000000 220.000000 1.524748 1.623344 3.993504 3.082057 1.607021 25.328686 -1.578883 0.997296
Car -1 -1 -10 298.000000 195.000000 411.000000 266.000000 1.479454 1.575028 3.771020 -6.047341 2.056400 17.190797 1.561810 0.994904
Car -1 -1 -10 855.000000 147.000000 1038.000000 210.000000 1.506815 1.635628 4.053608 9.199665 1.006058 19.413992 3.170460 0.993429
Car -1 -1 -10 152.000000 200.000000 342.000000 308.000000 1.477246 1.589873 3.847639 -5.977428 2.025360 12.534868 1.558205 0.981019
Car -1 -1 -10 -1.000000 211.000000 204.000000 375.000000 1.506661 1.601722 3.910985 -5.815005 2.040512 7.088318 1.591750 0.968676
Car -1 -1 -10 659.000000 175.000000 716.000000 212.000000 1.515425 1.620017 3.927770 3.071210 1.601679 30.782543 -1.583163 0.940090
Car -1 -1 -10 1168.000000 132.000000 1239.000000 179.000000 1.461247 1.569779 3.801130 23.136324 0.179678 26.606070 -0.003752 0.732870
Car -1 -1 -10 767.000000 157.000000 937.000000 203.000000 1.632367 1.697244 4.268924 8.563561 1.174877 25.154297 3.013988 0.449461
Car -1 -1 -10 649.000000 177.000000 686.000000 205.000000 1.485729 1.561165 3.705374 3.124886 1.780767 40.306105 1.501418 0.374975
Car -1 -1 -10 472.000000 185.000000 514.000000 215.000000 1.540303 1.594567 3.782544 -5.895060 2.135336 36.830377 1.576381 0.084185
