Car -1 -1 -10 664.000000 180.000000 826.000000 290.000000 1.500067 1.611476 3.579829 1.972049 1.629768 11.682093 -1.742281 0.998855
Car -1 -1 -10 574.000000 171.000000 680.000000 215.000000 1.522630 1.591884 3.963751 0.656154 1.495688 27.019026 2.525044 0.998068
Car -1 -1 -10 830.000000 162.000000 942.000000 208.000000 1.518239 1.625707 3.966455 10.069085 1.203390 25.785610 -0.685748 0.996747
Car -1 -1 -10 730.000000 167.000000 872.000000 216.000000 1.506297 1.583951 3.731557 6.426616 1.339902 22.849831 -0.618625 0.992577
Car -1 -1 -10 907.000000 165.000000 998.000000 203.000000 1.492779 1.568575 3.510561 13.857671 1.211102 28.511489 -0.616149 0.990003
Car -1 -1 -10 967.000000 155.000000 1058.000000 199.000000 1.645888 1.625201 3.860254 17.386474 1.072115 30.958311 -0.614747 0.962225
Car -1 -1 -10 717.000000 169.000000 801.000000 215.000000 1.478794 1.559427 3.657378 5.058566 1.042810 30.681639 2.395510 0.076955
Cyclist -1 -1 -10 692.000000 176.000000 718.000000 217.000000 1.674088 0.532108 1.488625 4.254182 1.645298 33.111019 0.236598 0.202205
Cyclist -1 -1 -10 697.000000 172.000000 788.000000 220.000000 1.686101 0.620655 1.724514 5.405906 1.499052 30.122432 2.296675 0.053397
Cyclist -1 -1 -10 708.000000 173.000000 727.000000 219.000000 1.665715 0.533068 1.631163 4.762597 1.530043 30.249641 -0.890169 0.052080
Cyclist -1 -1 -10 717.000000 168.000000 739.000000 221.000000 1.689113 0.526711 1.677553 4.888679 1.544125 30.125306 -1.446941 0.046771
Cyclist -1 -1 -10 705.000000 176.000000 754.000000 214.000000 1.754070 0.621503 1.708603 4.973886 1.659571 30.051683 -0.889421 0.024500
