Pedestrian -1 -1 -10 616.000000 166.000000 660.000000 300.000000 1.681893 0.576204 0.680847 0.413092 1.499169 9.379425 -1.941046 0.997301
Pedestrian -1 -1 -10 259.000000 167.000000 314.000000 310.000000 1.700434 0.640954 0.978201 -3.990684 1.514693 8.974033 -1.893148 0.996787
Pedestrian -1 -1 -10 673.000000 163.000000 733.000000 295.000000 1.733079 0.657698 0.961195 1.286245 1.462798 9.616667 -1.775470 0.995776
Pedestrian -1 -1 -10 443.000000 170.000000 463.000000 223.000000 1.732196 0.669900 0.919230 -5.071216 1.326273 23.969312 -1.761654 0.651049
Pedestrian -1 -1 -10 467.000000 167.000000 487.000000 223.000000 1.742044 0.584266 0.794866 -3.249904 1.187654 18.321530 0.352947 0.082241
Pedestrian -1 -1 -10 703.000000 162.000000 725.000000 222.000000 1.798134 0.684270 0.956346 3.380145 1.212313 21.339203 0.205417 0.065763
Pedestrian -1 -1 -10 654.000000 167.000000 679.000000 227.000000 1.680767 0.701397 0.785523 1.910289 1.220545 21.155729 -1.936927 0.052761
Pedestrian -1 -1 -10 723.000000 162.000000 746.000000 215.000000 1.741920 0.660609 0.660588 3.584292 1.159692 20.004256 -0.949380 0.042605
Pedestrian -1 -1 -10 528.000000 170.000000 537.000000 197.000000 1.789715 0.641128 0.805778 -4.974041 1.124403 52.026331 1.408403 0.036180
Pedestrian -1 -1 -10 692.000000 164.000000 729.000000 253.000000 1.671845 0.559397 0.636050 2.035842 1.909473 13.181033 2.268496 0.020090
Pedestrian -1 -1 -10 657.000000 163.000000 707.000000 249.000000 1.798713 0.607648 0.791399 1.655731 1.211623 16.108086 1.187303 0.014566
Pedestrian -1 -1 -10 627.000000 170.000000 649.000000 214.000000 1.732996 0.684872 0.605959 2.256112 1.538104 38.611384 -1.472520 0.014125
Car -1 -1 -10 488.000000 168.000000 528.000000 202.000000 1.556836 1.640493 4.100730 -5.875770 1.227631 43.126351 -3.248845 0.140031
Cyclist -1 -1 -10 341.000000 161.000000 419.000000 319.000000 1.739789 0.598868 1.761752 -2.671783 1.561649 8.770420 1.535413 0.999823
Cyclist -1 -1 -10 463.000000 165.000000 518.000000 256.000000 1.727202 0.568681 1.768007 -2.248417 1.495872 14.367988 1.614163 0.999656
Cyclist -1 -1 -10 672.000000 163.000000 736.000000 292.000000 1.811485 0.616954 1.765597 1.227923 1.513124 9.678978 -1.464032 0.695408
Cyclist -1 -1 -10 466.000000 164.000000 491.000000 242.000000 1.810289 0.632104 1.343224 -2.899198 1.448484 16.880598 0.885950 0.264117
Cyclist -1 -1 -10 479.000000 167.000000 525.000000 227.000000 1.719134 0.634332 1.527215 -3.287383 1.721665 18.752318 0.435144 0.183275
Cyclist -1 -1 -10 688.000000 166.000000 794.000000 280.000000 1.647119 0.430242 1.657845 2.229313 1.713823 10.895541 -0.706160 0.084702
Cyclist -1 -1 -10 704.000000 160.000000 740.000000 230.000000 1.783339 0.720759 1.753672 3.666775 1.200432 21.254328 -0.342344 0.062929
Cyclist -1 -1 -10 618.000000 166.000000 660.000000 298.000000 1.780235 0.567811 1.754215 0.318081 1.544328 9.491097 -1.842579 0.045415
Cyclist -1 -1 -10 653.000000 168.000000 681.000000 229.000000 1.724059 0.686223 1.765861 1.961484 1.189218 21.343489 -0.945152 0.041338
Cyclist -1 -1 -10 470.000000 170.000000 502.000000 208.000000 1.677954 0.514024 1.434748 -6.173059 1.072398 41.757915 -1.776465 0.035795
Cyclist -1 -1 -10 692.000000 164.000000 729.000000 253.000000 1.710239 0.623912 1.528720 2.058659 1.852580 13.279684 -1.417943 0.018558
Cyclist -1 -1 -10 441.000000 169.000000 465.000000 222.000000 1.768440 0.560204 1.729482 -5.155959 1.372065 24.031907 -2.136269 0.013077
Cyclist -1 -1 -10 383.000000 176.000000 404.000000 225.000000 1.754748 0.684867 1.756786 -10.215599 1.280710 35.645400 0.256820 0.012711
Cyclist -1 -1 -10 489.000000 168.000000 528.000000 203.000000 1.701192 0.716744 1.766979 -5.283053 1.265894 41.699473 2.865151 0.010965
