Car -1 -1 -10 294.000000 189.000000 446.000000 276.000000 1.506096 1.593987 3.808319 -4.603741 1.832228 14.266334 1.587412 0.999268
Car -1 -1 -10 802.000000 190.000000 1046.000000 332.000000 1.500101 1.622100 3.867795 3.857061 1.729587 9.428213 -1.541650 0.999166
Car -1 -1 -10 526.000000 179.000000 564.000000 207.000000 1.562452 1.544643 3.642520 -3.670332 1.883047 41.265077 1.663361 0.999125
Car -1 -1 -10 398.000000 185.000000 493.000000 245.000000 1.499995 1.567181 3.846953 -4.462355 1.877897 19.927303 1.601314 0.998732
Car -1 -1 -10 742.000000 182.000000 872.000000 265.000000 1.539377 1.625608 3.797932 3.822238 1.739447 14.972257 -1.528292 0.998018
Car -1 -1 -10 451.000000 184.000000 519.000000 229.000000 1.450059 1.581276 3.938874 -4.409336 1.843879 25.348648 1.608494 0.995957
Car -1 -1 -10 707.000000 180.000000 795.000000 239.000000 1.462134 1.652347 4.076577 3.817333 1.732420 20.174294 -1.591521 0.993400
Car -1 -1 -10 693.000000 179.000000 742.000000 221.000000 1.539360 1.606335 3.907699 4.297261 1.828897 30.875449 -1.549004 0.973383
Car -1 -1 -10 966.000000 178.000000 1245.000000 378.000000 1.540440 1.610029 3.808083 3.830230 1.818604 3.871013 -1.607933 0.922463
Car -1 -1 -10 686.000000 178.000000 724.000000 211.000000 1.530313 1.592301 3.745206 4.578325 1.963795 35.511153 -1.531481 0.255684
Car -1 -1 -10 1005.000000 174.000000 1129.000000 215.000000 1.546376 1.605971 3.850110 15.373625 1.284605 24.430822 -1.905501 0.179636
Car -1 -1 -10 544.000000 178.000000 573.000000 203.000000 1.528348 1.599375 3.826170 -3.753059 1.987632 45.443485 1.651872 0.153413
