Pedestrian -1 -1 -10 20.000000 174.000000 101.000000 352.000000 1.696679 0.740488 0.594717 -5.254146 1.561889 6.921831 -1.928230 0.401249
Pedestrian -1 -1 -10 98.000000 179.000000 149.000000 290.000000 1.783264 0.614514 0.572086 -13.321177 2.126841 19.672008 -1.779781 0.369711
Pedestrian -1 -1 -10 703.000000 174.000000 723.000000 212.000000 1.700949 0.553084 0.701314 4.364717 1.550442 28.032609 2.698882 0.061999
Pedestrian -1 -1 -10 81.000000 176.000000 171.000000 320.000000 1.738141 0.674895 0.745654 -4.564324 1.602930 6.799140 -1.868558 0.051115
Pedestrian -1 -1 -10 39.000000 188.000000 222.000000 330.000000 1.803357 0.707082 0.598306 -4.543662 1.589131 6.594750 -2.105530 0.038655
Pedestrian -1 -1 -10 -4.000000 208.000000 319.000000 370.000000 1.732048 0.663309 0.830371 -2.914347 1.849056 4.172594 -3.695918 0.013028
Pedestrian -1 -1 -10 711.000000 173.000000 729.000000 219.000000 1.726630 0.606468 0.711397 4.315668 1.563774 27.553224 2.710376 0.011582
Car -1 -1 -10 671.000000 176.000000 800.000000 265.000000 1.464583 1.651194 4.061721 2.200133 1.528515 13.857450 -1.620585 0.999089
Car -1 -1 -10 634.000000 175.000000 700.000000 221.000000 1.511755 1.629515 3.935852 1.953422 1.603253 26.197288 -1.701234 0.997888
Car -1 -1 -10 492.000000 175.000000 543.000000 223.000000 1.563939 1.621506 3.742691 -3.419162 1.739306 27.136381 -1.650229 0.997130
Car -1 -1 -10 150.000000 187.000000 304.000000 254.000000 1.496454 1.606084 3.851318 -8.965405 1.874388 17.676008 -3.099813 0.996029
Car -1 -1 -10 -3.000000 199.000000 320.000000 372.000000 1.473902 1.646050 3.996675 -3.436496 1.630489 4.581858 -1.629214 0.992366
Car -1 -1 -10 624.000000 176.000000 671.000000 211.000000 1.525981 1.608639 3.896280 1.571997 1.707140 32.320661 -1.605599 0.575617
Car -1 -1 -10 619.000000 171.000000 653.000000 203.000000 1.695816 1.661822 3.938901 1.556463 1.633440 42.625353 -1.560795 0.549280
Car -1 -1 -10 528.000000 178.000000 556.000000 206.000000 1.572576 1.636388 3.813460 -4.101733 1.929594 40.921582 -1.666450 0.433243
Car -1 -1 -10 11.000000 180.000000 141.000000 349.000000 1.556686 1.584387 3.751009 -4.391983 1.292697 7.321325 -3.145369 0.139422
Car -1 -1 -10 45.000000 188.000000 221.000000 346.000000 1.483988 1.611687 3.806081 -3.536167 1.593657 3.464587 1.536356 0.106709
Car -1 -1 -10 79.000000 186.000000 175.000000 318.000000 1.489132 1.587354 3.707750 -4.118502 1.381445 4.034288 1.565670 0.035775
Car -1 -1 -10 511.000000 176.000000 549.000000 209.000000 1.557249 1.619232 3.829556 -3.858430 1.945432 41.180562 -1.702076 0.027748
Car -1 -1 -10 610.000000 172.000000 637.000000 197.000000 1.401224 1.526839 3.477886 0.409461 0.804514 19.642203 0.729059 0.026081
Car -1 -1 -10 94.000000 192.000000 155.000000 270.000000 1.505859 1.568010 3.648773 -13.713824 1.706787 20.174416 0.461740 0.026049
Cyclist -1 -1 -10 87.000000 192.000000 161.000000 277.000000 1.688007 0.516527 1.579131 -13.666036 1.929279 19.788523 -2.233365 0.214619
Cyclist -1 -1 -10 58.000000 189.000000 194.000000 311.000000 1.676648 0.650356 1.666213 -3.253444 1.405868 4.428562 -1.656529 0.084244
Cyclist -1 -1 -10 707.000000 174.000000 720.000000 213.000000 1.647544 0.470105 1.588587 4.509226 1.328040 29.247029 -1.491369 0.047783
Cyclist -1 -1 -10 24.000000 166.000000 115.000000 329.000000 1.677386 0.575227 1.715048 -5.275725 1.314503 7.068963 -2.217770 0.034932
Cyclist -1 -1 -10 705.000000 176.000000 733.000000 214.000000 1.652951 0.566354 1.659664 4.543362 1.253045 27.298077 -1.942678 0.029974
Cyclist -1 -1 -10 10.000000 199.000000 265.000000 359.000000 1.648845 0.618386 1.782996 -2.965649 1.662001 4.144179 -1.636185 0.014548
