Car -1 -1 -10 264.000000 189.000000 432.000000 286.000000 1.503936 1.608006 3.870282 -4.646779 1.830837 13.247841 1.585191 0.999295
Car -1 -1 -10 820.000000 190.000000 1126.000000 357.000000 1.496625 1.614825 3.861104 3.837405 1.725504 8.331709 -1.547903 0.999059
Car -1 -1 -10 523.000000 179.000000 562.000000 207.000000 1.546033 1.562215 3.619124 -3.735148 1.876775 40.153219 1.647250 0.998920
Car -1 -1 -10 388.000000 185.000000 483.000000 249.000000 1.486706 1.569069 3.759217 -4.474931 1.808311 18.892454 1.585232 0.998896
Car -1 -1 -10 441.000000 184.000000 513.000000 231.000000 1.453923 1.592328 3.955619 -4.460241 1.824754 24.240393 1.595367 0.997482
Car -1 -1 -10 751.000000 183.000000 897.000000 271.000000 1.514201 1.616213 3.773037 3.767958 1.697063 13.939449 -1.573721 0.997331
Car -1 -1 -10 711.000000 180.000000 806.000000 242.000000 1.468489 1.643960 4.068592 3.810875 1.708386 19.144060 -1.581281 0.996748
Car -1 -1 -10 696.000000 178.000000 754.000000 225.000000 1.576267 1.633852 3.864484 4.288909 1.827409 29.711697 -1.541893 0.990182
Car -1 -1 -10 1019.000000 196.000000 1246.000000 372.000000 1.546942 1.641498 3.849038 3.600024 1.834894 2.738396 -1.593761 0.929981
Car -1 -1 -10 690.000000 177.000000 733.000000 215.000000 1.550783 1.574374 3.543484 4.300585 1.836203 29.670509 -1.552489 0.494340
Car -1 -1 -10 538.000000 178.000000 571.000000 203.000000 1.545165 1.579535 3.831022 -3.692437 2.083791 44.230166 1.673387 0.218813
