Car -1 -1 -10 728.000000 179.000000 833.000000 261.000000 1.542439 1.601782 3.651516 3.451985 1.715335 15.403836 -1.529533 0.999348
Car -1 -1 -10 703.000000 175.000000 784.000000 238.000000 1.529266 1.628084 3.869047 3.690668 1.632721 20.613339 -1.530906 0.988839
Car -1 -1 -10 280.000000 180.000000 474.000000 237.000000 1.512186 1.634253 3.965833 -6.048707 1.725923 19.114119 -3.170585 0.987742
Car -1 -1 -10 51.000000 186.000000 421.000000 282.000000 1.523316 1.651158 4.253988 -5.713424 1.644673 12.343668 0.144332 0.986523
Car -1 -1 -10 424.000000 176.000000 529.000000 220.000000 1.708881 1.629582 4.039720 -5.570054 1.902551 29.214104 -3.114965 0.978470
Car -1 -1 -10 681.000000 180.000000 726.000000 212.000000 1.520327 1.556952 3.506649 4.125778 1.858710 33.949984 -1.619833 0.977535
Car -1 -1 -10 381.000000 179.000000 498.000000 224.000000 1.539616 1.622166 3.945031 -6.163260 1.723303 24.637937 -3.198885 0.958595
Car -1 -1 -10 187.000000 183.000000 432.000000 253.000000 1.519527 1.518035 3.388500 -5.877255 1.621221 14.707710 -2.012518 0.635193
Car -1 -1 -10 463.000000 176.000000 550.000000 212.000000 1.574504 1.602673 4.109475 -4.777006 1.567734 33.996747 0.029965 0.134924
Car -1 -1 -10 11.000000 187.000000 243.000000 287.000000 1.502017 1.564882 3.676523 -6.928893 1.559882 12.173364 1.471864 0.117099
