Car -1 -1 -10 577.000000 179.000000 611.000000 209.000000 1.531911 1.604185 3.648047 -0.763289 1.287947 39.231054 -1.592603 0.999480
Car -1 -1 -10 202.000000 189.000000 422.000000 308.000000 1.461286 1.618241 3.966193 -4.159514 1.576827 10.837775 -1.563818 0.999263
Car -1 -1 -10 420.000000 185.000000 495.000000 237.000000 1.449502 1.587079 3.723560 -4.559496 1.487552 22.001230 -1.590912 0.998652
Car -1 -1 -10 -1.000000 175.000000 211.000000 303.000000 1.507423 1.600921 3.757573 -8.330168 1.475312 11.370372 -1.585011 0.913832
Car -1 -1 -10 466.000000 183.000000 518.000000 218.000000 1.501794 1.613211 3.995777 -5.066971 1.416901 32.159539 -1.580816 0.725674
Car -1 -1 -10 370.000000 181.000000 420.000000 219.000000 1.584758 1.625359 4.004064 -8.780297 1.475081 30.607864 -1.684859 0.550740
Car -1 -1 -10 96.000000 215.000000 298.000000 358.000000 1.480444 1.578381 3.798763 -4.470749 1.703477 8.459556 -1.548560 0.442337
Car -1 -1 -10 496.000000 183.000000 539.000000 209.000000 1.438240 1.565520 3.712297 -4.863204 1.269772 41.341313 -1.566517 0.239965
Car -1 -1 -10 242.000000 189.000000 336.000000 245.000000 1.578497 1.599469 3.816801 -12.465097 1.517669 26.883601 -1.972565 0.161784
Car -1 -1 -10 231.000000 170.000000 326.000000 227.000000 1.859236 1.680907 4.206923 -12.458040 1.418363 27.429997 -1.605884 0.089260
