Pedestrian -1 -1 -10 771.000000 171.000000 792.000000 204.000000 1.791372 0.674238 1.092139 12.420349 1.652863 51.625857 -1.771902 0.094026
Car -1 -1 -10 432.000000 184.000000 513.000000 236.000000 1.539782 1.598500 3.745493 -4.249120 1.953572 22.784297 1.591427 0.999444
Car -1 -1 -10 768.000000 179.000000 934.000000 284.000000 1.530055 1.598966 3.600935 4.014164 1.707872 12.723894 -1.624318 0.997758
Car -1 -1 -10 710.000000 179.000000 781.000000 229.000000 1.540789 1.599346 3.783167 4.224141 1.774769 23.468283 -1.521768 0.995214
Car -1 -1 -10 734.000000 182.000000 833.000000 249.000000 1.473072 1.626554 3.936737 4.095305 1.709944 17.917273 -1.515367 0.993880
Car -1 -1 -10 481.000000 183.000000 538.000000 222.000000 1.517673 1.589884 3.812286 -3.797249 1.972795 28.671976 1.632232 0.992764
Car -1 -1 -10 858.000000 198.000000 1246.000000 374.000000 1.479413 1.635113 4.013227 3.941463 1.743766 7.037514 -1.544203 0.992586
Car -1 -1 -10 693.000000 178.000000 742.000000 217.000000 1.502888 1.599145 3.854483 4.322213 1.765520 28.593786 -1.570347 0.984055
Car -1 -1 -10 508.000000 182.000000 553.000000 215.000000 1.467038 1.583509 3.889215 -3.725395 1.914181 33.805303 1.661024 0.720206
Car -1 -1 -10 688.000000 177.000000 722.000000 208.000000 1.562426 1.630695 3.875433 5.112588 1.875991 39.347370 -1.475166 0.124302
