Car -1 -1 -10 329.000000 171.000000 445.000000 226.000000 1.588961 1.638124 3.974435 -6.949640 1.688738 23.247483 -3.050586 0.996788
Car -1 -1 -10 710.000000 184.000000 868.000000 274.000000 1.498461 1.573860 3.721778 2.943043 1.665352 13.305608 1.496671 0.975225
Car -1 -1 -10 381.000000 174.000000 496.000000 219.000000 1.657712 1.592984 3.961000 -6.317256 1.730459 26.338973 -0.131630 0.972437
Car -1 -1 -10 12.000000 157.000000 308.000000 347.000000 1.749760 1.688311 4.051357 -5.891463 1.594131 7.838129 -3.266813 0.953622
Car -1 -1 -10 641.000000 175.000000 677.000000 202.000000 1.525927 1.621465 3.997995 2.812378 1.641631 41.289597 -1.465913 0.784758
Car -1 -1 -10 59.000000 175.000000 327.000000 279.000000 1.481785 1.571714 3.632250 -5.894524 1.500235 10.414987 -2.694835 0.312661
Car -1 -1 -10 431.000000 175.000000 513.000000 212.000000 1.532939 1.563099 3.707039 -5.118966 1.573770 28.987604 1.503995 0.307341
Car -1 -1 -10 460.000000 175.000000 529.000000 205.000000 1.536325 1.554229 3.574139 -6.587945 0.921198 36.867391 0.851830 0.038943
Car -1 -1 -10 632.000000 174.000000 706.000000 205.000000 1.525893 1.621320 3.994490 2.789969 1.645008 41.285334 -1.454172 0.030215
Car -1 -1 -10 656.000000 174.000000 689.000000 209.000000 1.560711 1.633998 3.884481 3.478884 1.988421 41.132721 -1.494413 0.020237
