Pedestrian -1 -1 -10 862.000000 158.000000 944.000000 346.000000 1.724402 0.661414 0.929104 2.991517 1.514088 7.065745 -1.594530 0.998978
Pedestrian -1 -1 -10 775.000000 161.000000 848.000000 347.000000 1.718072 0.650099 0.838585 1.964093 1.522763 6.971810 -1.762960 0.998223
Pedestrian -1 -1 -10 445.000000 163.000000 482.000000 268.000000 1.786843 0.614566 0.996869 -2.470286 1.484334 12.727468 -2.699723 0.997661
Pedestrian -1 -1 -10 1114.000000 143.000000 1178.000000 277.000000 1.720689 0.581454 0.880816 7.118253 1.238639 9.472839 3.392731 0.991405
Pedestrian -1 -1 -10 988.000000 148.000000 1038.000000 260.000000 1.693828 0.617876 0.629259 6.535352 1.179932 11.506155 2.519186 0.986336
Pedestrian -1 -1 -10 113.000000 169.000000 192.000000 335.000000 1.638119 0.628763 0.945563 -4.782266 1.567842 7.658389 -2.580575 0.980603
Pedestrian -1 -1 -10 904.000000 155.000000 950.000000 271.000000 1.668802 0.596814 0.655212 4.924179 1.233891 10.895279 1.469253 0.971729
Pedestrian -1 -1 -10 690.000000 165.000000 720.000000 238.000000 1.659737 0.630429 0.941559 2.424181 1.324845 16.669703 -1.908940 0.904608
Pedestrian -1 -1 -10 443.000000 168.000000 464.000000 242.000000 1.761042 0.635433 0.696487 -4.093642 1.448962 19.187350 1.436439 0.685890
Pedestrian -1 -1 -10 6.000000 169.000000 111.000000 359.000000 1.670419 0.603666 0.736329 -5.131001 1.575070 6.792178 0.427753 0.110903
Pedestrian -1 -1 -10 422.000000 167.000000 442.000000 223.000000 1.736778 0.631744 0.709199 -5.965474 1.490779 25.527836 -1.697150 0.082449
Pedestrian -1 -1 -10 457.000000 168.000000 484.000000 240.000000 1.745953 0.602076 0.700194 -3.195725 1.466027 18.441857 0.937258 0.068959
Pedestrian -1 -1 -10 440.000000 167.000000 504.000000 232.000000 1.750550 0.792469 0.763985 -3.280443 1.545085 18.704705 1.936169 0.055241
Car -1 -1 -10 547.000000 168.000000 576.000000 196.000000 1.590867 1.641980 3.765283 -2.658810 0.872523 47.777962 1.522352 0.406415
Car -1 -1 -10 439.000000 166.000000 512.000000 224.000000 1.859917 1.719808 4.102895 -4.249818 1.263617 25.346464 1.573031 0.034762
Car -1 -1 -10 467.000000 166.000000 525.000000 213.000000 1.531015 1.580224 3.865340 -4.586048 1.208203 31.471701 -3.172067 0.025604
Cyclist -1 -1 -10 0.000000 168.000000 120.000000 366.000000 1.714776 0.516074 1.765753 -5.179814 1.627337 6.764917 -2.240402 0.992805
Cyclist -1 -1 -10 688.000000 167.000000 721.000000 238.000000 1.800691 0.567298 1.674475 2.295740 1.383871 16.757921 -1.918220 0.212603
Cyclist -1 -1 -10 439.000000 164.000000 492.000000 255.000000 1.740174 0.514513 1.720134 -2.647406 1.405213 12.916558 -2.289048 0.199156
Cyclist -1 -1 -10 466.000000 170.000000 494.000000 239.000000 1.737174 0.594086 1.758817 -3.016550 1.441775 18.529451 1.553398 0.089967
Cyclist -1 -1 -10 1210.000000 166.000000 1237.000000 352.000000 1.674318 0.529281 1.492501 8.539501 0.934285 10.019533 0.829870 0.013596
