Pedestrian -1 -1 -10 400.000000 167.000000 439.000000 271.000000 1.774533 0.684934 0.809509 -3.278778 1.557081 12.786150 1.353808 0.997698
Pedestrian -1 -1 -10 833.000000 163.000000 871.000000 263.000000 1.653924 0.607865 0.798630 4.387092 1.342240 12.731616 1.814552 0.995223
Pedestrian -1 -1 -10 721.000000 169.000000 767.000000 296.000000 1.755940 0.672197 0.890699 2.031128 1.580052 10.320932 1.276126 0.993814
Pedestrian -1 -1 -10 643.000000 168.000000 673.000000 239.000000 1.727580 0.711530 0.839530 1.474159 1.420122 19.337097 -1.534665 0.992400
Pedestrian -1 -1 -10 872.000000 164.000000 907.000000 269.000000 1.718012 0.643005 0.684899 4.767369 1.418992 11.974435 1.479132 0.981618
Pedestrian -1 -1 -10 332.000000 170.000000 365.000000 260.000000 1.669492 0.625391 0.666916 -4.556907 1.409666 13.029508 1.286475 0.965928
Pedestrian -1 -1 -10 690.000000 177.000000 716.000000 262.000000 1.654870 0.583192 0.759736 1.986340 1.496102 13.804998 -1.452159 0.837914
Pedestrian -1 -1 -10 766.000000 168.000000 792.000000 254.000000 1.677497 0.606795 0.685521 3.692419 1.356651 14.720374 -1.279475 0.784344
Pedestrian -1 -1 -10 780.000000 166.000000 807.000000 236.000000 1.805236 0.642924 0.792215 4.841759 1.312019 17.992401 -1.328073 0.608941
Pedestrian -1 -1 -10 715.000000 173.000000 750.000000 272.000000 1.783946 0.625819 0.740016 2.102938 1.518661 12.516581 -0.960114 0.367298
Pedestrian -1 -1 -10 743.000000 170.000000 778.000000 286.000000 1.788606 0.619517 0.856621 2.473078 1.638670 10.989278 0.781425 0.303864
Pedestrian -1 -1 -10 704.000000 174.000000 724.000000 260.000000 1.776860 0.604940 0.819731 2.337563 1.615660 14.762983 -0.765108 0.141295
Pedestrian -1 -1 -10 744.000000 171.000000 766.000000 247.000000 1.721178 0.635088 0.567581 3.202433 0.977586 15.616894 -0.807991 0.060962
Car -1 -1 -10 555.000000 178.000000 599.000000 212.000000 1.573171 1.630680 3.934435 -1.142695 1.348511 33.586290 1.628873 0.999111
Car -1 -1 -10 1004.000000 263.000000 1238.000000 372.000000 1.558102 1.634155 3.790963 3.064660 1.759624 2.603132 -1.543498 0.110550
Cyclist -1 -1 -10 328.000000 170.000000 368.000000 261.000000 1.659635 0.561652 1.721054 -4.668112 1.285654 13.042876 0.885506 0.076074
Cyclist -1 -1 -10 642.000000 169.000000 678.000000 240.000000 1.743046 0.519300 1.748616 1.491414 1.456055 19.222194 1.212731 0.014831
Cyclist -1 -1 -10 749.000000 169.000000 780.000000 275.000000 1.677954 0.514024 1.434748 2.531199 1.888113 11.116313 -1.393870 0.011399
