Car -1 -1 -10 576.000000 178.000000 619.000000 217.000000 1.590375 1.632728 3.651134 -0.482663 1.327977 31.525655 -1.579280 0.999760
Car -1 -1 -10 375.000000 183.000000 494.000000 260.000000 1.491497 1.603733 3.733081 -3.683005 1.453195 15.815469 -1.577276 0.999437
Car -1 -1 -10 491.000000 183.000000 548.000000 220.000000 1.447870 1.603510 3.929355 -3.464809 1.280230 28.069759 -1.595946 0.999239
Car -1 -1 -10 204.000000 174.000000 347.000000 253.000000 1.625285 1.638029 3.960758 -7.901715 1.403364 17.551154 -1.573312 0.998481
Car -1 -1 -10 2.000000 189.000000 196.000000 298.000000 1.457345 1.586915 3.823412 -8.396052 1.534674 11.412721 -1.572415 0.879741
Car -1 -1 -10 79.000000 182.000000 210.000000 241.000000 1.493326 1.601253 3.682087 -12.260327 1.505838 19.271412 -1.550111 0.867491
Car -1 -1 -10 -5.000000 205.000000 221.000000 370.000000 1.546770 1.632409 3.803022 -3.093528 1.605861 2.838514 -1.608897 0.828008
Car -1 -1 -10 333.000000 183.000000 416.000000 228.000000 1.543974 1.639970 3.872697 -7.640872 1.473724 24.335147 -1.474498 0.314337
Car -1 -1 -10 448.000000 179.000000 494.000000 210.000000 1.565580 1.616711 4.000402 -7.944796 1.220951 42.848442 -1.649789 0.139562
Car -1 -1 -10 298.000000 182.000000 364.000000 218.000000 1.537375 1.612609 3.815836 -12.767831 1.056771 32.268671 1.292288 0.015339
Car -1 -1 -10 425.000000 180.000000 493.000000 225.000000 1.565222 1.595204 3.815936 -3.973774 1.210039 17.458380 1.788068 0.010093
