Pedestrian -1 -1 -10 310.000000 176.000000 322.000000 213.000000 1.727476 0.542680 0.749292 -14.264134 1.628642 34.800059 0.327493 0.292343
Pedestrian -1 -1 -10 303.000000 178.000000 313.000000 216.000000 1.708520 0.590402 0.734826 -14.358518 1.777124 34.164642 0.720750 0.123514
Pedestrian -1 -1 -10 520.000000 167.000000 530.000000 194.000000 1.657930 0.575652 0.581227 -2.038338 1.472240 19.408713 2.379685 0.067675
Pedestrian -1 -1 -10 430.000000 166.000000 448.000000 209.000000 1.716735 0.616861 0.727517 -6.865966 0.760628 29.384763 -1.266430 0.049103
Pedestrian -1 -1 -10 495.000000 166.000000 504.000000 199.000000 1.711018 0.548255 0.588112 -4.766619 0.792266 31.444665 2.431774 0.013689
Pedestrian -1 -1 -10 300.000000 176.000000 327.000000 214.000000 1.757821 0.660940 0.875979 -14.276975 1.639405 34.511347 0.336712 0.012096
Car -1 -1 -10 473.000000 175.000000 536.000000 219.000000 1.468255 1.599227 3.720517 -3.514731 1.284341 25.239782 -1.598283 0.999244
Car -1 -1 -10 967.000000 151.000000 1064.000000 181.000000 1.713050 1.689250 4.080780 23.729051 0.067413 41.560072 -0.040771 0.033586
Car -1 -1 -10 1062.000000 147.000000 1143.000000 173.000000 1.563565 1.607328 3.841398 28.799829 -0.115597 40.573877 3.258606 0.016677
Cyclist -1 -1 -10 695.000000 158.000000 740.000000 200.000000 1.720450 0.720720 1.832558 5.228217 0.796319 33.554605 0.152455 0.997384
Cyclist -1 -1 -10 600.000000 166.000000 634.000000 196.000000 1.672112 0.683164 1.827041 0.539603 0.766061 40.858764 2.988187 0.996576
Cyclist -1 -1 -10 325.000000 172.000000 370.000000 223.000000 1.771278 0.517725 1.769630 -9.726063 1.516225 26.502156 -1.300681 0.985995
