Pedestrian -1 -1 -10 492.000000 172.000000 504.000000 212.000000 1.730184 0.669762 0.656313 -4.866666 1.418468 30.014678 -1.242454 0.041123
Pedestrian -1 -1 -10 536.000000 173.000000 550.000000 206.000000 1.715634 0.591288 0.790165 -3.609461 1.738485 38.062856 1.032438 0.034563
Pedestrian -1 -1 -10 490.000000 172.000000 514.000000 228.000000 1.722703 0.697088 0.697881 -3.483062 1.827354 23.479323 1.491521 0.022179
Pedestrian -1 -1 -10 515.000000 172.000000 536.000000 224.000000 1.715329 0.658150 0.712092 -2.787522 1.794657 23.961890 1.473758 0.017668
Pedestrian -1 -1 -10 498.000000 174.000000 509.000000 214.000000 1.641860 0.568007 0.581996 -2.838025 1.602315 20.749631 2.333323 0.013814
Pedestrian -1 -1 -10 699.000000 163.000000 713.000000 207.000000 1.818957 0.626591 0.908313 4.348058 1.535047 32.889910 -1.506312 0.011874
Car -1 -1 -10 737.000000 169.000000 996.000000 348.000000 1.611692 1.636692 3.749804 2.622747 1.653523 8.389095 -1.579223 0.999526
Car -1 -1 -10 191.000000 185.000000 389.000000 305.000000 1.592812 1.610620 3.889151 -4.955859 1.819129 11.793178 1.570783 0.999353
Car -1 -1 -10 440.000000 183.000000 502.000000 226.000000 1.459335 1.610593 3.982539 -5.299752 1.852819 27.582426 1.549937 0.993308
Car -1 -1 -10 777.000000 176.000000 850.000000 225.000000 1.662239 1.496255 3.417238 8.110142 1.360616 28.301147 -1.362037 0.028769
Car -1 -1 -10 460.000000 177.000000 501.000000 214.000000 1.488963 1.570917 3.674631 -8.865688 1.363428 41.098528 1.813637 0.019135
Cyclist -1 -1 -10 515.000000 171.000000 539.000000 228.000000 1.747051 0.641594 1.770439 -2.807781 1.795729 23.980721 1.597113 0.999647
Cyclist -1 -1 -10 489.000000 173.000000 516.000000 232.000000 1.727395 0.592367 1.776459 -3.502923 1.799931 23.313369 1.614460 0.997986
Cyclist -1 -1 -10 444.000000 181.000000 506.000000 226.000000 1.669766 0.586354 1.685521 -5.079046 1.986172 26.523802 2.392550 0.719267
Cyclist -1 -1 -10 493.000000 174.000000 504.000000 211.000000 1.697190 0.509234 1.372873 -2.458307 0.743548 15.244326 0.853996 0.087457
Cyclist -1 -1 -10 519.000000 175.000000 546.000000 209.000000 1.775914 0.625952 1.739124 -3.675074 1.725561 37.917217 0.945861 0.045288
Cyclist -1 -1 -10 533.000000 173.000000 550.000000 205.000000 1.733304 0.574073 1.759091 -3.625354 1.792445 38.063312 1.523127 0.012514
Cyclist -1 -1 -10 482.000000 179.000000 507.000000 214.000000 1.699284 0.638300 1.599533 -3.677108 1.637781 24.297425 0.860566 0.011240
