Car -1 -1 -10 615.000000 194.000000 779.000000 291.000000 1.430615 1.615370 3.880736 1.260978 1.828102 12.315152 -1.813965 0.999812
Car -1 -1 -10 329.000000 189.000000 374.000000 220.000000 1.572849 1.644576 4.016472 -14.318380 2.607307 40.266816 1.238042 0.999220
Car -1 -1 -10 510.000000 188.000000 567.000000 228.000000 1.458439 1.649504 3.881060 -2.856339 2.020020 27.106053 -1.783220 0.998960
Car -1 -1 -10 21.000000 209.000000 232.000000 331.000000 1.454288 1.569996 3.850989 -7.152249 2.084121 11.048935 1.265993 0.985784
Car -1 -1 -10 498.000000 186.000000 545.000000 219.000000 1.535606 1.612811 3.847713 -4.062187 2.073594 32.577259 -1.787511 0.983886
Car -1 -1 -10 119.000000 196.000000 198.000000 223.000000 1.553312 1.591715 3.716799 -20.788520 2.195105 32.186958 -2.882602 0.938032
Car -1 -1 -10 -3.000000 223.000000 147.000000 368.000000 1.458156 1.602312 3.739317 -5.647098 2.014708 6.347443 1.295110 0.900488
Car -1 -1 -10 690.000000 170.000000 806.000000 217.000000 1.576253 1.617902 4.128666 5.429674 1.454613 27.888244 -2.799299 0.778506
Car -1 -1 -10 347.000000 189.000000 382.000000 215.000000 1.564120 1.631118 3.858777 -14.495105 2.367610 40.920510 1.335940 0.646519
Car -1 -1 -10 816.000000 124.000000 1235.000000 378.000000 1.895425 1.649200 4.078981 3.206642 1.660715 4.870790 -1.787490 0.237886
Car -1 -1 -10 638.000000 178.000000 733.000000 211.000000 1.539244 1.605892 4.043828 3.417698 1.676214 34.022356 -2.681533 0.214422
Cyclist -1 -1 -10 118.000000 196.000000 199.000000 229.000000 1.657779 0.486697 1.528369 -19.287218 2.691200 31.133439 0.505863 0.033324
