Pedestrian -1 -1 -10 918.000000 151.000000 982.000000 289.000000 1.757333 0.610986 0.814233 4.348402 1.363626 9.141109 1.159841 0.993529
Pedestrian -1 -1 -10 48.000000 188.000000 111.000000 328.000000 1.742101 0.747058 0.757735 -6.418814 1.599850 8.765364 -2.507164 0.911707
Pedestrian -1 -1 -10 515.000000 175.000000 536.000000 229.000000 1.732870 0.680597 1.029680 -2.582638 1.457001 23.788717 -1.720904 0.658982
Pedestrian -1 -1 -10 661.000000 175.000000 679.000000 226.000000 1.751480 0.634284 0.865391 2.359830 1.420088 24.892665 -1.478420 0.180104
Pedestrian -1 -1 -10 640.000000 173.000000 661.000000 227.000000 1.710148 0.667627 0.884826 1.707076 1.470160 24.835438 -1.828590 0.173488
Pedestrian -1 -1 -10 873.000000 176.000000 908.000000 250.000000 1.625756 0.680542 0.775219 5.709349 1.539675 13.960268 -1.609771 0.106769
Pedestrian -1 -1 -10 22.000000 192.000000 162.000000 349.000000 1.718951 0.730620 0.644392 -5.863189 1.702024 8.177682 -2.645587 0.037367
Pedestrian -1 -1 -10 893.000000 160.000000 960.000000 278.000000 1.739697 0.621639 0.653726 4.461366 1.282714 9.548229 1.531707 0.029605
Pedestrian -1 -1 -10 860.000000 164.000000 955.000000 347.000000 1.683280 0.612588 0.624024 3.398932 1.908302 8.111328 2.926022 0.020433
Pedestrian -1 -1 -10 795.000000 182.000000 971.000000 369.000000 1.781553 0.655988 0.824099 1.723402 2.043148 5.214430 -1.021922 0.010741
Car -1 -1 -10 5.000000 197.000000 424.000000 374.000000 1.540974 1.640302 3.987712 -2.951327 1.714853 5.353059 1.653718 0.995520
Car -1 -1 -10 229.000000 206.000000 408.000000 278.000000 1.534502 1.543569 3.757821 -5.311609 1.980737 13.675581 0.626623 0.037186
Car -1 -1 -10 22.000000 192.000000 162.000000 349.000000 1.496871 1.567388 3.910730 -3.364815 1.532163 5.351065 1.377248 0.031250
Cyclist -1 -1 -10 866.000000 175.000000 906.000000 250.000000 1.646574 0.549089 1.663472 5.645538 1.501715 14.116038 -1.669364 0.116157
Cyclist -1 -1 -10 771.000000 195.000000 861.000000 342.000000 1.693427 0.523224 1.705028 2.478777 1.695766 8.227407 1.994892 0.105472
Cyclist -1 -1 -10 781.000000 209.000000 838.000000 309.000000 1.698870 0.488783 1.515674 3.959823 1.447467 12.247115 -0.631419 0.025198
Cyclist -1 -1 -10 21.000000 198.000000 137.000000 325.000000 1.685491 0.650334 1.647411 -6.680052 1.703063 8.817853 -1.584756 0.021221
Cyclist -1 -1 -10 640.000000 173.000000 661.000000 226.000000 1.823323 0.656115 1.759918 1.616441 1.543408 24.777138 1.588214 0.018713
Cyclist -1 -1 -10 842.000000 170.000000 921.000000 267.000000 1.708670 0.630830 1.684946 5.706978 1.496450 14.069263 -1.582067 0.015025
Cyclist -1 -1 -10 804.000000 178.000000 968.000000 369.000000 1.722771 0.734941 1.742283 1.947714 1.921917 5.099982 -2.424414 0.013734
