Car -1 -1 -10 672.000000 181.000000 748.000000 237.000000 1.456825 1.618438 3.765314 2.757202 1.716778 20.804307 -1.594474 0.999506
Car -1 -1 -10 755.000000 187.000000 1009.000000 357.000000 1.507564 1.621203 3.861108 2.923474 1.730293 8.684413 -1.592023 0.999181
Car -1 -1 -10 48.000000 172.000000 369.000000 286.000000 1.594217 1.639346 3.927145 -6.403251 1.543242 11.557069 -3.103205 0.996707
Car -1 -1 -10 276.000000 174.000000 449.000000 239.000000 1.562227 1.641794 4.107194 -6.423880 1.610198 19.316707 0.086581 0.962995
Car -1 -1 -10 651.000000 174.000000 697.000000 214.000000 1.593893 1.646631 4.003167 2.721956 1.704712 31.686935 -1.584122 0.958388
Car -1 -1 -10 -6.000000 165.000000 263.000000 336.000000 1.682372 1.677286 4.005344 -5.557675 1.670392 7.730823 -1.514412 0.864772
Car -1 -1 -10 917.000000 224.000000 1253.000000 375.000000 1.503197 1.629355 3.810905 2.890789 1.761353 3.026126 -1.615427 0.826362
Car -1 -1 -10 424.000000 177.000000 518.000000 214.000000 1.557132 1.598251 3.655158 -6.027711 1.585678 31.780751 -3.203625 0.686506
Car -1 -1 -10 320.000000 170.000000 498.000000 223.000000 1.721419 1.721718 4.099196 -6.393922 1.604116 24.040246 -3.218883 0.399067
Car -1 -1 -10 221.000000 177.000000 388.000000 250.000000 1.517350 1.544769 3.393976 -4.902644 1.332973 15.578566 0.587189 0.295749
