Car -1 -1 -10 396.000000 183.000000 493.000000 245.000000 1.510280 1.595409 3.768818 -4.373309 1.855238 19.632186 1.577943 0.999563
Car -1 -1 -10 804.000000 182.000000 1056.000000 328.000000 1.557484 1.596421 3.891909 3.999328 1.709261 9.689050 -1.611925 0.999444
Car -1 -1 -10 453.000000 182.000000 524.000000 228.000000 1.553245 1.551656 3.637509 -4.130922 1.871434 25.384692 1.613177 0.997273
Car -1 -1 -10 751.000000 182.000000 883.000000 266.000000 1.468790 1.611958 3.807104 3.922260 1.682593 14.650899 -1.517969 0.996940
Car -1 -1 -10 722.000000 180.000000 807.000000 238.000000 1.525450 1.616943 3.813491 4.072607 1.743989 20.256789 -1.516601 0.996566
Car -1 -1 -10 697.000000 178.000000 759.000000 223.000000 1.503371 1.611562 3.951694 4.103918 1.733211 25.361483 -1.570966 0.991831
Car -1 -1 -10 993.000000 195.000000 1236.000000 372.000000 1.491377 1.630106 3.916884 3.718917 1.808079 3.425467 -1.556338 0.958629
Car -1 -1 -10 493.000000 182.000000 541.000000 217.000000 1.453975 1.577521 3.841057 -3.996136 1.844015 30.667491 1.627669 0.958409
Car -1 -1 -10 690.000000 177.000000 734.000000 213.000000 1.685458 1.652135 4.029462 5.249047 2.021152 35.818202 -1.511505 0.782885
Cyclist -1 -1 -10 1002.000000 197.000000 1238.000000 360.000000 1.692487 0.688427 1.921708 3.244995 1.972066 4.285043 -1.561490 0.010294
