Car -1 -1 -10 626.000000 212.000000 884.000000 363.000000 1.488462 1.636871 3.868065 1.478655 1.988853 9.004003 -1.836547 0.998974
Car -1 -1 -10 179.000000 216.000000 304.000000 307.000000 1.498839 1.533015 3.613334 -7.237446 2.358545 14.228869 1.284615 0.998092
Car -1 -1 -10 565.000000 204.000000 702.000000 297.000000 1.440950 1.611698 3.845564 0.126673 2.030641 13.610489 -1.849522 0.996001
Car -1 -1 -10 509.000000 194.000000 602.000000 267.000000 1.617820 1.638824 3.720329 -1.637838 2.166012 18.497902 -1.849398 0.995267
Car -1 -1 -10 284.000000 195.000000 355.000000 254.000000 1.665461 1.670882 3.962828 -10.222840 2.539694 25.114525 -1.929773 0.990651
Car -1 -1 -10 776.000000 206.000000 1248.000000 378.000000 1.477786 1.567569 3.809763 2.491669 1.760088 4.010276 1.375602 0.978705
Car -1 -1 -10 467.000000 200.000000 516.000000 240.000000 1.458819 1.596522 3.839637 -5.137734 2.653749 30.585821 -1.845904 0.970999
Car -1 -1 -10 -11.000000 222.000000 241.000000 373.000000 1.475522 1.603750 3.924202 -5.349714 2.078179 7.712797 1.289709 0.951346
Car -1 -1 -10 487.000000 197.000000 551.000000 250.000000 1.463659 1.583209 3.662814 -3.601318 2.147342 25.490418 1.990788 0.925032
Car -1 -1 -10 345.000000 201.000000 378.000000 226.000000 1.534645 1.612145 3.936983 -16.145821 3.366337 45.812699 1.342162 0.908820
