Pedestrian -1 -1 -10 333.000000 163.000000 365.000000 254.000000 1.730432 0.676247 0.695377 -4.525705 1.532382 12.530536 -1.586732 0.925305
Pedestrian -1 -1 -10 368.000000 169.000000 405.000000 258.000000 1.706239 0.672707 0.677251 -4.869839 1.472411 15.524851 -1.449561 0.896207
Pedestrian -1 -1 -10 968.000000 97.000000 1038.000000 339.000000 1.743026 0.654129 0.659583 2.915614 1.911208 5.342956 -1.561563 0.221934
Pedestrian -1 -1 -10 314.000000 165.000000 385.000000 266.000000 1.726385 0.676620 0.692223 -4.518535 1.534297 12.541712 -1.588885 0.212339
Pedestrian -1 -1 -10 280.000000 177.000000 451.000000 282.000000 1.771851 0.748150 0.954956 -4.154152 1.517705 12.568865 -2.331250 0.131517
Pedestrian -1 -1 -10 354.000000 168.000000 387.000000 258.000000 1.732577 0.631987 0.681412 -5.264069 1.418460 15.630655 2.272479 0.079933
Pedestrian -1 -1 -10 367.000000 173.000000 450.000000 258.000000 1.682718 0.629993 0.650123 -4.473179 1.304873 15.153679 -1.370489 0.060761
Pedestrian -1 -1 -10 384.000000 168.000000 420.000000 260.000000 1.725956 0.621287 0.702801 -4.964553 1.172662 16.555536 0.346243 0.010419
Car -1 -1 -10 660.000000 179.000000 726.000000 229.000000 1.412156 1.614582 3.773609 2.524869 1.592848 22.840538 -1.587158 0.998980
Car -1 -1 -10 750.000000 185.000000 1086.000000 377.000000 1.485987 1.636247 3.909775 2.580866 1.674728 7.225556 -1.584958 0.998827
Car -1 -1 -10 264.000000 187.000000 505.000000 331.000000 1.474983 1.624248 4.016659 -2.745981 1.646136 9.402609 -1.532121 0.993588
Car -1 -1 -10 536.000000 177.000000 573.000000 211.000000 1.564920 1.644483 4.163454 -2.909815 1.833272 36.878161 -1.673646 0.991726
Car -1 -1 -10 935.000000 165.000000 1244.000000 378.000000 1.497876 1.626661 3.811835 2.262754 1.525969 1.650630 -1.574176 0.959606
Car -1 -1 -10 5.000000 185.000000 398.000000 373.000000 1.616273 1.600641 3.971651 -2.598412 1.711321 4.275115 -1.628712 0.959328
Car -1 -1 -10 641.000000 178.000000 688.000000 210.000000 1.496344 1.633498 3.911616 2.569694 1.767611 35.505799 -1.655965 0.956100
Car -1 -1 -10 374.000000 184.000000 495.000000 248.000000 1.565666 1.625433 3.856210 -3.417619 1.725218 13.857981 -1.516266 0.722451
Car -1 -1 -10 634.000000 178.000000 666.000000 205.000000 1.514671 1.535447 3.247762 1.640580 1.928629 40.131918 -0.842626 0.311663
Car -1 -1 -10 1096.000000 160.000000 1228.000000 375.000000 1.523198 1.586770 3.710539 2.251456 1.259730 0.903454 1.568674 0.044476
Car -1 -1 -10 280.000000 177.000000 451.000000 282.000000 1.669490 1.641685 4.081173 -4.636630 1.605009 13.456022 -0.292474 0.027793
Car -1 -1 -10 362.000000 171.000000 435.000000 261.000000 1.481512 1.571728 3.756489 -4.237810 0.863804 15.982363 -2.252737 0.014598
Cyclist -1 -1 -10 336.000000 182.000000 497.000000 248.000000 1.670424 0.739173 1.793396 -3.969274 1.589011 15.043890 -0.202183 0.119522
Cyclist -1 -1 -10 265.000000 188.000000 500.000000 317.000000 1.633213 0.696757 1.810624 -2.270869 1.747540 8.392929 -1.393230 0.055787
Cyclist -1 -1 -10 360.000000 171.000000 422.000000 261.000000 1.633295 0.533062 1.633552 -4.911622 1.219892 15.559530 2.764260 0.036975
Cyclist -1 -1 -10 952.000000 168.000000 1217.000000 372.000000 1.640586 0.578255 1.673400 1.836386 1.561976 2.172260 1.586995 0.012378
Cyclist -1 -1 -10 291.000000 175.000000 422.000000 295.000000 1.707316 0.798103 1.709937 -4.285971 1.350158 12.698820 -2.512229 0.012179
