Car -1 -1 -10 593.000000 176.000000 672.000000 250.000000 1.554476 1.646603 3.730241 0.583921 1.403575 17.291026 -1.519057 0.999449
Car -1 -1 -10 250.000000 181.000000 438.000000 289.000000 1.502313 1.647431 4.141647 -4.395208 1.467216 12.531726 -1.578534 0.999355
Car -1 -1 -10 120.000000 181.000000 251.000000 237.000000 1.451741 1.615103 3.908799 -12.299331 1.414092 21.249431 -1.574929 0.999355
Car -1 -1 -10 -1.000000 190.000000 170.000000 370.000000 1.476663 1.622847 3.846574 -4.458561 1.774266 4.186755 -1.579226 0.468526
Car -1 -1 -10 632.000000 180.000000 675.000000 212.000000 1.471852 1.583090 3.661605 2.862514 1.246592 40.049375 -1.436228 0.391496
Car -1 -1 -10 1.000000 175.000000 92.000000 213.000000 1.497174 1.590071 3.728048 -29.792941 1.069348 38.798706 1.566748 0.093228
Car -1 -1 -10 256.000000 164.000000 351.000000 214.000000 1.755000 1.713925 3.981776 -11.639307 1.130490 27.874986 -1.628574 0.068817
Car -1 -1 -10 618.000000 168.000000 652.000000 199.000000 1.524240 1.504203 3.205061 2.335444 0.808306 39.754338 1.620835 0.051986
Car -1 -1 -10 0.000000 179.000000 123.000000 261.000000 1.443707 1.584938 3.781953 -8.206121 1.431910 9.431032 -1.570139 0.022690
Car -1 -1 -10 297.000000 180.000000 350.000000 208.000000 1.521221 1.584967 3.908019 -12.166803 0.777883 29.124211 1.587709 0.017914
