Pedestrian -1 -1 -10 704.000000 169.000000 711.000000 221.000000 1.672131 0.584877 0.580136 3.142301 1.971126 20.959577 -1.412870 0.016486
Pedestrian -1 -1 -10 693.000000 174.000000 709.000000 220.000000 1.758189 0.575170 0.852402 4.826422 1.506863 36.482885 -1.933228 0.013867
Car -1 -1 -10 538.000000 187.000000 572.000000 215.000000 1.531232 1.633110 4.000348 -3.365363 2.526411 43.446293 1.526700 0.999031
Car -1 -1 -10 460.000000 194.000000 536.000000 255.000000 1.513902 1.561395 3.644841 -2.817764 2.084392 19.116463 1.567764 0.998999
Car -1 -1 -10 665.000000 184.000000 749.000000 249.000000 1.591613 1.641506 3.631674 2.415931 1.907213 19.433098 -1.583815 0.998543
Car -1 -1 -10 -1.000000 199.000000 394.000000 374.000000 1.516012 1.599715 3.824262 -2.763102 1.748437 4.202478 1.555857 0.992079
Car -1 -1 -10 817.000000 186.000000 1245.000000 374.000000 1.604239 1.586733 3.673720 2.802689 1.783165 5.159270 1.517720 0.954182
Car -1 -1 -10 650.000000 181.000000 703.000000 233.000000 1.672141 1.623322 3.857725 2.528224 2.022385 28.426745 -1.591888 0.946514
Car -1 -1 -10 639.000000 178.000000 672.000000 218.000000 1.636640 1.631674 3.758404 2.683333 2.194480 42.758800 -0.961081 0.521235
Car -1 -1 -10 631.000000 182.000000 657.000000 210.000000 1.606311 1.618802 3.866314 2.610316 2.158336 43.593255 -1.634166 0.018160
Cyclist -1 -1 -10 783.000000 190.000000 817.000000 254.000000 1.643315 0.458230 1.699426 4.176058 1.928339 16.102341 -1.697172 0.997046
Cyclist -1 -1 -10 694.000000 172.000000 710.000000 220.000000 1.676224 0.538476 1.611995 4.907875 1.335163 36.138205 1.192428 0.011537
