Pedestrian -1 -1 -10 446.000000 156.000000 523.000000 321.000000 1.714423 0.688249 0.858727 -1.312018 1.423304 7.892857 1.552215 0.995918
Pedestrian -1 -1 -10 941.000000 130.000000 1121.000000 374.000000 1.676600 0.687300 0.899228 2.277732 1.273450 3.877455 -1.565789 0.995367
Pedestrian -1 -1 -10 1098.000000 182.000000 1215.000000 363.000000 1.656205 0.723874 0.587146 4.071265 1.665781 5.362427 3.400733 0.944830
Pedestrian -1 -1 -10 473.000000 156.000000 532.000000 260.000000 1.753148 0.619961 0.819076 -1.799902 1.322797 11.794711 0.970543 0.172330
Pedestrian -1 -1 -10 750.000000 146.000000 764.000000 198.000000 1.700832 0.609974 0.688590 5.816595 0.493333 26.976763 -1.493730 0.159753
Pedestrian -1 -1 -10 1049.000000 170.000000 1148.000000 368.000000 1.736629 0.624392 0.707585 4.016351 1.720935 5.609997 1.154949 0.157118
Pedestrian -1 -1 -10 566.000000 156.000000 574.000000 186.000000 1.831958 0.679505 0.866252 -2.113650 0.196452 49.791125 1.567526 0.091461
Pedestrian -1 -1 -10 1006.000000 164.000000 1115.000000 343.000000 1.724181 0.627700 0.694379 4.293853 1.668914 6.616131 3.085036 0.069268
Pedestrian -1 -1 -10 1052.000000 181.000000 1101.000000 334.000000 1.709610 0.520864 0.602685 7.805749 1.581892 11.158310 3.592310 0.059607
Pedestrian -1 -1 -10 498.000000 164.000000 530.000000 248.000000 1.706564 0.723105 0.682541 -1.619202 1.354501 13.886606 1.440658 0.044890
Pedestrian -1 -1 -10 944.000000 154.000000 1037.000000 352.000000 1.739126 0.649251 0.688175 2.952807 1.624105 5.773121 0.635330 0.022319
Pedestrian -1 -1 -10 947.000000 170.000000 990.000000 318.000000 1.710088 0.521720 0.594562 4.482038 1.528455 7.988329 3.462103 0.019274
Pedestrian -1 -1 -10 364.000000 140.000000 519.000000 301.000000 1.753847 0.736696 0.950115 -2.108824 1.415142 8.143109 2.469151 0.010247
Car -1 -1 -10 249.000000 139.000000 537.000000 315.000000 1.895691 1.745237 4.318023 -2.521778 1.281410 9.771238 1.651207 0.729032
Car -1 -1 -10 455.000000 157.000000 561.000000 245.000000 1.645654 1.644509 4.112541 -1.969066 1.066589 15.903786 1.651991 0.150975
Car -1 -1 -10 432.000000 152.000000 526.000000 312.000000 1.697235 1.655750 3.867138 -0.918391 1.342971 9.000009 -1.859130 0.070328
Car -1 -1 -10 363.000000 149.000000 533.000000 269.000000 1.700340 1.676683 3.942219 -2.470102 1.164210 10.346436 0.878023 0.025612
Cyclist -1 -1 -10 1049.000000 170.000000 1148.000000 368.000000 1.759380 0.582071 1.544985 3.352615 1.340236 4.894062 1.573391 0.040709
Cyclist -1 -1 -10 1092.000000 186.000000 1220.000000 361.000000 1.635318 0.520773 1.692879 3.965718 1.493136 5.455814 1.774119 0.029322
Cyclist -1 -1 -10 941.000000 147.000000 1128.000000 370.000000 1.689926 0.585757 1.673149 2.166140 1.223807 4.043513 3.637155 0.010116
