Pedestrian -1 -1 -10 832.000000 157.000000 858.000000 214.000000 1.700242 0.531782 0.580928 4.519582 1.364146 13.169488 3.311549 0.059890
Pedestrian -1 -1 -10 846.000000 151.000000 868.000000 219.000000 1.708264 0.535413 0.591677 4.358873 1.291216 12.034032 3.317483 0.030221
Car -1 -1 -10 644.000000 176.000000 690.000000 214.000000 1.435727 1.632867 3.960073 2.281402 1.658581 30.794232 -1.598923 0.999352
Car -1 -1 -10 147.000000 191.000000 421.000000 350.000000 1.502838 1.645871 4.093590 -3.740252 1.812403 9.183828 1.554021 0.995525
Car -1 -1 -10 377.000000 187.000000 485.000000 260.000000 1.489419 1.537695 3.623039 -4.004382 1.859846 16.860218 1.557579 0.995239
Car -1 -1 -10 771.000000 158.000000 929.000000 213.000000 1.586494 1.645809 4.160025 7.955441 1.291498 23.952109 3.068109 0.989880
Car -1 -1 -10 -2.000000 208.000000 254.000000 354.000000 1.504011 1.596880 3.840405 -6.686137 1.962890 9.517099 1.572393 0.944573
Car -1 -1 -10 440.000000 180.000000 493.000000 222.000000 1.612070 1.606844 3.966716 -6.885366 1.883995 34.944367 1.547719 0.323258
Car -1 -1 -10 733.000000 162.000000 831.000000 199.000000 1.508292 1.613927 4.103221 7.817509 1.347283 32.811474 0.097036 0.192914
Car -1 -1 -10 371.000000 187.000000 449.000000 230.000000 1.455343 1.586405 3.788782 -6.592096 2.044466 23.986573 1.816605 0.068399
Car -1 -1 -10 924.000000 152.000000 1008.000000 178.000000 1.559482 1.615556 3.763637 21.044547 0.176314 43.522768 1.680580 0.038260
