Pedestrian -1 -1 -10 814.000000 178.000000 824.000000 223.000000 1.748737 0.601936 0.736086 12.757768 1.782881 43.519588 1.449097 0.052003
Pedestrian -1 -1 -10 810.000000 183.000000 828.000000 230.000000 1.702840 0.606251 0.722398 4.684029 1.514607 15.914453 -1.866765 0.013151
Car -1 -1 -10 477.000000 187.000000 539.000000 228.000000 1.484611 1.602150 3.722716 -3.925083 2.058399 28.012990 1.590921 0.999372
Car -1 -1 -10 778.000000 192.000000 965.000000 300.000000 1.477460 1.649157 3.857480 3.975690 1.865059 12.045725 -1.539392 0.997184
Car -1 -1 -10 734.000000 184.000000 848.000000 253.000000 1.550350 1.599027 3.570946 4.213641 1.838575 17.881425 -1.629441 0.994210
Car -1 -1 -10 716.000000 185.000000 783.000000 236.000000 1.502135 1.626041 3.912497 4.328713 1.941408 23.067572 -1.511351 0.991249
Car -1 -1 -10 701.000000 183.000000 752.000000 224.000000 1.527997 1.592196 3.847758 4.618629 2.013896 28.624508 -1.524940 0.982068
Car -1 -1 -10 511.000000 186.000000 557.000000 220.000000 1.605567 1.614073 3.845535 -3.777248 2.224558 32.816187 1.614134 0.915224
Car -1 -1 -10 689.000000 183.000000 732.000000 216.000000 1.587918 1.640301 4.018771 4.795266 1.973983 33.733635 -1.516475 0.893747
Car -1 -1 -10 870.000000 167.000000 1240.000000 366.000000 1.613012 1.662056 4.137103 3.969302 1.613611 6.232981 -1.520800 0.706395
Car -1 -1 -10 534.000000 187.000000 570.000000 214.000000 1.541377 1.608819 3.924515 -3.259702 2.272209 38.946624 1.646461 0.249838
