Car -1 -1 -10 531.000000 166.000000 601.000000 226.000000 1.798651 1.686569 4.078485 -1.413462 1.622991 24.068440 1.660944 0.999045
Car -1 -1 -10 712.000000 169.000000 776.000000 229.000000 1.717417 1.675893 3.765503 4.187644 1.681568 23.232004 -1.516711 0.997650
Car -1 -1 -10 367.000000 175.000000 510.000000 229.000000 1.463477 1.628137 4.036147 -4.880893 1.540872 20.118035 -0.022408 0.995202
Car -1 -1 -10 829.000000 201.000000 1237.000000 373.000000 1.446568 1.622361 3.994069 2.930789 1.749517 5.287221 1.598254 0.991099
Car -1 -1 -10 581.000000 171.000000 626.000000 211.000000 1.567017 1.614341 3.957523 -0.357350 1.657965 32.541160 1.647506 0.988811
Car -1 -1 -10 596.000000 166.000000 640.000000 202.000000 1.594043 1.544452 3.607951 0.277541 1.416716 38.676033 1.682920 0.606306
Car -1 -1 -10 613.000000 169.000000 647.000000 197.000000 1.538459 1.616444 3.918865 0.872658 1.594369 43.675228 1.699877 0.071634
Car -1 -1 -10 902.000000 208.000000 1183.000000 306.000000 1.492756 1.531457 3.235095 7.528403 2.084592 11.682729 2.634580 0.014296
Cyclist -1 -1 -10 884.000000 201.000000 935.000000 250.000000 1.697253 0.645509 1.662791 6.658271 1.909489 15.759049 -0.595201 0.022348
Cyclist -1 -1 -10 884.000000 201.000000 905.000000 250.000000 1.697097 0.652086 1.707573 6.153289 1.916632 15.827948 0.858896 0.019467
