Car -1 -1 -10 367.000000 196.000000 492.000000 263.000000 1.399622 1.604664 3.920029 -4.351435 1.971459 16.795553 -2.171292 0.999496
Car -1 -1 -10 256.000000 188.000000 317.000000 226.000000 1.491346 1.629976 3.851256 -13.259154 2.032467 29.195613 -2.149116 0.999257
Car -1 -1 -10 30.000000 189.000000 88.000000 224.000000 1.508294 1.631905 3.736981 -28.713984 2.462833 37.275902 0.951492 0.997611
Car -1 -1 -10 858.000000 172.000000 980.000000 236.000000 1.502377 1.661118 4.070235 7.144637 1.415718 17.021225 1.804713 0.997369
Car -1 -1 -10 237.000000 187.000000 289.000000 220.000000 1.503985 1.578145 3.695108 -16.452638 2.103495 33.756726 -2.145587 0.980324
Car -1 -1 -10 758.000000 172.000000 846.000000 232.000000 1.462964 1.585478 3.721530 4.977371 1.392679 18.490179 1.738039 0.968041
Car -1 -1 -10 437.000000 175.000000 529.000000 211.000000 1.535415 1.613867 3.856953 -5.801984 1.681951 32.960979 -3.089729 0.863870
Car -1 -1 -10 491.000000 158.000000 801.000000 324.000000 2.006001 1.734729 4.154322 0.173770 1.899807 10.408525 -2.169293 0.491197
Car -1 -1 -10 384.000000 180.000000 470.000000 212.000000 1.565684 1.637153 3.972477 -9.835075 1.855101 37.752109 -3.231860 0.222961
Car -1 -1 -10 934.000000 162.000000 1130.000000 225.000000 1.517550 1.646639 4.016838 11.295196 1.291932 19.721259 0.585388 0.204243
Car -1 -1 -10 61.000000 189.000000 99.000000 216.000000 1.513258 1.455048 2.960346 -30.376584 2.497308 39.298623 -2.871037 0.138829
Car -1 -1 -10 815.000000 172.000000 892.000000 221.000000 1.621228 1.676306 3.937774 9.708329 1.447166 28.420200 1.354891 0.067088
