Pedestrian -1 -1 -10 245.000000 182.000000 263.000000 216.000000 1.613822 0.573613 0.604869 -7.669877 1.789478 16.092939 1.702067 0.749109
Pedestrian -1 -1 -10 270.000000 181.000000 284.000000 215.000000 1.789837 0.637422 0.621266 -18.752730 2.482983 40.840739 -1.900917 0.510720
Pedestrian -1 -1 -10 258.000000 182.000000 289.000000 218.000000 1.683279 0.612588 0.624023 -16.223131 1.943558 33.717757 2.086203 0.028683
Pedestrian -1 -1 -10 244.000000 183.000000 278.000000 220.000000 1.756894 0.704184 0.708060 -16.070664 2.520013 32.727972 -0.291084 0.019979
Pedestrian -1 -1 -10 226.000000 189.000000 287.000000 228.000000 1.708860 0.758355 0.846813 -15.829638 2.842947 32.119219 -2.480810 0.016219
Car -1 -1 -10 596.000000 173.000000 631.000000 203.000000 1.561796 1.677862 4.102428 0.261817 1.654839 43.428116 -1.597467 0.999285
Car -1 -1 -10 85.000000 196.000000 219.000000 258.000000 1.505674 1.563434 3.555463 -12.629938 2.249691 20.387293 1.560055 0.999235
Car -1 -1 -10 222.000000 193.000000 293.000000 229.000000 1.524209 1.565013 3.846200 -16.225124 2.499959 33.409959 1.528001 0.993668
Car -1 -1 -10 1.000000 202.000000 49.000000 264.000000 1.520605 1.601949 3.863206 -18.201284 2.538853 20.873274 -1.524161 0.011043
Car -1 -1 -10 248.000000 184.000000 291.000000 219.000000 1.507616 1.590140 3.937542 -16.324539 2.423466 33.665114 1.485640 0.010751
Cyclist -1 -1 -10 226.000000 189.000000 287.000000 228.000000 1.702737 0.716619 1.767185 -16.122643 2.706839 32.408023 2.224582 0.012750
Cyclist -1 -1 -10 268.000000 182.000000 288.000000 217.000000 1.743559 0.630704 1.690675 -18.919919 2.269754 41.244228 -2.011000 0.010903
