Pedestrian -1 -1 -10 211.000000 183.000000 260.000000 297.000000 1.766773 0.721160 0.885658 -5.756365 1.870508 11.224335 1.136554 0.988938
Pedestrian -1 -1 -10 155.000000 191.000000 197.000000 300.000000 1.756392 0.659233 0.646922 -6.498853 2.003270 11.020688 1.486661 0.962633
Pedestrian -1 -1 -10 564.000000 177.000000 572.000000 203.000000 1.711162 0.652227 0.718727 -3.052311 2.112943 52.303460 -1.551967 0.524858
Car -1 -1 -10 727.000000 183.000000 890.000000 302.000000 1.451901 1.583687 3.582881 2.687036 1.606962 10.690538 -1.592267 0.999735
Car -1 -1 -10 659.000000 176.000000 714.000000 221.000000 1.571368 1.607139 3.520340 2.669680 1.714545 26.261544 -1.596387 0.999281
Car -1 -1 -10 463.000000 183.000000 518.000000 225.000000 1.523972 1.601328 3.851886 -4.865175 1.965622 29.916108 1.554132 0.999223
Car -1 -1 -10 330.000000 180.000000 465.000000 272.000000 1.739910 1.638676 4.009682 -4.472548 1.917551 15.851250 -1.553350 0.998517
Car -1 -1 -10 0.000000 211.000000 322.000000 375.000000 1.485435 1.591784 3.702323 -4.197821 1.899926 6.865734 -1.619437 0.993583
Car -1 -1 -10 515.000000 182.000000 545.000000 208.000000 1.472659 1.593768 3.794085 -5.156685 2.129022 45.203256 1.441416 0.966345
Cyclist -1 -1 -10 575.000000 174.000000 586.000000 201.000000 1.824945 0.635347 1.840852 -2.275352 1.935517 52.943504 1.538396 0.168764
Cyclist -1 -1 -10 564.000000 177.000000 572.000000 202.000000 1.704671 0.564448 1.749165 -3.070171 2.049756 52.716058 -1.599735 0.130744
Cyclist -1 -1 -10 147.000000 193.000000 198.000000 307.000000 1.696341 0.673324 1.693203 -6.685437 1.739696 11.010349 1.636421 0.026401
Cyclist -1 -1 -10 209.000000 182.000000 257.000000 299.000000 1.700651 0.687739 1.718502 -5.819146 1.664034 11.225334 0.447836 0.011014
