Pedestrian -1 -1 -10 211.000000 177.000000 254.000000 286.000000 1.738097 0.634611 0.760501 -5.589404 1.609094 10.804115 0.042648 0.789537
Pedestrian -1 -1 -10 719.000000 169.000000 750.000000 258.000000 1.719952 0.617968 0.768028 2.227980 1.609418 12.953195 2.214358 0.511603
Pedestrian -1 -1 -10 755.000000 158.000000 801.000000 269.000000 1.773073 0.648297 0.825807 2.686639 1.529046 11.515553 0.803054 0.278432
Pedestrian -1 -1 -10 228.000000 178.000000 268.000000 290.000000 1.752466 0.646071 0.903351 -5.585907 1.709696 10.758321 0.120071 0.129368
Pedestrian -1 -1 -10 757.000000 165.000000 781.000000 255.000000 1.646180 0.526731 0.621835 2.518044 1.450287 11.256972 2.758225 0.046547
Pedestrian -1 -1 -10 724.000000 167.000000 777.000000 258.000000 1.736887 0.632906 0.879650 2.257068 1.664582 12.960261 -0.819554 0.045631
Pedestrian -1 -1 -10 751.000000 177.000000 770.000000 247.000000 1.715191 0.698738 0.479070 4.188272 1.913634 19.970155 -0.876688 0.019440
Pedestrian -1 -1 -10 778.000000 155.000000 800.000000 229.000000 1.690168 0.624385 0.667978 2.982949 1.179142 12.082150 2.842699 0.016838
Pedestrian -1 -1 -10 763.000000 166.000000 789.000000 232.000000 1.710301 0.526328 0.595162 3.514232 1.413638 13.994123 3.206850 0.016768
Pedestrian -1 -1 -10 753.000000 148.000000 840.000000 285.000000 1.860678 0.746576 0.978711 2.569676 1.516955 11.096249 2.932324 0.014297
Pedestrian -1 -1 -10 213.000000 191.000000 292.000000 271.000000 1.691668 0.555652 0.628136 -7.606901 1.689564 15.983169 2.068318 0.012485
Pedestrian -1 -1 -10 125.000000 184.000000 306.000000 296.000000 1.788991 0.629406 0.710229 -5.862357 1.678213 11.145989 -1.508391 0.012004
Car -1 -1 -10 598.000000 175.000000 626.000000 201.000000 1.582553 1.629659 4.124804 0.205160 1.820390 46.709067 -1.555786 0.998124
Car -1 -1 -10 1.000000 174.000000 377.000000 373.000000 1.530305 1.606528 3.843984 -2.703789 1.561084 3.647207 -1.596923 0.988350
Car -1 -1 -10 417.000000 184.000000 462.000000 212.000000 1.520347 1.596370 3.890321 -9.718837 2.211157 41.355930 1.542795 0.978460
Car -1 -1 -10 2.000000 166.000000 94.000000 204.000000 1.818437 1.665710 4.025001 -30.797524 1.735826 39.576987 -1.567398 0.103298
Car -1 -1 -10 125.000000 184.000000 306.000000 296.000000 1.505149 1.581966 3.558970 -2.855979 1.448008 3.651146 -1.518467 0.067158
Car -1 -1 -10 0.000000 165.000000 102.000000 249.000000 2.357912 1.762509 4.156173 -31.314346 2.771676 39.906004 -1.575107 0.012501
Cyclist -1 -1 -10 750.000000 148.000000 909.000000 291.000000 1.715573 0.726332 1.800900 2.669861 1.411832 9.729694 -2.359414 0.999818
Cyclist -1 -1 -10 746.000000 152.000000 830.000000 280.000000 1.815454 0.656760 1.772186 2.689258 1.478383 11.775281 -0.753593 0.950170
Cyclist -1 -1 -10 927.000000 174.000000 977.000000 232.000000 1.605518 0.491484 1.678209 7.766962 1.588137 16.156746 1.571813 0.862025
Cyclist -1 -1 -10 759.000000 159.000000 800.000000 273.000000 1.792842 0.563934 1.755370 2.870881 1.531647 11.930830 -0.925420 0.551825
Cyclist -1 -1 -10 724.000000 168.000000 770.000000 259.000000 1.655566 0.418752 1.666938 2.152212 1.584903 12.872595 -1.797358 0.343915
Cyclist -1 -1 -10 201.000000 181.000000 281.000000 287.000000 1.723544 0.597917 1.734719 -5.691302 1.646458 10.912169 -1.557968 0.237956
Cyclist -1 -1 -10 746.000000 176.000000 765.000000 253.000000 1.677954 0.514024 1.434748 3.842171 2.091362 18.645952 -1.418946 0.161399
Cyclist -1 -1 -10 752.000000 169.000000 775.000000 256.000000 1.668162 0.544557 1.520877 2.607489 1.775124 12.353358 1.269878 0.086435
Cyclist -1 -1 -10 131.000000 183.000000 303.000000 294.000000 1.725874 0.602188 1.667169 -7.555327 1.661316 14.887861 -1.502388 0.066670
Cyclist -1 -1 -10 764.000000 164.000000 806.000000 226.000000 1.699593 0.506021 1.521015 4.226047 1.077456 16.016928 -0.679516 0.023233
Cyclist -1 -1 -10 718.000000 171.000000 749.000000 252.000000 1.665109 0.531464 1.747205 2.154284 1.559269 12.979871 -1.497364 0.018247
