Car -1 -1 -10 678.000000 172.000000 783.000000 256.000000 1.709791 1.709041 4.152123 2.598626 1.724461 16.921278 -1.634193 0.998111
Car -1 -1 -10 315.000000 168.000000 476.000000 234.000000 1.531688 1.573147 3.866143 -6.663044 1.697264 21.068189 -3.123269 0.991986
Car -1 -1 -10 148.000000 182.000000 417.000000 266.000000 1.574210 1.637750 3.949241 -6.285996 1.817337 14.237332 0.006142 0.990470
Car -1 -1 -10 258.000000 181.000000 437.000000 242.000000 1.510812 1.592910 4.003726 -6.522368 1.794712 16.371520 -3.137397 0.974725
Car -1 -1 -10 64.000000 180.000000 333.000000 288.000000 1.528561 1.657669 3.920975 -6.666601 1.656239 11.538902 -3.096790 0.959752
Car -1 -1 -10 659.000000 179.000000 719.000000 229.000000 1.569635 1.609805 3.790771 2.664767 1.831838 27.714641 -1.588653 0.876271
Car -1 -1 -10 366.000000 171.000000 506.000000 219.000000 1.623283 1.630847 3.694562 -6.290393 1.280666 26.395357 -1.420527 0.530355
Car -1 -1 -10 637.000000 178.000000 674.000000 206.000000 1.480438 1.533557 3.744592 2.275271 1.819227 39.738176 -1.604491 0.436842
Car -1 -1 -10 423.000000 174.000000 527.000000 208.000000 1.580313 1.647128 3.867313 -6.304841 1.850864 38.703543 1.427852 0.282606
Car -1 -1 -10 10.000000 188.000000 238.000000 353.000000 1.535128 1.616330 3.998582 -5.165178 1.823550 8.961315 -2.107107 0.194547
