Car -1 -1 -10 629.000000 180.000000 692.000000 227.000000 1.435619 1.625838 3.882837 1.676051 1.743103 25.162181 -1.645462 0.999435
Car -1 -1 -10 820.000000 169.000000 1144.000000 312.000000 1.479736 1.607143 4.084820 5.493771 1.748387 9.766835 -0.078230 0.995212
Car -1 -1 -10 978.000000 188.000000 1234.000000 374.000000 1.615317 1.591273 4.118624 5.922524 1.701158 6.712691 3.147108 0.991806
Car -1 -1 -10 265.000000 182.000000 434.000000 240.000000 1.513550 1.634608 4.157042 -7.194295 1.854935 19.483860 -3.310335 0.977341
Car -1 -1 -10 613.000000 176.000000 648.000000 205.000000 1.539516 1.591851 3.880251 1.091235 1.836018 40.440309 -1.574091 0.921068
Car -1 -1 -10 -4.000000 156.000000 224.000000 345.000000 1.671582 1.648944 4.116859 -7.122255 1.522492 7.783368 -0.134788 0.476600
Car -1 -1 -10 448.000000 180.000000 500.000000 209.000000 1.557874 1.547969 3.514029 -7.203710 1.843984 35.328422 -2.440412 0.428080
Car -1 -1 -10 346.000000 184.000000 457.000000 234.000000 1.580096 1.576206 3.936818 -6.841024 1.870740 22.275632 -3.229195 0.083344
Car -1 -1 -10 0.000000 155.000000 58.000000 371.000000 1.469370 1.578180 3.663498 -6.730811 1.319640 7.589798 -3.259843 0.015856
Car -1 -1 -10 397.000000 182.000000 467.000000 249.000000 1.485652 1.614535 3.876378 -6.339796 1.888971 20.276859 -1.706018 0.015670
Cyclist -1 -1 -10 417.000000 178.000000 469.000000 267.000000 1.728244 0.617747 1.769248 -3.373603 1.823974 14.479788 1.529699 0.997937
Cyclist -1 -1 -10 426.000000 183.000000 475.000000 227.000000 1.688768 0.506468 1.575735 -3.255426 1.650259 15.115392 -2.350219 0.104492
Cyclist -1 -1 -10 344.000000 182.000000 473.000000 245.000000 1.613221 0.916849 1.863675 -5.674367 1.856359 19.009287 2.805018 0.098608
Cyclist -1 -1 -10 435.000000 181.000000 491.000000 211.000000 1.753101 0.768093 1.828570 -6.293212 1.793215 32.146042 -3.329958 0.018893
