Pedestrian -1 -1 -10 0.000000 142.000000 54.000000 318.000000 1.736192 0.521031 0.661344 -5.921472 1.627146 7.263788 0.899044 0.011638
Car -1 -1 -10 12.000000 138.000000 273.000000 242.000000 1.657702 1.651349 4.018150 -7.921725 1.121996 12.229514 -0.114860 0.999746
Car -1 -1 -10 761.000000 159.000000 1042.000000 264.000000 1.480075 1.600716 3.790400 4.448692 1.288230 11.145815 -0.106523 0.997446
Car -1 -1 -10 673.000000 151.000000 791.000000 204.000000 1.561602 1.622150 3.943571 3.866512 1.030570 22.045779 -0.163189 0.989619
Car -1 -1 -10 272.000000 146.000000 420.000000 199.000000 1.577985 1.666653 4.233675 -8.458626 0.838278 22.761895 -3.212130 0.978642
Car -1 -1 -10 110.000000 145.000000 342.000000 228.000000 1.481199 1.630272 3.961765 -7.825045 1.043901 14.770726 -3.155564 0.977941
Car -1 -1 -10 325.000000 140.000000 425.000000 187.000000 1.602733 1.597350 3.490203 -8.734532 0.608924 28.756760 -1.807272 0.642695
Car -1 -1 -10 215.000000 152.000000 386.000000 209.000000 1.650074 1.656785 4.050456 -7.772320 0.893944 23.279224 -0.244396 0.186957
Car -1 -1 -10 0.000000 143.000000 53.000000 318.000000 1.516943 1.612848 3.934428 -6.931747 1.439801 6.079304 1.466966 0.055250
Car -1 -1 -10 660.000000 155.000000 745.000000 197.000000 1.499053 1.550347 3.599549 3.414504 0.859733 24.472299 -0.135456 0.018512
