Car -1 -1 -10 696.000000 187.000000 803.000000 264.000000 1.470629 1.584746 3.631147 2.861062 1.784019 15.477856 -1.566462 0.998499
Car -1 -1 -10 70.000000 189.000000 386.000000 290.000000 1.515722 1.647639 4.058413 -6.111261 1.753220 11.122023 0.070171 0.997060
Car -1 -1 -10 750.000000 176.000000 917.000000 237.000000 1.652917 1.640256 3.949810 6.488159 1.766826 20.646516 0.081799 0.994330
Car -1 -1 -10 163.000000 181.000000 443.000000 264.000000 1.554659 1.596809 4.094325 -5.678237 1.846913 13.285343 -0.050372 0.970603
Car -1 -1 -10 354.000000 179.000000 484.000000 227.000000 1.517353 1.558169 3.794601 -6.077607 1.649565 24.416258 -3.125920 0.970337
Car -1 -1 -10 283.000000 181.000000 456.000000 245.000000 1.574038 1.638992 4.201497 -6.119382 1.820086 18.111551 0.115492 0.966114
Car -1 -1 -10 -6.000000 194.000000 196.000000 338.000000 1.510683 1.601443 3.814882 -7.025222 1.759823 8.302028 -3.144617 0.921528
Car -1 -1 -10 402.000000 178.000000 506.000000 218.000000 1.582476 1.619269 3.874958 -6.475168 1.802406 30.004291 -3.196839 0.646878
Car -1 -1 -10 694.000000 177.000000 760.000000 211.000000 1.800219 1.672981 4.330717 6.177627 2.132715 35.810900 0.002296 0.557509
Car -1 -1 -10 438.000000 179.000000 538.000000 211.000000 1.548012 1.599417 3.784083 -5.099699 1.821478 36.062710 1.582038 0.322958
Car -1 -1 -10 730.000000 180.000000 798.000000 220.000000 1.531615 1.495970 3.569126 5.579268 1.549351 27.461144 -1.346676 0.199214
