Pedestrian -1 -1 -10 731.000000 172.000000 791.000000 348.000000 1.680606 0.670835 0.773407 1.461536 1.733009 7.325447 0.208519 0.993718
Pedestrian -1 -1 -10 382.000000 194.000000 415.000000 268.000000 1.719320 0.656782 0.746289 -4.458690 2.098639 14.728967 2.507475 0.175353
Pedestrian -1 -1 -10 727.000000 184.000000 783.000000 272.000000 1.633126 0.549390 0.591956 4.466164 1.744519 20.839041 2.653100 0.080342
Car -1 -1 -10 748.000000 184.000000 1005.000000 373.000000 1.539641 1.659847 4.041866 2.646406 1.592794 7.345806 -1.376121 0.999228
Car -1 -1 -10 326.000000 195.000000 450.000000 266.000000 1.529471 1.594729 3.742103 -4.690811 2.048717 15.883884 1.735775 0.974167
Car -1 -1 -10 726.000000 182.000000 776.000000 230.000000 1.454185 1.586771 3.855315 4.795290 1.833293 24.845390 -1.490292 0.765451
Car -1 -1 -10 714.000000 172.000000 752.000000 210.000000 1.655312 1.700016 4.069370 7.554633 1.775475 40.866541 0.241201 0.316535
Car -1 -1 -10 727.000000 182.000000 795.000000 304.000000 1.477847 1.594508 3.954794 2.826622 1.421461 7.672737 0.182535 0.083212
Car -1 -1 -10 730.000000 192.000000 861.000000 345.000000 1.493205 1.595752 3.740972 2.751471 1.652552 6.761790 -0.211240 0.017492
Car -1 -1 -10 820.000000 190.000000 874.000000 228.000000 1.487431 1.621585 3.981381 12.192612 1.877310 36.100546 -1.878603 0.013148
Cyclist -1 -1 -10 727.000000 182.000000 795.000000 304.000000 1.704167 0.645579 1.726296 1.597618 1.540865 7.460638 -1.281909 0.197947
Cyclist -1 -1 -10 865.000000 188.000000 887.000000 231.000000 1.688409 0.544730 1.633104 9.681851 1.731204 26.305798 1.932776 0.022671
Cyclist -1 -1 -10 724.000000 180.000000 780.000000 243.000000 1.610567 0.679463 1.741426 4.568771 1.825944 23.478888 2.892039 0.022041
