Car -1 -1 -10 143.000000 200.000000 339.000000 301.000000 1.468477 1.587665 3.775867 -6.163705 1.971870 12.644693 1.566719 0.999541
Car -1 -1 -10 679.000000 180.000000 763.000000 240.000000 1.471081 1.622068 3.884800 2.810289 1.687099 19.248745 -1.581306 0.999108
Car -1 -1 -10 460.000000 184.000000 507.000000 216.000000 1.507972 1.577924 3.761256 -6.234961 2.127270 34.752769 1.594639 0.997454
Car -1 -1 -10 966.000000 156.000000 1240.000000 257.000000 1.546324 1.638610 4.024984 8.053848 1.416732 12.048148 3.204839 0.995208
Car -1 -1 -10 364.000000 184.000000 461.000000 241.000000 1.524494 1.632311 3.984124 -6.262481 1.965431 23.148938 -1.447432 0.962838
Car -1 -1 -10 0.000000 224.000000 131.000000 370.000000 1.516953 1.597102 3.693221 -3.770880 1.750004 2.722128 1.576739 0.937662
Car -1 -1 -10 804.000000 160.000000 989.000000 217.000000 1.592678 1.659010 4.122933 8.091131 1.237382 21.343887 3.179694 0.852344
Car -1 -1 -10 480.000000 184.000000 518.000000 211.000000 1.523748 1.620020 4.008411 -6.148993 2.128827 40.530196 1.610781 0.381974
Car -1 -1 -10 880.000000 157.000000 1133.000000 236.000000 1.679842 1.669090 3.978472 8.125324 1.246404 15.161993 3.114849 0.268628
Car -1 -1 -10 703.000000 166.000000 779.000000 195.000000 1.517608 1.591783 3.828208 9.077100 1.244494 47.210569 0.075148 0.030164
Car -1 -1 -10 1199.000000 140.000000 1240.000000 194.000000 1.540282 1.630418 3.915652 22.166616 0.547560 24.379442 0.108958 0.025013
Cyclist -1 -1 -10 0.000000 202.000000 138.000000 375.000000 1.644260 0.618775 1.733247 -3.350525 1.896598 3.800187 -1.690894 0.011432
