Pedestrian -1 -1 -10 731.000000 157.000000 742.000000 203.000000 1.712524 0.697843 0.750338 5.804726 1.039334 32.887869 -1.319358 0.207248
Pedestrian -1 -1 -10 726.000000 163.000000 750.000000 199.000000 1.765318 0.714379 0.756349 5.852659 1.200943 32.764728 -1.358047 0.021207
Pedestrian -1 -1 -10 721.000000 162.000000 730.000000 203.000000 1.754582 0.627070 0.694636 5.312598 1.172764 33.145038 -1.371553 0.018965
Car -1 -1 -10 96.000000 192.000000 366.000000 312.000000 1.465002 1.654942 4.119115 -5.621091 1.874077 11.321030 1.653787 0.999376
Car -1 -1 -10 739.000000 177.000000 922.000000 287.000000 1.486908 1.635339 3.969928 3.281450 1.562178 11.681175 -1.617291 0.998809
Car -1 -1 -10 686.000000 174.000000 765.000000 231.000000 1.475519 1.594633 3.647641 3.069682 1.479188 20.162845 -1.624552 0.998198
Car -1 -1 -10 420.000000 174.000000 485.000000 223.000000 1.570585 1.539149 3.610964 -5.707835 1.771513 26.283046 1.570792 0.996559
Car -1 -1 -10 848.000000 175.000000 1234.000000 375.000000 1.489054 1.585776 3.880386 3.440451 1.625633 5.926415 1.541209 0.996214
Car -1 -1 -10 669.000000 173.000000 730.000000 214.000000 1.486212 1.560095 3.585880 3.169909 1.530226 25.485149 -1.668536 0.945216
Car -1 -1 -10 456.000000 176.000000 506.000000 214.000000 1.512927 1.579701 3.730342 -5.551498 1.774828 31.316375 1.566588 0.846624
Car -1 -1 -10 190.000000 182.000000 304.000000 222.000000 1.579941 1.596305 3.763103 -11.687114 1.304474 25.961612 -2.105204 0.086496
