Car -1 -1 -10 692.000000 174.000000 808.000000 269.000000 1.622977 1.683827 4.038934 2.618675 1.706372 14.699315 -1.556325 0.999000
Car -1 -1 -10 667.000000 181.000000 736.000000 238.000000 1.452545 1.627521 4.014195 2.605885 1.704218 20.705778 -1.613615 0.990059
Car -1 -1 -10 50.000000 188.000000 364.000000 294.000000 1.477645 1.542159 4.085415 -6.506501 1.784681 11.899535 -3.174503 0.987411
Car -1 -1 -10 651.000000 173.000000 695.000000 217.000000 1.539637 1.576034 3.636402 2.584168 1.664157 29.608062 -1.628439 0.975093
Car -1 -1 -10 856.000000 204.000000 1236.000000 373.000000 1.469296 1.593651 3.906853 2.795078 1.713203 3.498175 -1.595039 0.971333
Car -1 -1 -10 199.000000 185.000000 417.000000 261.000000 1.506220 1.597359 3.895452 -6.276610 1.755455 14.550908 -3.216160 0.970907
Car -1 -1 -10 -2.000000 160.000000 282.000000 344.000000 1.762520 1.687853 3.854373 -5.763394 1.655047 7.835493 -2.738252 0.893445
Car -1 -1 -10 637.000000 177.000000 667.000000 202.000000 1.484007 1.585666 3.698668 2.428498 1.795778 43.513447 -1.564477 0.861616
Car -1 -1 -10 375.000000 181.000000 473.000000 226.000000 1.555162 1.594559 3.880377 -6.078940 1.787667 25.188369 -1.677529 0.330679
Car -1 -1 -10 448.000000 177.000000 535.000000 209.000000 1.539073 1.604938 4.186234 -6.546809 2.125751 38.588219 -3.166566 0.229196
Car -1 -1 -10 417.000000 180.000000 512.000000 215.000000 1.530101 1.568899 3.810973 -5.971694 1.677513 33.064731 1.771145 0.210305
Car -1 -1 -10 296.000000 184.000000 417.000000 240.000000 1.520697 1.578021 3.736725 -4.403106 2.005065 19.065625 -1.209188 0.186925
