Car -1 -1 -10 656.000000 178.000000 703.000000 215.000000 1.512002 1.590117 3.595353 2.749212 1.688088 28.302891 -1.597888 0.999268
Car -1 -1 -10 692.000000 168.000000 806.000000 265.000000 1.606119 1.624220 3.734103 2.683616 1.602558 14.653466 -1.625564 0.998172
Car -1 -1 -10 796.000000 196.000000 1242.000000 374.000000 1.504028 1.635001 4.016342 2.841868 1.734064 5.573062 -1.592938 0.997379
Car -1 -1 -10 369.000000 174.000000 503.000000 220.000000 1.590723 1.613300 3.942652 -5.569361 1.642271 26.047829 -0.169233 0.992344
Car -1 -1 -10 37.000000 178.000000 419.000000 276.000000 1.566480 1.665149 4.102824 -6.179970 1.712279 13.045320 0.482583 0.967999
Car -1 -1 -10 419.000000 172.000000 512.000000 210.000000 1.594532 1.580901 4.003660 -6.667620 1.440033 31.336303 -0.031772 0.690758
Car -1 -1 -10 213.000000 172.000000 417.000000 255.000000 1.612062 1.648166 4.199981 -6.246461 1.729809 15.323025 -0.177522 0.424976
Car -1 -1 -10 991.000000 190.000000 1202.000000 258.000000 1.498996 1.649165 4.275585 13.385256 1.588338 19.635072 0.031289 0.048849
Car -1 -1 -10 1025.000000 213.000000 1238.000000 371.000000 1.491794 1.576213 3.746048 3.043135 1.538804 5.170496 -0.975544 0.042470
Car -1 -1 -10 303.000000 175.000000 469.000000 233.000000 1.487675 1.571845 3.869216 -6.273895 1.417470 21.332785 1.467701 0.038553
Car -1 -1 -10 450.000000 173.000000 526.000000 201.000000 1.541371 1.578666 3.746125 -6.351357 1.359606 38.730210 -2.792245 0.028672
Car -1 -1 -10 6.000000 181.000000 192.000000 253.000000 1.515947 1.582923 3.733330 -13.684908 1.585961 19.139447 1.457347 0.020661
Car -1 -1 -10 703.000000 173.000000 762.000000 212.000000 1.578395 1.619260 3.991219 6.177474 1.523690 33.319814 0.009751 0.017575
Car -1 -1 -10 668.000000 171.000000 713.000000 200.000000 1.411059 1.518571 3.107594 2.959638 1.632493 24.762656 0.934329 0.014091
