Pedestrian -1 -1 -10 801.000000 154.000000 834.000000 244.000000 1.766401 0.741963 0.941724 4.889577 1.321104 16.808212 -1.344985 0.923906
Pedestrian -1 -1 -10 832.000000 146.000000 865.000000 270.000000 1.692671 0.627335 0.604879 3.556872 1.365942 11.323890 -0.732108 0.224884
Pedestrian -1 -1 -10 751.000000 180.000000 870.000000 281.000000 1.671523 0.730920 0.874187 2.775126 1.734884 10.838821 0.354186 0.064171
Pedestrian -1 -1 -10 800.000000 154.000000 873.000000 262.000000 1.799775 0.651350 0.630632 3.320265 1.624005 11.407735 -1.220760 0.035896
Pedestrian -1 -1 -10 819.000000 149.000000 853.000000 277.000000 1.673109 0.610586 0.608857 5.121567 1.352012 16.114980 -0.741629 0.017488
Pedestrian -1 -1 -10 787.000000 167.000000 853.000000 236.000000 1.695430 0.731061 0.645047 4.816814 1.315251 16.465663 -1.119837 0.013639
Car -1 -1 -10 795.000000 182.000000 1187.000000 371.000000 1.459661 1.591704 3.683453 3.047426 1.611595 6.574338 -1.652237 0.998905
Car -1 -1 -10 158.000000 194.000000 341.000000 298.000000 1.505786 1.573983 3.766496 -5.894829 1.896886 12.425499 1.513392 0.998092
Car -1 -1 -10 733.000000 184.000000 888.000000 280.000000 1.445836 1.614371 3.808560 3.097147 1.551722 12.179526 -1.619448 0.991407
Car -1 -1 -10 0.000000 197.000000 200.000000 374.000000 1.520452 1.587524 3.865268 -5.915793 1.896082 7.119050 1.580193 0.930396
Car -1 -1 -10 312.000000 175.000000 421.000000 219.000000 1.685115 1.681656 4.114289 -12.079657 2.061739 36.574525 -3.115273 0.475175
Car -1 -1 -10 276.000000 184.000000 327.000000 212.000000 1.527057 1.612127 3.849299 -19.613232 2.361732 46.102882 0.757442 0.216457
Car -1 -1 -10 784.000000 166.000000 860.000000 263.000000 1.537900 1.579252 3.856790 5.649226 1.079877 17.091301 -0.750404 0.015163
Car -1 -1 -10 1001.000000 157.000000 1102.000000 185.000000 1.517265 1.555370 3.505099 20.740416 0.821857 37.286752 -1.020608 0.011844
Cyclist -1 -1 -10 971.000000 167.000000 1101.000000 246.000000 1.652013 0.660442 1.738243 11.669525 1.340366 20.704548 3.131446 0.558314
Cyclist -1 -1 -10 1006.000000 151.000000 1055.000000 259.000000 1.681341 0.562681 1.798479 11.942581 1.343759 20.625957 -0.555996 0.196356
Cyclist -1 -1 -10 755.000000 182.000000 802.000000 223.000000 1.680531 0.590933 1.566323 8.969305 1.981179 36.922445 1.248990 0.041071
Cyclist -1 -1 -10 738.000000 183.000000 882.000000 278.000000 1.683392 0.764537 1.923714 2.797350 1.622430 11.203930 -1.837215 0.026611
Cyclist -1 -1 -10 776.000000 177.000000 797.000000 223.000000 1.657456 0.532781 1.615476 9.060603 1.993572 36.680948 -1.830956 0.012900
Cyclist -1 -1 -10 800.000000 155.000000 834.000000 235.000000 1.738605 0.742476 1.722337 4.842456 1.095733 16.877005 -2.859220 0.011008
