Pedestrian -1 -1 -10 769.000000 163.000000 838.000000 339.000000 1.685828 0.621116 0.675520 1.882335 1.542659 6.968173 1.358415 0.998402
Pedestrian -1 -1 -10 711.000000 165.000000 772.000000 344.000000 1.638754 0.612655 0.607622 1.244357 1.511180 6.600426 1.227756 0.997104
Pedestrian -1 -1 -10 591.000000 137.000000 631.000000 242.000000 1.751194 0.643399 0.854266 0.006278 1.031743 12.678858 1.032958 0.996786
Pedestrian -1 -1 -10 517.000000 137.000000 554.000000 249.000000 1.777949 0.731623 1.002354 -1.183435 1.053418 12.252705 0.968639 0.994723
Pedestrian -1 -1 -10 542.000000 139.000000 576.000000 244.000000 1.815127 0.715702 0.871200 -0.865583 1.061626 12.565492 1.034652 0.991308
Pedestrian -1 -1 -10 628.000000 145.000000 653.000000 216.000000 1.728165 0.620113 0.815838 0.743584 0.843966 16.357071 -1.580131 0.986171
Pedestrian -1 -1 -10 573.000000 141.000000 609.000000 234.000000 1.806610 0.630526 0.913096 -0.498281 1.017340 13.637400 0.365562 0.942785
Pedestrian -1 -1 -10 500.000000 143.000000 523.000000 202.000000 1.780618 0.678856 0.886894 -2.822091 0.647929 20.898081 1.342255 0.854031
Pedestrian -1 -1 -10 472.000000 144.000000 494.000000 201.000000 1.743201 0.693813 0.838217 -3.621448 0.600989 20.775448 0.941033 0.812280
Pedestrian -1 -1 -10 649.000000 143.000000 665.000000 197.000000 1.721346 0.671950 0.700263 1.505804 0.538218 21.312015 -1.921707 0.468072
Pedestrian -1 -1 -10 275.000000 135.000000 322.000000 254.000000 1.785828 0.644575 0.843120 -5.106815 1.041626 11.608093 -0.273614 0.368472
Pedestrian -1 -1 -10 639.000000 144.000000 661.000000 202.000000 1.811116 0.660648 0.841142 1.466737 0.664488 21.452548 0.180285 0.363939
Pedestrian -1 -1 -10 245.000000 133.000000 284.000000 255.000000 1.796597 0.655436 0.888893 -5.904562 1.079029 12.066327 0.068170 0.342699
Pedestrian -1 -1 -10 514.000000 139.000000 546.000000 198.000000 1.726877 0.657765 0.818168 -2.367912 0.508842 21.218592 0.549648 0.209738
Pedestrian -1 -1 -10 482.000000 142.000000 499.000000 198.000000 1.746548 0.618531 0.410163 -3.841669 0.221121 23.599584 -1.773237 0.192535
Pedestrian -1 -1 -10 461.000000 149.000000 478.000000 202.000000 1.698891 0.635460 0.648983 -4.164150 0.740206 21.385734 -1.301475 0.131487
Pedestrian -1 -1 -10 493.000000 141.000000 510.000000 195.000000 1.790455 0.649409 0.664867 -3.788235 0.536413 25.691687 0.933531 0.116770
Pedestrian -1 -1 -10 240.000000 140.000000 340.000000 257.000000 1.750484 0.698270 0.828724 -5.069884 1.020149 11.582772 -2.028847 0.099702
Pedestrian -1 -1 -10 557.000000 140.000000 577.000000 205.000000 1.726459 0.562478 0.616285 -0.495353 1.260806 13.985662 -0.985882 0.079267
Pedestrian -1 -1 -10 528.000000 137.000000 550.000000 188.000000 1.728492 0.554410 0.616145 -1.024377 1.273866 13.873425 2.896583 0.069755
Pedestrian -1 -1 -10 606.000000 141.000000 636.000000 222.000000 1.709584 0.635860 0.706799 0.679724 0.711591 16.342518 2.094969 0.069549
Pedestrian -1 -1 -10 434.000000 141.000000 454.000000 194.000000 1.639082 0.535569 0.630810 -5.184542 0.644432 21.635968 1.922336 0.064874
Cyclist -1 -1 -10 273.000000 136.000000 324.000000 257.000000 1.813666 0.592341 1.772183 -5.131773 1.116981 11.741797 -1.413775 0.710033
Cyclist -1 -1 -10 302.000000 151.000000 362.000000 210.000000 1.658849 0.510713 1.572014 -7.047421 1.162100 18.997847 -2.530914 0.338278
Cyclist -1 -1 -10 422.000000 145.000000 460.000000 211.000000 1.709492 0.654838 1.725291 -4.912511 0.751032 21.044990 -0.098419 0.280853
Cyclist -1 -1 -10 239.000000 133.000000 300.000000 265.000000 1.770853 0.588979 1.771796 -5.633076 1.122132 11.915458 0.716940 0.200036
Cyclist -1 -1 -10 330.000000 151.000000 387.000000 199.000000 1.682781 0.466504 1.346624 -6.576088 1.058763 19.040742 0.694613 0.175446
Cyclist -1 -1 -10 315.000000 152.000000 351.000000 198.000000 1.705488 0.623391 1.649892 -11.984201 0.749404 30.805881 -1.933940 0.167628
Cyclist -1 -1 -10 432.000000 142.000000 454.000000 196.000000 1.710710 0.605830 1.743119 -4.881299 0.501661 21.039925 -1.726090 0.153224
Cyclist -1 -1 -10 386.000000 148.000000 468.000000 215.000000 1.688642 0.671457 1.770634 -5.286537 0.728817 20.969238 -0.134965 0.132097
Cyclist -1 -1 -10 388.000000 146.000000 428.000000 204.000000 1.689992 0.553287 1.739916 -5.865441 0.556604 20.359146 -1.290855 0.118832
Cyclist -1 -1 -10 417.000000 147.000000 437.000000 196.000000 1.663409 0.522412 1.669792 -5.398698 0.641189 21.134828 -1.419287 0.052099
Cyclist -1 -1 -10 404.000000 146.000000 425.000000 196.000000 1.810459 0.596391 1.387405 -6.160408 0.708307 23.383206 0.797259 0.041668
Cyclist -1 -1 -10 519.000000 139.000000 548.000000 182.000000 1.706283 0.492117 1.511618 -1.399606 1.142962 16.774018 -1.015695 0.029111
Cyclist -1 -1 -10 519.000000 137.000000 555.000000 236.000000 1.817544 0.597582 1.751822 -1.313082 1.024329 12.377258 0.961157 0.021081
