Car -1 -1 -10 573.000000 175.000000 612.000000 210.000000 1.495957 1.581771 3.286203 -0.729379 1.156581 34.489493 -1.607342 0.999601
Car -1 -1 -10 61.000000 186.000000 369.000000 337.000000 1.501191 1.637069 4.002798 -4.588999 1.525799 9.261133 -1.562953 0.999332
Car -1 -1 -10 376.000000 185.000000 474.000000 247.000000 1.458664 1.589084 3.753457 -4.552292 1.424224 18.472241 -1.595848 0.998944
Car -1 -1 -10 6.000000 176.000000 180.000000 251.000000 1.532554 1.597016 3.715008 -12.045463 1.417528 17.344780 -1.558499 0.986326
Car -1 -1 -10 323.000000 180.000000 398.000000 222.000000 1.526814 1.622062 3.956032 -9.039276 1.393968 26.493740 -1.554168 0.977004
Car -1 -1 -10 422.000000 179.000000 490.000000 225.000000 1.518029 1.606235 3.735130 -5.422478 1.301202 26.539064 -1.589433 0.953584
Car -1 -1 -10 402.000000 172.000000 453.000000 206.000000 1.476340 1.620927 3.667796 -8.700523 0.850153 36.665548 -1.722502 0.283921
Car -1 -1 -10 536.000000 166.000000 562.000000 192.000000 1.515785 1.575739 3.634981 -4.859998 0.659373 40.365169 -1.004099 0.056218
Car -1 -1 -10 106.000000 197.000000 218.000000 250.000000 1.540217 1.587909 3.713911 -11.289381 1.579060 17.523517 -1.141511 0.013063
Car -1 -1 -10 0.000000 193.000000 31.000000 319.000000 1.491292 1.594544 3.888177 -8.756007 1.758905 8.123886 1.487207 0.011086
