Car -1 -1 -10 727.000000 174.000000 936.000000 315.000000 1.591490 1.658891 4.065909 2.882807 1.673880 10.579703 -1.611775 0.999377
Car -1 -1 -10 290.000000 182.000000 455.000000 249.000000 1.573085 1.617412 3.944293 -5.777551 1.764245 18.119917 0.100828 0.988073
Car -1 -1 -10 700.000000 176.000000 768.000000 206.000000 1.493003 1.571386 3.704439 6.156128 1.702718 35.829827 -2.089814 0.987026
Car -1 -1 -10 72.000000 174.000000 379.000000 280.000000 1.630732 1.630451 3.687644 -5.509173 1.677451 11.427634 -3.051859 0.921560
Car -1 -1 -10 378.000000 177.000000 478.000000 221.000000 1.616905 1.650114 3.901586 -6.902840 1.674269 27.576883 -3.048429 0.915521
Car -1 -1 -10 219.000000 174.000000 396.000000 263.000000 1.842955 1.677002 4.157727 -6.227266 1.820527 13.713044 1.700513 0.215364
Car -1 -1 -10 415.000000 173.000000 502.000000 213.000000 1.646397 1.655066 4.203216 -6.761309 1.698408 31.203661 -3.171813 0.178663
Car -1 -1 -10 -2.000000 181.000000 251.000000 357.000000 1.499020 1.606152 3.705080 -3.985277 1.485536 4.358331 1.566978 0.154250
Car -1 -1 -10 460.000000 175.000000 525.000000 201.000000 1.583444 1.642557 3.861120 -6.192541 1.735484 44.397336 -1.763717 0.022684
Car -1 -1 -10 1.000000 179.000000 204.000000 276.000000 1.445490 1.573952 3.758587 -6.388837 1.325180 12.050174 0.289963 0.022345
