Pedestrian -1 -1 -10 1129.000000 151.000000 1229.000000 355.000000 1.678626 0.611238 0.737271 5.069354 1.547410 6.406171 1.252867 0.995322
Pedestrian -1 -1 -10 0.000000 210.000000 49.000000 371.000000 1.459660 0.558992 0.554414 -9.764643 2.217344 12.464128 -0.609319 0.040152
Pedestrian -1 -1 -10 1201.000000 171.000000 1237.000000 348.000000 1.688489 0.567242 0.602719 5.144324 1.366370 6.302709 -0.347619 0.027182
Pedestrian -1 -1 -10 1131.000000 171.000000 1189.000000 320.000000 1.672395 0.551279 0.747031 4.984240 1.553520 6.451054 1.182217 0.016697
Car -1 -1 -10 407.000000 172.000000 565.000000 230.000000 1.645785 1.657336 4.221884 -3.754095 1.690144 21.654466 -0.020798 0.998768
Car -1 -1 -10 623.000000 173.000000 736.000000 209.000000 1.549840 1.663363 4.233350 2.937019 1.618710 31.143199 2.736575 0.993083
Car -1 -1 -10 -2.000000 210.000000 56.000000 372.000000 1.513597 1.602036 3.788169 -4.106896 1.660205 2.459955 1.504868 0.089752
Car -1 -1 -10 0.000000 161.000000 78.000000 225.000000 2.458967 1.853009 4.557913 -33.711521 2.499822 42.530031 -1.641283 0.033274
Cyclist -1 -1 -10 1068.000000 174.000000 1100.000000 229.000000 1.690328 0.487557 1.531092 10.080901 1.424456 14.797757 -0.337683 0.164531
Cyclist -1 -1 -10 1059.000000 170.000000 1123.000000 234.000000 1.694769 0.494570 1.510056 8.522433 1.496115 12.001119 -0.324042 0.057682
Cyclist -1 -1 -10 0.000000 203.000000 59.000000 370.000000 1.704061 0.589172 1.731108 -3.315391 1.911272 3.480891 -1.732095 0.023800
