Pedestrian -1 -1 -10 672.000000 174.000000 691.000000 228.000000 1.742213 0.591867 0.751940 1.931968 1.666372 19.912018 0.706010 0.215849
Pedestrian -1 -1 -10 687.000000 169.000000 718.000000 238.000000 1.748404 0.662113 0.840087 2.122383 1.557097 18.127115 1.269449 0.125706
Pedestrian -1 -1 -10 690.000000 163.000000 744.000000 241.000000 1.765270 0.688984 0.801570 2.596685 1.749457 18.374057 1.240352 0.034607
Pedestrian -1 -1 -10 676.000000 174.000000 706.000000 229.000000 1.673703 0.623892 0.640142 2.111610 1.436653 18.078522 -1.923078 0.026037
Pedestrian -1 -1 -10 369.000000 176.000000 379.000000 214.000000 1.692447 0.519253 0.572275 -4.047021 1.603579 13.374341 2.676453 0.020092
Pedestrian -1 -1 -10 709.000000 162.000000 733.000000 234.000000 1.776912 0.583327 0.704033 2.580503 1.490830 16.544681 -2.037269 0.017117
Car -1 -1 -10 308.000000 180.000000 501.000000 318.000000 1.608421 1.632380 3.902261 -2.823795 1.704369 10.474723 -1.600006 0.999527
Car -1 -1 -10 0.000000 200.000000 157.000000 279.000000 1.505390 1.578562 3.697980 -12.309893 2.236779 16.738223 1.568665 0.998425
Car -1 -1 -10 590.000000 176.000000 617.000000 204.000000 1.602805 1.622033 3.940796 -0.367162 1.924608 46.661538 -1.609621 0.997440
Car -1 -1 -10 347.000000 184.000000 445.000000 225.000000 1.545281 1.580278 3.498747 -11.098849 1.983833 33.598763 1.756048 0.012817
Cyclist -1 -1 -10 687.000000 163.000000 769.000000 243.000000 1.702363 0.676421 1.595232 2.629680 1.546037 17.771501 0.308331 0.999686
Cyclist -1 -1 -10 683.000000 168.000000 727.000000 240.000000 1.783036 0.629700 1.796769 2.150511 1.597452 18.283434 -0.955800 0.976181
Cyclist -1 -1 -10 675.000000 172.000000 705.000000 232.000000 1.745976 0.596288 1.710601 2.081549 1.528956 18.344263 -1.373934 0.758412
Cyclist -1 -1 -10 672.000000 174.000000 690.000000 229.000000 1.676676 0.490708 1.749504 1.790775 1.656687 19.996073 -1.817141 0.475706
Cyclist -1 -1 -10 826.000000 183.000000 851.000000 217.000000 1.641161 0.617484 1.617654 7.742995 1.866378 24.180367 0.400305 0.196427
Cyclist -1 -1 -10 702.000000 163.000000 741.000000 230.000000 1.677466 0.615810 1.574754 2.773601 1.491326 18.351538 1.190380 0.047271
Cyclist -1 -1 -10 365.000000 177.000000 384.000000 214.000000 1.679470 0.545412 1.475116 -7.737729 1.505829 22.867244 -1.921863 0.021998
Cyclist -1 -1 -10 709.000000 168.000000 748.000000 200.000000 1.687206 0.510002 1.370559 2.394724 0.741749 15.250661 1.158052 0.020360
Cyclist -1 -1 -10 333.000000 183.000000 406.000000 227.000000 1.723589 0.548372 1.591568 -7.965842 1.504190 22.603785 1.800595 0.015146
