Car -1 -1 -10 737.000000 176.000000 1039.000000 360.000000 1.476162 1.634228 4.144531 2.702444 1.599923 8.026666 -1.585845 0.999768
Car -1 -1 -10 386.000000 179.000000 510.000000 269.000000 1.575505 1.653140 4.081051 -3.282289 1.744242 15.280979 -1.587971 0.998885
Car -1 -1 -10 693.000000 176.000000 798.000000 252.000000 1.450782 1.631804 4.025505 2.824274 1.558481 16.122080 -1.572357 0.998525
Car -1 -1 -10 660.000000 176.000000 718.000000 225.000000 1.539327 1.574969 3.620150 2.500650 1.660747 24.284872 -1.596777 0.997849
Car -1 -1 -10 638.000000 177.000000 682.000000 209.000000 1.523895 1.616581 3.984854 2.212054 1.725673 34.813255 -1.495890 0.992511
Car -1 -1 -10 969.000000 190.000000 1241.000000 369.000000 1.554948 1.624049 3.707558 2.492884 1.681493 2.170441 -1.512153 0.984240
Car -1 -1 -10 464.000000 181.000000 529.000000 230.000000 1.477016 1.596500 3.930301 -3.864825 1.929611 25.137890 1.535984 0.971254
Car -1 -1 -10 651.000000 177.000000 697.000000 216.000000 1.546418 1.624245 3.863026 2.294215 1.714630 34.786873 -1.521240 0.111855
Car -1 -1 -10 484.000000 175.000000 528.000000 213.000000 1.522630 1.525446 3.314692 -5.187479 1.529458 34.056003 1.441679 0.095684
Cyclist -1 -1 -10 957.000000 184.000000 1253.000000 373.000000 1.624774 0.706426 1.698452 2.134333 1.721307 2.888239 -1.568330 0.022635
