Pedestrian -1 -1 -10 965.000000 194.000000 1097.000000 374.000000 1.658180 0.655881 0.687100 2.635666 1.665439 4.602159 2.121090 0.987367
Pedestrian -1 -1 -10 928.000000 191.000000 1230.000000 369.000000 1.712079 0.694821 0.813984 2.660829 1.779269 4.610780 1.163200 0.025767
Pedestrian -1 -1 -10 859.000000 191.000000 1071.000000 343.000000 1.666676 0.662512 0.830643 2.492194 1.718212 4.781396 2.474491 0.017909
Car -1 -1 -10 788.000000 192.000000 997.000000 310.000000 1.512300 1.619734 4.007078 4.036292 1.824392 11.248647 1.577567 0.998030
Car -1 -1 -10 739.000000 190.000000 841.000000 258.000000 1.453821 1.608251 4.013534 4.062974 1.870970 17.334820 -1.512894 0.995356
Car -1 -1 -10 554.000000 180.000000 596.000000 212.000000 1.556705 1.678555 4.061748 -1.708032 1.869878 35.283282 1.633229 0.991111
Car -1 -1 -10 723.000000 185.000000 790.000000 241.000000 1.490536 1.575454 3.647396 4.469519 1.905422 22.597964 -1.529475 0.982677
Car -1 -1 -10 924.000000 192.000000 1231.000000 367.000000 1.527867 1.605834 3.907773 4.153897 1.527177 5.008668 -0.522856 0.926759
Car -1 -1 -10 -1.000000 209.000000 236.000000 376.000000 1.480499 1.577282 3.645481 -2.507254 1.462954 3.367377 -1.596320 0.813519
Car -1 -1 -10 706.000000 182.000000 759.000000 226.000000 1.542752 1.590049 3.654605 4.707016 1.993367 29.279020 -1.526402 0.783225
Car -1 -1 -10 491.000000 180.000000 560.000000 248.000000 1.504576 1.578567 3.800242 -2.331149 1.784656 19.223611 -1.529032 0.625820
Car -1 -1 -10 407.000000 162.000000 540.000000 287.000000 1.875974 1.735481 4.422894 -2.452540 1.788145 13.913612 -1.551541 0.396721
Car -1 -1 -10 694.000000 182.000000 739.000000 219.000000 1.549075 1.627524 3.894416 4.766680 2.016336 33.877505 -1.539039 0.298042
Car -1 -1 -10 965.000000 199.000000 1097.000000 369.000000 1.505185 1.566090 3.666302 3.920786 1.453193 5.187634 -0.996136 0.210814
Car -1 -1 -10 571.000000 179.000000 603.000000 205.000000 1.574089 1.635674 3.707639 -1.273473 2.149812 41.880405 -1.652842 0.069078
Cyclist -1 -1 -10 945.000000 197.000000 1128.000000 375.000000 1.656169 0.558391 1.703261 2.658148 1.725180 4.490381 1.497195 0.094672
