Pedestrian -1 -1 -10 629.000000 153.000000 663.000000 231.000000 1.718734 0.707477 0.824485 0.938500 1.076727 16.200184 1.270254 0.992480
Pedestrian -1 -1 -10 2.000000 165.000000 79.000000 372.000000 1.703539 0.640218 0.729819 -4.268672 1.486661 5.439133 -2.281764 0.959837
Pedestrian -1 -1 -10 63.000000 177.000000 109.000000 297.000000 1.717436 0.627374 0.685687 -6.468745 1.526397 9.060164 -2.192663 0.809720
Pedestrian -1 -1 -10 460.000000 162.000000 478.000000 215.000000 1.690502 0.634915 0.753803 -4.842347 1.099385 26.169082 -2.064338 0.481412
Pedestrian -1 -1 -10 19.000000 176.000000 106.000000 326.000000 1.791411 0.662398 0.785529 -5.710798 1.578680 7.515499 -2.787553 0.467564
Pedestrian -1 -1 -10 477.000000 167.000000 493.000000 215.000000 1.732563 0.666066 0.865608 -4.280732 1.157514 26.367351 -1.779920 0.253147
Pedestrian -1 -1 -10 2.000000 163.000000 21.000000 362.000000 1.714259 0.551393 0.649447 -6.448046 1.556083 7.960594 0.776963 0.129618
Pedestrian -1 -1 -10 427.000000 167.000000 434.000000 197.000000 1.747787 0.600799 0.747567 -9.990424 1.039416 42.010207 0.933814 0.106775
Pedestrian -1 -1 -10 13.000000 170.000000 61.000000 320.000000 1.700256 0.627842 0.697596 -5.618006 1.396553 7.169006 -1.795034 0.078741
Car -1 -1 -10 58.000000 182.000000 325.000000 341.000000 1.651388 1.662539 4.087803 -5.034424 1.637923 9.278713 1.418145 0.998388
Car -1 -1 -10 27.000000 175.000000 124.000000 307.000000 1.466966 1.420192 2.809908 -7.938636 1.348646 10.961214 0.349833 0.012881
Cyclist -1 -1 -10 301.000000 156.000000 383.000000 318.000000 1.756930 0.646153 1.741001 -3.163761 1.505123 8.806328 1.424587 0.999652
Cyclist -1 -1 -10 14.000000 174.000000 110.000000 315.000000 1.735189 0.555894 1.571792 -6.311497 1.425203 8.324677 -1.570221 0.243867
Cyclist -1 -1 -10 359.000000 172.000000 388.000000 200.000000 1.691646 0.654333 1.753117 -12.733656 1.028463 39.799599 -1.326845 0.065482
Cyclist -1 -1 -10 1.000000 167.000000 72.000000 369.000000 1.761159 0.622408 1.745895 -4.467704 1.526148 5.524431 -2.282627 0.036290
Cyclist -1 -1 -10 60.000000 176.000000 110.000000 298.000000 1.744782 0.625101 1.392500 -7.363739 1.330066 9.967402 0.397342 0.020999
Cyclist -1 -1 -10 460.000000 161.000000 478.000000 214.000000 1.764971 0.591586 1.736609 -4.942553 1.155376 26.197932 1.253942 0.013499
Cyclist -1 -1 -10 346.000000 172.000000 368.000000 202.000000 1.801833 0.570401 1.689558 -13.748484 1.010681 40.497362 -3.450720 0.012629
