Car -1 -1 -10 220.000000 186.000000 417.000000 307.000000 1.487601 1.587208 3.678156 -4.109293 1.544349 10.775374 -1.556444 0.999329
Car -1 -1 -10 436.000000 184.000000 509.000000 235.000000 1.480381 1.583688 3.665933 -4.199142 1.466025 22.369568 -1.604734 0.999253
Car -1 -1 -10 497.000000 183.000000 537.000000 219.000000 1.441728 1.562405 3.834733 -3.947799 1.288963 29.844304 -1.590785 0.991786
Car -1 -1 -10 0.000000 186.000000 186.000000 306.000000 1.487315 1.611802 3.910264 -8.224990 1.525587 10.345574 -1.560045 0.942837
Car -1 -1 -10 414.000000 182.000000 458.000000 214.000000 1.544561 1.619699 3.968556 -7.708478 1.352844 33.635839 -1.735638 0.926282
Car -1 -1 -10 191.000000 167.000000 324.000000 256.000000 1.742382 1.639131 3.887310 -8.241068 1.443966 17.304055 -1.597257 0.876582
Car -1 -1 -10 936.000000 165.000000 1232.000000 372.000000 1.528983 1.596663 3.818945 3.233776 1.587408 3.323943 -1.589665 0.844526
Car -1 -1 -10 592.000000 180.000000 634.000000 215.000000 1.531958 1.634984 3.995725 0.159429 1.251327 33.145067 -1.576651 0.700786
Car -1 -1 -10 311.000000 169.000000 404.000000 229.000000 1.807610 1.681255 4.258086 -8.362522 1.282878 24.777972 -1.589674 0.602587
Car -1 -1 -10 584.000000 182.000000 609.000000 209.000000 1.452749 1.584939 3.828315 0.028360 1.340093 41.328960 -0.527919 0.106564
