Pedestrian -1 -1 -10 673.000000 167.000000 684.000000 206.000000 1.734220 0.594062 0.792875 3.172516 1.520878 33.939060 1.151943 0.660788
Pedestrian -1 -1 -10 668.000000 171.000000 688.000000 197.000000 1.712698 0.646701 0.805369 3.157215 1.468302 33.921063 0.111037 0.019873
Car -1 -1 -10 783.000000 183.000000 1127.000000 371.000000 1.476815 1.592212 3.687241 3.084550 1.618729 7.290427 -1.612403 0.999450
Car -1 -1 -10 75.000000 187.000000 325.000000 307.000000 1.520298 1.615314 3.902157 -5.818487 1.711673 10.798154 1.542497 0.997714
Car -1 -1 -10 469.000000 175.000000 522.000000 204.000000 1.422851 1.581603 3.818113 -6.150458 1.649689 38.205212 1.000145 0.996082
Car -1 -1 -10 354.000000 176.000000 412.000000 201.000000 1.544495 1.639472 3.963158 -13.579740 2.135869 44.174939 0.625805 0.885867
Car -1 -1 -10 1001.000000 211.000000 1236.000000 373.000000 1.507279 1.644731 3.853544 2.902894 1.625907 1.575758 -1.611853 0.694834
Car -1 -1 -10 181.000000 174.000000 267.000000 221.000000 1.480630 1.553867 3.982977 -14.500911 1.774852 27.650067 1.472888 0.673758
Car -1 -1 -10 2.000000 199.000000 155.000000 374.000000 1.497476 1.595973 3.791192 -5.649420 1.750426 5.948914 1.557248 0.657375
Car -1 -1 -10 141.000000 178.000000 201.000000 213.000000 1.464449 1.571402 3.724215 -17.209409 1.516544 28.938460 -2.059704 0.096610
Car -1 -1 -10 233.000000 184.000000 313.000000 240.000000 1.543442 1.602037 3.816611 -12.181192 1.433918 26.949845 -3.112020 0.066695
Cyclist -1 -1 -10 669.000000 170.000000 687.000000 202.000000 1.759134 0.567210 1.709047 3.272494 1.508285 33.903561 1.066755 0.016687
