Car -1 -1 -10 667.000000 184.000000 835.000000 300.000000 1.564021 1.603380 3.611986 2.153740 1.740620 11.957128 -1.760605 0.999021
Car -1 -1 -10 561.000000 185.000000 626.000000 229.000000 1.518329 1.583157 3.536243 -0.686983 1.977679 26.522364 -1.884668 0.998400
Car -1 -1 -10 508.000000 180.000000 575.000000 209.000000 1.490634 1.562284 3.736957 -3.857311 2.102346 41.756217 -0.750870 0.977893
Car -1 -1 -10 618.000000 180.000000 692.000000 209.000000 1.486708 1.583641 4.026133 2.494934 1.931206 38.605591 2.329404 0.797268
Car -1 -1 -10 700.000000 179.000000 805.000000 221.000000 1.525093 1.626823 4.213822 7.215484 1.720892 43.157057 2.282962 0.441452
Car -1 -1 -10 681.000000 179.000000 743.000000 209.000000 1.500710 1.581849 3.851317 5.551221 1.816276 41.503170 -0.770571 0.305635
Car -1 -1 -10 736.000000 177.000000 794.000000 213.000000 1.570469 1.642125 4.185096 9.461711 1.811865 45.353288 -0.726336 0.045586
Car -1 -1 -10 639.000000 180.000000 728.000000 206.000000 1.526440 1.624518 3.724708 5.333281 1.889147 41.345647 2.366907 0.041816
Cyclist -1 -1 -10 331.000000 179.000000 399.000000 306.000000 1.698287 0.597634 1.770770 -3.770188 1.842107 10.891885 1.429102 0.999165
Cyclist -1 -1 -10 723.000000 176.000000 802.000000 223.000000 1.679097 0.543806 1.507295 8.610281 2.198515 43.464383 3.306612 0.015244
