Pedestrian -1 -1 -10 392.000000 175.000000 414.000000 243.000000 1.787019 0.715668 0.729159 -5.898798 1.953780 20.594200 1.480305 0.985237
Pedestrian -1 -1 -10 447.000000 171.000000 457.000000 207.000000 1.730854 0.650149 0.576630 -7.878084 1.461820 35.606056 1.250310 0.251914
Pedestrian -1 -1 -10 367.000000 184.000000 385.000000 241.000000 1.711848 0.681615 0.662922 -6.849554 1.778267 21.036785 -2.323625 0.041673
Pedestrian -1 -1 -10 363.000000 183.000000 413.000000 245.000000 1.765350 0.649223 0.754265 -6.329435 1.858110 20.533499 -1.566892 0.021633
Pedestrian -1 -1 -10 387.000000 187.000000 397.000000 234.000000 1.682635 0.586437 0.607421 -6.042702 1.792781 20.598603 2.288632 0.016279
Car -1 -1 -10 750.000000 179.000000 997.000000 338.000000 1.477401 1.600210 3.816844 2.878222 1.616683 8.720870 -1.597302 0.999486
Car -1 -1 -10 675.000000 179.000000 751.000000 241.000000 1.488481 1.591980 3.469696 2.612686 1.695897 18.805116 -1.569161 0.999166
Car -1 -1 -10 335.000000 197.000000 459.000000 280.000000 1.456545 1.563275 3.629802 -4.290741 1.963726 14.861754 -1.614889 0.998755
Car -1 -1 -10 645.000000 176.000000 683.000000 210.000000 1.500180 1.573528 3.715158 2.403599 1.657230 34.516139 -1.618323 0.995998
Car -1 -1 -10 427.000000 180.000000 499.000000 238.000000 1.679186 1.638177 3.977578 -4.606816 1.978474 23.966688 -1.563483 0.993669
Car -1 -1 -10 495.000000 182.000000 531.000000 215.000000 1.557021 1.564891 3.780042 -5.072676 2.109864 37.956279 1.547485 0.967579
Cyclist -1 -1 -10 380.000000 180.000000 414.000000 242.000000 1.684165 0.691945 1.660726 -6.009022 1.757235 20.725175 1.854538 0.014136
Cyclist -1 -1 -10 415.000000 195.000000 425.000000 226.000000 1.678998 0.571420 1.586276 -7.891829 2.007546 29.011301 -1.354940 0.011254
