Pedestrian -1 -1 -10 661.000000 153.000000 707.000000 257.000000 1.808425 0.713449 0.974913 1.363244 1.350618 13.205976 1.160472 0.995803
Pedestrian -1 -1 -10 399.000000 153.000000 455.000000 278.000000 1.827418 0.735722 1.007684 -2.831196 1.497859 11.058042 0.314510 0.982408
Pedestrian -1 -1 -10 0.000000 185.000000 41.000000 278.000000 1.688306 0.581923 0.881804 -11.421446 1.873732 13.850288 -3.287560 0.903535
Pedestrian -1 -1 -10 114.000000 166.000000 150.000000 277.000000 1.686501 0.669148 0.730382 -9.270482 1.495146 13.999904 -1.766822 0.245859
Pedestrian -1 -1 -10 785.000000 154.000000 798.000000 189.000000 1.888168 0.570867 0.622938 11.977645 0.335783 45.087226 2.795565 0.164928
Pedestrian -1 -1 -10 0.000000 185.000000 14.000000 273.000000 1.758582 0.521863 0.759997 -11.774968 1.873885 13.779673 -0.609604 0.114874
Pedestrian -1 -1 -10 1034.000000 148.000000 1067.000000 194.000000 1.702242 0.735781 0.745833 16.081682 0.492108 25.592507 -0.578598 0.085089
Pedestrian -1 -1 -10 940.000000 149.000000 968.000000 209.000000 1.722613 0.593932 0.864590 10.535940 0.816639 21.470724 -0.711429 0.062785
Pedestrian -1 -1 -10 360.000000 162.000000 438.000000 278.000000 1.801767 0.704554 0.848220 -3.434634 1.558282 11.928585 -0.184761 0.059699
Pedestrian -1 -1 -10 110.000000 185.000000 133.000000 262.000000 1.684928 0.657195 0.617376 -10.343106 1.677357 14.954579 0.498672 0.026330
Pedestrian -1 -1 -10 926.000000 148.000000 938.000000 206.000000 1.772449 0.576696 0.713124 10.078620 0.681451 22.031285 1.487503 0.013788
Pedestrian -1 -1 -10 345.000000 168.000000 390.000000 232.000000 1.814736 0.782795 0.908429 -6.075199 2.153438 17.333530 0.211177 0.011289
Car -1 -1 -10 13.000000 191.000000 407.000000 370.000000 1.459276 1.595493 3.813049 -3.213598 1.571751 6.489805 -1.571698 0.998980
Car -1 -1 -10 1145.000000 161.000000 1217.000000 197.000000 1.505655 1.630080 4.008140 18.735540 0.735966 22.070165 -1.316287 0.067272
Car -1 -1 -10 313.000000 165.000000 443.000000 269.000000 1.605190 1.603913 3.643552 -4.382258 1.148053 14.098567 -1.900116 0.027908
Cyclist -1 -1 -10 940.000000 149.000000 969.000000 208.000000 1.750364 0.590807 1.834902 10.590623 0.806295 21.542269 -1.052466 0.996011
Cyclist -1 -1 -10 321.000000 167.000000 431.000000 264.000000 1.723267 0.662169 1.746928 -4.255082 1.313996 12.712446 -0.201696 0.812377
Cyclist -1 -1 -10 390.000000 159.000000 456.000000 275.000000 1.746528 0.571614 1.717077 -2.855588 1.431616 11.732490 -1.277922 0.581221
Cyclist -1 -1 -10 103.000000 178.000000 156.000000 266.000000 1.656823 0.637440 1.636437 -9.979179 1.445565 14.732967 0.449552 0.116764
Cyclist -1 -1 -10 340.000000 166.000000 396.000000 252.000000 1.727414 0.613895 1.745837 -4.372268 1.338518 12.673589 -0.230701 0.101849
Cyclist -1 -1 -10 0.000000 189.000000 53.000000 278.000000 1.708747 0.588514 1.733212 -11.513631 1.847978 13.760070 -2.814677 0.021018
Cyclist -1 -1 -10 1035.000000 147.000000 1067.000000 194.000000 1.710587 0.476883 1.703387 16.098798 0.474257 25.668870 -0.571967 0.015136
Cyclist -1 -1 -10 290.000000 196.000000 392.000000 246.000000 1.710506 0.656307 1.765774 -6.363897 1.742953 17.586261 -0.866838 0.013950
Cyclist -1 -1 -10 354.000000 167.000000 382.000000 233.000000 1.697433 0.576471 1.710880 -4.260293 1.347894 12.851633 0.651086 0.010568
