Pedestrian -1 -1 -10 736.000000 167.000000 761.000000 230.000000 1.762427 0.734569 0.896802 3.837774 1.627682 19.836840 1.347383 0.954375
Car -1 -1 -10 346.000000 186.000000 450.000000 262.000000 1.443523 1.572882 3.688407 -4.375510 1.703527 15.183143 1.461382 0.999676
Car -1 -1 -10 498.000000 175.000000 578.000000 204.000000 1.570642 1.650200 4.029059 -4.164968 1.975164 39.736962 2.547245 0.965919
Car -1 -1 -10 350.000000 185.000000 424.000000 217.000000 1.551428 1.585798 3.654980 -8.486952 1.913160 26.671334 -2.284265 0.644970
Car -1 -1 -10 101.000000 180.000000 215.000000 221.000000 1.589344 1.639661 3.982256 -19.704289 1.996244 32.015132 -0.052208 0.598264
Car -1 -1 -10 619.000000 174.000000 702.000000 199.000000 1.538330 1.630573 4.079236 2.788534 1.609417 43.305295 2.760775 0.568400
Car -1 -1 -10 332.000000 180.000000 400.000000 206.000000 1.524239 1.504203 3.205062 -16.349471 2.716371 45.721339 1.256990 0.060007
Car -1 -1 -10 1.000000 166.000000 201.000000 233.000000 1.677917 1.642630 4.134564 -13.707581 1.565539 19.883559 -3.659187 0.010709
Cyclist -1 -1 -10 736.000000 167.000000 760.000000 231.000000 1.822043 0.668333 1.774281 3.772663 1.634487 19.842177 1.679932 0.134924
Cyclist -1 -1 -10 783.000000 176.000000 832.000000 204.000000 1.669578 0.522312 1.504197 4.926619 1.159601 17.437335 -0.734335 0.022860
