Pedestrian -1 -1 -10 118.000000 163.000000 137.000000 228.000000 1.721444 0.662551 0.668711 -13.337648 1.563273 19.976278 -2.652125 0.026489
Car -1 -1 -10 823.000000 191.000000 1044.000000 263.000000 1.469628 1.587645 3.928109 6.603716 1.944667 14.962461 -0.047998 0.999507
Car -1 -1 -10 3.000000 181.000000 318.000000 306.000000 1.464070 1.615415 3.969071 -6.333939 1.593927 9.588103 -3.202784 0.998560
Car -1 -1 -10 713.000000 184.000000 824.000000 226.000000 1.540691 1.639979 3.842404 5.783906 1.972032 26.893610 -0.104983 0.995859
Car -1 -1 -10 249.000000 179.000000 466.000000 249.000000 1.622915 1.613390 4.076541 -5.819053 1.780718 16.929746 0.146926 0.994859
Car -1 -1 -10 174.000000 182.000000 405.000000 275.000000 1.505680 1.512026 3.693412 -5.752121 1.735212 13.175616 -3.057226 0.993133
Car -1 -1 -10 959.000000 190.000000 1233.000000 366.000000 1.568029 1.606394 4.210965 6.224389 1.728480 7.220267 3.178059 0.990896
Car -1 -1 -10 639.000000 182.000000 672.000000 208.000000 1.415734 1.617982 3.768682 2.585487 2.090808 41.290999 -1.576865 0.990126
Car -1 -1 -10 798.000000 185.000000 942.000000 255.000000 1.548730 1.598352 3.796571 6.491382 1.909201 17.098566 -0.030019 0.984566
Car -1 -1 -10 336.000000 175.000000 472.000000 234.000000 1.548438 1.627619 4.093009 -6.422085 1.505425 21.568872 -3.240358 0.979674
Car -1 -1 -10 430.000000 177.000000 523.000000 213.000000 1.647842 1.620046 3.954848 -6.047991 1.935650 35.064989 -0.008180 0.891201
Car -1 -1 -10 386.000000 177.000000 500.000000 222.000000 1.501773 1.594217 3.913577 -5.774455 1.717163 26.822966 -3.004588 0.382922
Cyclist -1 -1 -10 119.000000 167.000000 139.000000 229.000000 1.654508 0.556338 1.633369 -13.871221 1.277368 20.479448 -2.133260 0.013979
