Car -1 -1 -10 665.000000 179.000000 721.000000 224.000000 1.477474 1.576217 3.491096 2.696790 1.664056 24.310978 -1.571022 0.999104
Car -1 -1 -10 327.000000 174.000000 487.000000 230.000000 1.620192 1.583686 4.049078 -5.941758 1.745785 21.965583 0.078024 0.997923
Car -1 -1 -10 -7.000000 180.000000 335.000000 303.000000 1.581272 1.618203 4.147725 -6.041879 1.717825 9.799538 -0.159360 0.996770
Car -1 -1 -10 719.000000 170.000000 896.000000 306.000000 1.609177 1.615691 3.690055 2.724686 1.624451 10.618926 -1.632791 0.994284
Car -1 -1 -10 389.000000 174.000000 500.000000 215.000000 1.511204 1.586568 4.011930 -6.333172 1.648346 28.992880 -3.177602 0.889388
Car -1 -1 -10 716.000000 171.000000 794.000000 214.000000 1.596138 1.659584 4.008779 6.336065 1.675407 29.463559 0.060717 0.695965
Car -1 -1 -10 1008.000000 224.000000 1239.000000 369.000000 1.476667 1.622415 3.784814 2.660736 1.682013 1.768769 -1.585898 0.688399
Car -1 -1 -10 123.000000 173.000000 372.000000 272.000000 1.536908 1.608691 4.000749 -6.540096 1.531460 13.829390 -3.461592 0.499050
Car -1 -1 -10 261.000000 178.000000 450.000000 242.000000 1.507217 1.575126 4.252187 -6.381427 1.694474 19.724376 -0.015035 0.205093
Car -1 -1 -10 428.000000 174.000000 520.000000 206.000000 1.531251 1.629129 3.819646 -5.839183 1.514328 34.909430 -2.944289 0.153162
