Pedestrian -1 -1 -10 962.000000 170.000000 1068.000000 377.000000 1.694346 0.595159 0.819261 3.140556 1.637372 5.516512 2.641038 0.996459
Pedestrian -1 -1 -10 987.000000 187.000000 1049.000000 272.000000 1.717416 0.610302 0.687228 7.073708 1.509100 12.041039 -0.571951 0.263267
Pedestrian -1 -1 -10 1011.000000 177.000000 1040.000000 269.000000 1.742729 0.671964 0.707493 7.261294 1.478194 12.325645 2.638737 0.036359
Pedestrian -1 -1 -10 975.000000 178.000000 1103.000000 306.000000 1.709242 0.627513 0.920660 7.273577 1.420991 11.660434 -0.551633 0.025871
Pedestrian -1 -1 -10 997.000000 181.000000 1022.000000 268.000000 1.688191 0.604585 0.639479 7.138139 1.409671 12.185260 3.035951 0.021983
Pedestrian -1 -1 -10 715.000000 156.000000 743.000000 204.000000 1.719794 0.646132 0.972924 4.722683 0.931130 26.664974 -0.372431 0.013734
Car -1 -1 -10 985.000000 179.000000 1204.000000 273.000000 1.514070 1.549197 3.408460 8.274964 1.470688 12.187973 -0.375344 0.981101
Car -1 -1 -10 979.000000 180.000000 1082.000000 271.000000 1.512419 1.589229 3.836385 8.785485 1.456518 12.031866 0.097658 0.023477
Car -1 -1 -10 1094.000000 173.000000 1197.000000 229.000000 1.510838 1.628115 3.870521 14.057604 1.150082 20.518262 2.740523 0.014217
Cyclist -1 -1 -10 1005.000000 178.000000 1048.000000 269.000000 1.719332 0.554382 1.785077 7.137697 1.519286 11.979073 -1.036120 0.030437
Cyclist -1 -1 -10 979.000000 180.000000 1082.000000 271.000000 1.729350 0.739170 1.895811 7.320526 1.497283 11.720834 -0.499602 0.012859
