Pedestrian -1 -1 -10 696.000000 166.000000 721.000000 238.000000 1.710813 0.581054 0.736427 2.095456 1.507156 15.825235 -1.398196 0.703398
Pedestrian -1 -1 -10 709.000000 162.000000 755.000000 241.000000 1.651904 0.641508 0.707828 2.282898 1.238577 13.936480 -1.810380 0.065555
Pedestrian -1 -1 -10 729.000000 150.000000 769.000000 251.000000 1.805019 0.666134 0.721161 2.558018 1.360897 13.978518 0.665922 0.061036
Pedestrian -1 -1 -10 743.000000 150.000000 769.000000 218.000000 1.744257 0.627198 0.642418 2.975876 1.136705 14.960930 2.811586 0.047316
Pedestrian -1 -1 -10 712.000000 166.000000 734.000000 236.000000 1.685064 0.612208 0.592469 2.140563 1.335461 13.880625 0.646304 0.029794
Pedestrian -1 -1 -10 748.000000 153.000000 795.000000 213.000000 1.718665 0.527617 0.610179 3.071107 1.053300 14.873809 2.728334 0.014874
Pedestrian -1 -1 -10 726.000000 147.000000 817.000000 258.000000 1.799611 0.691541 0.928980 2.595188 1.450017 12.426323 -2.476495 0.011120
Car -1 -1 -10 41.000000 171.000000 452.000000 375.000000 1.567280 1.629419 3.834808 -2.709017 1.547102 6.400351 -1.569924 0.999025
Car -1 -1 -10 595.000000 170.000000 621.000000 196.000000 1.627909 1.586298 3.729426 -0.190668 1.270932 46.302754 1.622570 0.996427
Car -1 -1 -10 69.000000 182.000000 305.000000 279.000000 1.886816 1.719500 4.254194 -16.207788 2.169786 26.055441 -1.554140 0.016194
Car -1 -1 -10 204.000000 181.000000 304.000000 222.000000 1.547512 1.567938 3.746979 -16.363770 1.438885 33.600937 -1.560968 0.011079
Cyclist -1 -1 -10 712.000000 148.000000 832.000000 260.000000 1.774594 0.730644 1.696244 2.613260 1.422340 13.456734 1.209372 0.999897
Cyclist -1 -1 -10 712.000000 156.000000 774.000000 254.000000 1.784901 0.629512 1.761296 2.664658 1.443819 14.402763 -0.835200 0.955052
Cyclist -1 -1 -10 878.000000 176.000000 915.000000 219.000000 1.647393 0.446419 1.526903 7.496232 1.685073 18.681828 1.506053 0.909078
Cyclist -1 -1 -10 703.000000 164.000000 743.000000 241.000000 1.711258 0.590011 1.684621 2.270541 1.405081 14.548911 1.778644 0.618810
Cyclist -1 -1 -10 697.000000 167.000000 724.000000 236.000000 1.696284 0.515331 1.778400 2.022931 1.510537 15.763429 -1.487520 0.545495
Cyclist -1 -1 -10 734.000000 152.000000 764.000000 230.000000 1.722615 0.527920 1.760752 2.983875 1.168884 14.891579 -1.018108 0.191172
Cyclist -1 -1 -10 725.000000 162.000000 755.000000 241.000000 1.718575 0.584569 1.803332 2.513987 1.336041 14.128470 -1.375583 0.171559
Cyclist -1 -1 -10 749.000000 152.000000 774.000000 220.000000 1.768780 0.660723 1.721621 2.779454 1.136155 14.973632 -1.321470 0.108094
Cyclist -1 -1 -10 730.000000 155.000000 809.000000 231.000000 1.749820 0.555341 1.770180 3.030885 1.251572 15.054400 -0.868632 0.106597
Cyclist -1 -1 -10 756.000000 153.000000 803.000000 206.000000 1.720368 0.554558 1.638529 8.897605 0.990598 38.776915 -0.755869 0.017164
Cyclist -1 -1 -10 300.000000 179.000000 397.000000 222.000000 1.615424 0.531088 1.707379 -9.462049 1.677044 24.709631 -1.491958 0.011579
Cyclist -1 -1 -10 337.000000 178.000000 383.000000 211.000000 1.707780 0.687602 1.798223 -15.625819 1.889978 44.252136 -2.461789 0.010685
