Pedestrian -1 -1 -10 420.000000 169.000000 455.000000 263.000000 1.759508 0.657203 0.824900 -3.316086 1.524167 14.328725 -1.765242 0.997153
Pedestrian -1 -1 -10 706.000000 172.000000 748.000000 290.000000 1.741553 0.638475 0.931760 1.915876 1.536145 11.047085 1.243370 0.992839
Pedestrian -1 -1 -10 643.000000 171.000000 672.000000 238.000000 1.749604 0.691308 1.005635 1.573029 1.460976 19.968809 -1.708322 0.989594
Pedestrian -1 -1 -10 806.000000 165.000000 838.000000 251.000000 1.786477 0.688356 0.883514 4.398650 1.454416 14.591949 1.699141 0.981786
Pedestrian -1 -1 -10 842.000000 164.000000 874.000000 255.000000 1.718016 0.642907 0.760128 4.880470 1.382071 13.726827 -1.272419 0.969934
Pedestrian -1 -1 -10 729.000000 175.000000 770.000000 283.000000 1.745255 0.650167 0.724048 2.373397 1.537059 11.521771 1.760351 0.933001
Pedestrian -1 -1 -10 685.000000 176.000000 715.000000 259.000000 1.746510 0.626935 0.823449 1.890957 1.573490 14.505260 -1.845516 0.880454
Pedestrian -1 -1 -10 371.000000 171.000000 401.000000 252.000000 1.670445 0.686328 0.556967 -4.363511 1.469434 14.656807 1.378973 0.765763
Pedestrian -1 -1 -10 760.000000 169.000000 791.000000 250.000000 1.692930 0.630423 0.763103 3.715047 1.389874 15.232368 -1.337810 0.749571
Pedestrian -1 -1 -10 781.000000 164.000000 806.000000 234.000000 1.782788 0.624126 0.760727 4.963492 1.300878 18.465738 -1.805580 0.692332
Pedestrian -1 -1 -10 679.000000 174.000000 698.000000 232.000000 1.603410 0.623213 0.678506 1.508875 0.605473 12.296169 0.193879 0.045429
Pedestrian -1 -1 -10 1183.000000 136.000000 1237.000000 279.000000 1.662635 0.549899 0.648446 5.645445 1.003488 6.500590 -0.363863 0.011176
Car -1 -1 -10 560.000000 178.000000 602.000000 212.000000 1.550069 1.614804 3.891104 -0.987151 1.392258 34.864756 1.632036 0.999255
Car -1 -1 -10 -2.000000 234.000000 189.000000 371.000000 1.488868 1.556701 3.697654 -3.168847 2.271047 3.717101 1.532825 0.446264
Car -1 -1 -10 0.000000 259.000000 68.000000 378.000000 1.532120 1.595051 3.682459 -1.768997 1.872396 3.905583 -2.860235 0.185141
Cyclist -1 -1 -10 364.000000 173.000000 404.000000 254.000000 1.691514 0.528277 1.783493 -4.441508 1.507263 14.561179 1.177518 0.085190
Cyclist -1 -1 -10 10.000000 228.000000 180.000000 370.000000 1.644149 0.533816 1.653363 -3.182504 2.110435 3.906171 1.570124 0.044015
Cyclist -1 -1 -10 943.000000 220.000000 1174.000000 371.000000 1.617181 0.547843 1.722646 2.590209 1.782404 4.328945 1.598334 0.042011
Cyclist -1 -1 -10 1184.000000 147.000000 1237.000000 277.000000 1.707936 0.580795 1.548760 5.580742 0.848759 6.549632 1.742506 0.034096
Cyclist -1 -1 -10 2.000000 202.000000 75.000000 304.000000 1.634633 0.378333 1.654838 -8.503129 1.965162 10.907589 -2.747117 0.020401
Cyclist -1 -1 -10 1203.000000 188.000000 1236.000000 315.000000 1.739264 0.567482 1.570180 7.727963 1.650988 8.892345 -0.223148 0.013644
