Pedestrian -1 -1 -10 -2.000000 187.000000 87.000000 349.000000 1.782030 0.616954 0.664728 -5.592383 1.590468 7.103957 0.486348 0.026962
Car -1 -1 -10 102.000000 179.000000 386.000000 292.000000 1.534539 1.612540 4.249904 -5.907674 1.605865 11.121667 0.003345 0.995947
Car -1 -1 -10 721.000000 176.000000 806.000000 212.000000 1.472906 1.555726 3.685595 6.274293 1.646369 29.528107 -2.086979 0.990566
Car -1 -1 -10 288.000000 175.000000 438.000000 237.000000 1.518589 1.613700 3.687936 -6.911193 1.514733 20.994354 -3.109088 0.959146
Car -1 -1 -10 625.000000 175.000000 661.000000 201.000000 1.476880 1.580805 3.656167 1.935481 1.666844 41.928713 -1.693570 0.922852
Car -1 -1 -10 839.000000 169.000000 1235.000000 375.000000 1.596515 1.638106 4.058437 3.014364 1.694479 4.258574 -1.615383 0.917769
Car -1 -1 -10 -5.000000 171.000000 259.000000 328.000000 1.648736 1.615943 3.689937 -6.462017 1.617896 8.495812 -3.222369 0.818640
Car -1 -1 -10 338.000000 173.000000 476.000000 224.000000 1.589150 1.631632 4.011125 -6.687312 1.544368 24.404859 -2.981484 0.794931
Car -1 -1 -10 428.000000 172.000000 513.000000 206.000000 1.586778 1.611212 3.758453 -6.342139 1.736386 38.106495 -1.711004 0.123384
Car -1 -1 -10 385.000000 170.000000 500.000000 214.000000 1.494260 1.572092 3.556774 -5.326269 1.165592 26.747355 -2.497333 0.052117
Car -1 -1 -10 0.000000 178.000000 106.000000 336.000000 1.570153 1.551087 3.555344 -6.137125 1.525085 7.279889 -3.768355 0.036632
