Pedestrian -1 -1 -10 672.000000 167.000000 689.000000 208.000000 1.779746 0.689569 0.891515 3.195684 1.586501 32.940274 1.241917 0.926246
Car -1 -1 -10 796.000000 182.000000 1208.000000 376.000000 1.452618 1.590915 3.780858 3.113185 1.598916 6.494616 -1.623688 0.999689
Car -1 -1 -10 13.000000 186.000000 299.000000 322.000000 1.519030 1.623191 3.911751 -5.839829 1.719075 9.895317 1.545942 0.997653
Car -1 -1 -10 466.000000 177.000000 521.000000 206.000000 1.485370 1.572703 3.786952 -5.929633 1.683386 36.562827 0.998346 0.997633
Car -1 -1 -10 349.000000 177.000000 415.000000 202.000000 1.479856 1.613641 3.966097 -13.343597 1.742748 43.116267 0.778557 0.973173
Car -1 -1 -10 165.000000 175.000000 250.000000 223.000000 1.499358 1.516372 3.799728 -14.655741 1.712209 26.683169 1.046735 0.736379
Car -1 -1 -10 2.000000 206.000000 85.000000 373.000000 1.497230 1.597936 3.789051 -5.720966 1.718106 4.993880 1.574180 0.507967
Car -1 -1 -10 104.000000 179.000000 187.000000 218.000000 1.451320 1.623251 3.890718 -17.303653 1.708257 27.984073 -1.982115 0.289521
Car -1 -1 -10 5.000000 198.000000 152.000000 335.000000 1.504239 1.591500 3.896977 -6.366762 1.660209 5.572363 1.519532 0.046541
Cyclist -1 -1 -10 672.000000 169.000000 689.000000 207.000000 1.777474 0.640476 1.721030 3.212230 1.523657 32.930509 1.062486 0.148725
