Car -1 -1 -10 635.000000 178.000000 673.000000 205.000000 1.459292 1.621804 3.923031 2.687111 1.049122 40.335658 -1.529767 0.999690
Car -1 -1 -10 97.000000 177.000000 407.000000 369.000000 1.547573 1.586343 3.614356 -3.535865 1.511688 7.774326 -1.571601 0.999517
Car -1 -1 -10 696.000000 185.000000 797.000000 256.000000 1.438994 1.565366 3.605913 2.950746 1.394818 15.972576 -1.598013 0.999407
Car -1 -1 -10 361.000000 180.000000 487.000000 260.000000 1.535254 1.637501 4.041886 -3.738062 1.423758 15.338728 -1.595625 0.998821
Car -1 -1 -10 459.000000 179.000000 519.000000 222.000000 1.491853 1.574082 3.699556 -4.399689 1.239879 27.183226 -1.573251 0.996233
Car -1 -1 -10 508.000000 179.000000 542.000000 206.000000 1.512888 1.558530 3.731182 -4.643584 1.140967 39.556807 -1.658387 0.982333
Car -1 -1 -10 587.000000 177.000000 616.000000 202.000000 1.503450 1.613338 3.711300 -0.536988 0.912357 45.573039 -1.614630 0.953728
Car -1 -1 -10 0.000000 182.000000 166.000000 319.000000 1.491797 1.594941 3.780182 -7.919631 1.584694 8.890462 1.599351 0.670585
Car -1 -1 -10 349.000000 180.000000 421.000000 219.000000 1.470550 1.587266 3.806708 -8.253671 1.331909 27.284659 -1.734544 0.668976
Car -1 -1 -10 414.000000 172.000000 454.000000 199.000000 1.566279 1.588198 3.879146 -8.696738 0.684223 36.895153 -1.737929 0.063031
Car -1 -1 -10 48.000000 197.000000 262.000000 303.000000 1.513085 1.613667 3.970445 -8.483399 1.564932 9.428186 1.572301 0.061529
