Car -1 -1 -10 689.000000 183.000000 778.000000 251.000000 1.476647 1.591271 3.613778 2.884163 1.728824 17.480536 -1.577449 0.999306
Car -1 -1 -10 233.000000 180.000000 449.000000 254.000000 1.515888 1.581437 4.066407 -5.682591 1.733236 15.250991 -0.035939 0.998505
Car -1 -1 -10 740.000000 173.000000 885.000000 228.000000 1.618575 1.636541 3.935123 6.463723 1.664156 22.621248 0.049176 0.993991
Car -1 -1 -10 381.000000 177.000000 494.000000 218.000000 1.557988 1.552004 3.875970 -6.137367 1.545210 26.312669 -3.135921 0.970999
Car -1 -1 -10 88.000000 182.000000 442.000000 274.000000 1.480193 1.621587 4.029268 -6.130010 1.688804 12.931587 0.036582 0.961551
Car -1 -1 -10 882.000000 165.000000 1239.000000 372.000000 1.530722 1.584532 3.891165 2.836915 1.599157 3.343138 -1.601611 0.937126
Car -1 -1 -10 19.000000 182.000000 268.000000 304.000000 1.474977 1.569341 3.737817 -6.912156 1.698584 10.327920 -3.124063 0.917912
Car -1 -1 -10 317.000000 178.000000 477.000000 233.000000 1.559628 1.616206 3.976294 -5.830896 1.732647 20.547783 0.650542 0.899288
Car -1 -1 -10 -3.000000 154.000000 182.000000 337.000000 1.795814 1.679340 3.931448 -6.753630 1.627976 7.880669 -3.127436 0.592215
Car -1 -1 -10 690.000000 174.000000 747.000000 203.000000 1.424697 1.585868 4.120139 5.794924 1.436643 37.089612 -0.022320 0.429469
Car -1 -1 -10 2.000000 202.000000 102.000000 377.000000 1.496479 1.615632 4.008437 -5.854339 1.887198 5.043000 0.017483 0.295205
Car -1 -1 -10 426.000000 176.000000 531.000000 209.000000 1.604164 1.624811 3.792123 -5.987235 1.722871 33.960434 -3.204641 0.166325
