Car -1 -1 -10 652.000000 173.000000 704.000000 214.000000 1.590341 1.677079 4.036631 2.610722 1.628221 29.743109 -1.620162 0.999026
Car -1 -1 -10 724.000000 187.000000 906.000000 299.000000 1.433658 1.659556 4.083576 2.815105 1.645245 11.035152 -1.622936 0.998997
Car -1 -1 -10 512.000000 178.000000 565.000000 221.000000 1.469377 1.564233 3.686831 -2.559766 1.678109 25.849263 1.583094 0.997778
Car -1 -1 -10 5.000000 186.000000 318.000000 325.000000 1.638308 1.664431 4.167394 -5.807943 1.762341 8.344870 -0.035179 0.997732
Car -1 -1 -10 423.000000 176.000000 506.000000 210.000000 1.479874 1.648336 3.993535 -6.568224 1.641202 32.727972 -3.247680 0.987858
Car -1 -1 -10 283.000000 175.000000 432.000000 241.000000 1.612907 1.638405 3.927745 -6.330629 1.616415 17.104537 -3.292045 0.930190
Car -1 -1 -10 125.000000 182.000000 375.000000 279.000000 1.568131 1.587050 4.072968 -5.973983 1.831763 11.726398 -0.119190 0.779778
Car -1 -1 -10 1089.000000 186.000000 1236.000000 368.000000 1.519035 1.635222 3.804725 2.635136 1.642665 1.470401 -1.570645 0.156640
Car -1 -1 -10 455.000000 175.000000 521.000000 205.000000 1.520152 1.648240 3.821084 -6.344623 1.646629 39.263853 1.000892 0.079920
Car -1 -1 -10 340.000000 179.000000 435.000000 220.000000 1.518130 1.539167 3.630695 -9.015681 1.794832 32.465401 0.870979 0.027437
Cyclist -1 -1 -10 93.000000 183.000000 383.000000 280.000000 1.731788 0.648049 1.896220 -5.467258 1.766103 11.468086 0.033780 0.013093
