Pedestrian -1 -1 -10 935.000000 133.000000 993.000000 282.000000 1.755572 0.697399 1.051754 4.718239 1.280979 9.669684 -1.289730 0.996082
Pedestrian -1 -1 -10 998.000000 130.000000 1050.000000 292.000000 1.724642 0.678562 0.742999 5.172376 1.117810 9.189389 -1.419754 0.927951
Pedestrian -1 -1 -10 988.000000 137.000000 1034.000000 242.000000 1.691780 0.669407 0.697320 6.728896 1.494840 12.760723 0.945115 0.070595
Pedestrian -1 -1 -10 995.000000 140.000000 1018.000000 229.000000 1.717519 0.619770 0.643558 7.019207 1.447230 13.054558 -0.581254 0.026027
Pedestrian -1 -1 -10 50.000000 199.000000 76.000000 257.000000 1.695623 0.670720 0.817486 -14.673769 2.898156 19.353486 -2.495992 0.023906
Car -1 -1 -10 903.000000 199.000000 1236.000000 370.000000 1.522596 1.575562 3.724586 3.061758 1.692698 3.768690 -1.595603 0.991237
Car -1 -1 -10 810.000000 166.000000 916.000000 204.000000 1.483551 1.615565 3.846100 10.350028 1.265529 28.788216 3.106159 0.969895
Car -1 -1 -10 24.000000 202.000000 141.000000 241.000000 1.550627 1.622689 3.768291 -20.202387 2.614688 28.042893 -0.008094 0.698235
Car -1 -1 -10 0.000000 204.000000 115.000000 262.000000 1.496318 1.572662 3.904875 -16.204229 2.349394 19.972865 -0.067161 0.507312
Car -1 -1 -10 211.000000 177.000000 349.000000 230.000000 1.918312 1.727437 4.266785 -12.692930 2.216121 28.147192 -3.112877 0.398459
Car -1 -1 -10 309.000000 182.000000 373.000000 209.000000 1.548082 1.600387 3.844342 -14.001014 2.030207 37.323281 0.868089 0.044331
Car -1 -1 -10 192.000000 188.000000 253.000000 214.000000 1.510805 1.568224 3.773527 -20.364326 2.288886 37.304247 0.717835 0.022858
Car -1 -1 -10 0.000000 206.000000 54.000000 260.000000 1.493024 1.573596 3.723859 -16.234644 2.294605 20.122548 0.368389 0.022800
Car -1 -1 -10 42.000000 201.000000 72.000000 261.000000 1.504911 1.588787 3.793106 -16.237254 2.451377 20.003352 0.919815 0.017707
Car -1 -1 -10 58.000000 198.000000 93.000000 243.000000 1.542161 1.506764 3.153276 -7.818772 1.756573 11.170893 0.902400 0.010007
Cyclist -1 -1 -10 991.000000 134.000000 1059.000000 289.000000 1.773613 0.526194 1.699785 5.267719 1.186464 9.399117 -1.435600 0.561182
Cyclist -1 -1 -10 896.000000 199.000000 1247.000000 363.000000 1.740445 0.722396 1.928353 2.524146 1.810869 3.815215 -1.572144 0.054339
Cyclist -1 -1 -10 934.000000 138.000000 995.000000 284.000000 1.867319 0.646764 1.700487 4.630134 1.371217 9.710304 -1.138813 0.041411
