Pedestrian -1 -1 -10 573.000000 163.000000 609.000000 273.000000 1.798370 0.643943 0.900878 -0.262396 1.539638 11.565905 0.529977 0.984710
Pedestrian -1 -1 -10 555.000000 169.000000 596.000000 275.000000 1.731052 0.618972 0.776805 -0.407370 1.476356 11.238705 0.408323 0.965658
Pedestrian -1 -1 -10 1002.000000 149.000000 1024.000000 214.000000 1.722220 0.554489 0.750890 10.345703 0.907797 18.214366 1.094335 0.179433
Pedestrian -1 -1 -10 1205.000000 146.000000 1223.000000 223.000000 1.643800 0.606158 0.642265 7.956114 0.634720 9.239468 0.781500 0.124953
Pedestrian -1 -1 -10 881.000000 152.000000 899.000000 195.000000 1.772833 0.634873 0.878215 13.427914 0.541210 33.375771 0.999548 0.091451
Pedestrian -1 -1 -10 1183.000000 147.000000 1221.000000 281.000000 1.762461 0.648266 0.837889 7.088843 1.263456 8.243130 3.325206 0.018005
Pedestrian -1 -1 -10 1210.000000 112.000000 1222.000000 307.000000 1.654623 0.515080 0.535738 6.980805 1.043513 8.077766 3.254270 0.014803
Car -1 -1 -10 448.000000 173.000000 481.000000 199.000000 1.607393 1.618385 3.741077 -8.610986 1.115179 43.865759 1.454932 0.997051
Car -1 -1 -10 0.000000 205.000000 295.000000 365.000000 1.552375 1.624879 3.809324 -3.171632 1.729493 3.680967 -1.568783 0.974265
Cyclist -1 -1 -10 1205.000000 147.000000 1224.000000 222.000000 1.680519 0.507340 1.367891 8.822822 0.603735 10.401297 1.699794 0.162274
Cyclist -1 -1 -10 1207.000000 116.000000 1222.000000 311.000000 1.717790 0.399786 1.185997 14.538699 1.812223 16.175755 -0.851144 0.039902
Cyclist -1 -1 -10 18.000000 198.000000 278.000000 361.000000 1.662407 0.630512 1.766323 -2.684448 1.649082 3.640579 -1.580388 0.019176
