Pedestrian -1 -1 -10 648.000000 190.000000 730.000000 247.000000 1.692328 0.682725 0.992793 1.630465 2.054651 19.155558 0.202276 0.012511
Car -1 -1 -10 423.000000 192.000000 502.000000 249.000000 1.504824 1.631947 3.939566 -4.277046 2.106284 21.549035 1.503818 0.998764
Car -1 -1 -10 751.000000 194.000000 973.000000 346.000000 1.502271 1.598200 3.468896 2.972531 1.835371 9.438267 -1.634187 0.997422
Car -1 -1 -10 687.000000 190.000000 789.000000 271.000000 1.542386 1.573920 3.427540 2.626452 1.943207 15.953831 -1.673115 0.996552
Car -1 -1 -10 647.000000 189.000000 732.000000 248.000000 1.510541 1.628231 3.901745 2.026247 1.993565 20.823813 -1.644337 0.995450
Car -1 -1 -10 -2.000000 198.000000 340.000000 375.000000 1.528046 1.603119 3.792112 -3.473697 1.862313 5.375619 1.522652 0.987226
Car -1 -1 -10 631.000000 189.000000 689.000000 233.000000 1.497752 1.631062 3.963155 1.823501 2.172487 26.497763 -1.632213 0.954464
Car -1 -1 -10 854.000000 211.000000 1242.000000 377.000000 1.463651 1.588838 3.867746 2.985086 1.762461 4.088575 -1.559930 0.936407
Car -1 -1 -10 467.000000 192.000000 515.000000 236.000000 1.457351 1.569668 3.704821 -4.588239 2.273658 27.202281 1.580072 0.737295
Car -1 -1 -10 492.000000 192.000000 527.000000 221.000000 1.594693 1.501663 3.291198 -5.508057 2.305728 35.851945 1.566813 0.371764
