Car -1 -1 -10 652.000000 179.000000 703.000000 219.000000 1.430562 1.641115 3.865069 2.636048 1.717756 27.984748 -1.564495 0.998879
Car -1 -1 -10 66.000000 180.000000 405.000000 274.000000 1.663177 1.705609 4.269124 -6.315266 1.716915 12.371487 -0.022429 0.998022
Car -1 -1 -10 0.000000 177.000000 247.000000 310.000000 1.542806 1.602803 3.707500 -7.055665 1.661623 9.677982 -3.103726 0.997509
Car -1 -1 -10 305.000000 179.000000 473.000000 235.000000 1.484201 1.597087 3.888514 -5.789703 1.865789 21.648967 0.771640 0.960546
Car -1 -1 -10 209.000000 183.000000 415.000000 252.000000 1.525233 1.580031 3.740435 -5.679714 1.741359 14.473642 -3.168816 0.890505
Car -1 -1 -10 408.000000 178.000000 520.000000 215.000000 1.675740 1.629762 3.945147 -5.828698 1.744428 31.978312 -3.245980 0.627679
Car -1 -1 -10 457.000000 177.000000 534.000000 207.000000 1.528341 1.637167 3.822349 -5.650455 1.883886 42.857539 -1.695140 0.227316
Car -1 -1 -10 694.000000 73.000000 1006.000000 319.000000 2.177542 1.810898 4.430645 2.909680 1.628347 9.920377 -1.627403 0.153158
Car -1 -1 -10 680.000000 174.000000 719.000000 205.000000 1.559994 1.638538 3.806096 5.230421 1.971886 38.229827 -1.462189 0.065538
Car -1 -1 -10 710.000000 174.000000 794.000000 219.000000 1.555185 1.557526 3.311910 4.216600 1.590268 20.825035 2.664136 0.051132
Car -1 -1 -10 379.000000 178.000000 481.000000 223.000000 1.482854 1.627900 4.008326 -6.782584 1.619101 29.408663 -2.922680 0.037825
Car -1 -1 -10 707.000000 166.000000 828.000000 240.000000 1.530758 1.510617 3.144515 2.085904 1.609865 14.184003 2.315425 0.021664
