Car -1 -1 -10 682.000000 179.000000 762.000000 237.000000 1.453868 1.613508 4.007302 2.992247 1.641773 20.098171 1.548656 0.999591
Car -1 -1 -10 399.000000 174.000000 507.000000 250.000000 1.509841 1.527756 3.453689 -3.235798 1.512992 15.468406 1.564063 0.999544
Car -1 -1 -10 468.000000 174.000000 545.000000 223.000000 1.565587 1.593827 3.915694 -3.128165 1.579825 22.659221 1.609632 0.996684
Car -1 -1 -10 14.000000 171.000000 406.000000 377.000000 1.621613 1.602732 3.840064 -3.269435 1.598249 6.717385 1.563955 0.993262
Car -1 -1 -10 651.000000 173.000000 685.000000 200.000000 1.497698 1.626542 3.782594 3.203553 1.510144 40.260656 -1.520409 0.986731
Car -1 -1 -10 772.000000 202.000000 1221.000000 372.000000 1.387300 1.628395 4.151898 2.733977 1.717573 6.088742 1.578514 0.984994
Car -1 -1 -10 -3.000000 213.000000 115.000000 374.000000 1.522633 1.599174 3.793651 -3.020364 1.558256 1.423227 -1.541376 0.577755
Car -1 -1 -10 9.000000 183.000000 205.000000 375.000000 1.523217 1.599122 3.788077 -3.096966 1.557269 1.482551 -1.497415 0.072575
Car -1 -1 -10 982.000000 228.000000 1233.000000 373.000000 1.449280 1.572168 3.914288 2.782642 1.922904 5.734938 1.604852 0.031655
Car -1 -1 -10 1103.000000 255.000000 1237.000000 371.000000 1.525038 1.604916 3.737950 1.682464 1.918659 4.581996 -0.236753 0.016027
Car -1 -1 -10 220.000000 179.000000 404.000000 289.000000 1.510227 1.517817 3.272615 -4.332018 2.083239 11.314684 -1.279866 0.013125
