Pedestrian -1 -1 -10 1075.000000 142.000000 1215.000000 372.000000 1.719352 0.675643 0.991878 3.675959 1.418433 4.789780 -1.527113 0.994740
Pedestrian -1 -1 -10 841.000000 164.000000 933.000000 363.000000 1.808125 0.635474 0.921262 2.584812 1.637804 6.636663 -2.253120 0.994097
Pedestrian -1 -1 -10 614.000000 178.000000 645.000000 249.000000 1.757134 0.631383 1.014436 0.710991 1.713824 18.536270 2.753878 0.987237
Pedestrian -1 -1 -10 553.000000 178.000000 585.000000 256.000000 1.765395 0.737630 0.923185 -0.802571 1.720848 16.695657 1.499615 0.975000
Pedestrian -1 -1 -10 2.000000 212.000000 82.000000 371.000000 1.669059 0.671915 0.721856 -3.713210 1.629988 4.485096 2.013024 0.555421
Pedestrian -1 -1 -10 729.000000 174.000000 742.000000 220.000000 1.784356 0.670780 0.911931 5.498314 1.561923 29.482274 1.383791 0.453676
Pedestrian -1 -1 -10 126.000000 170.000000 170.000000 293.000000 1.835876 0.636398 0.867485 -7.170537 1.664227 11.481388 0.535545 0.191981
Pedestrian -1 -1 -10 845.000000 179.000000 919.000000 288.000000 1.698141 0.611944 0.601945 5.785526 1.105329 14.490949 -0.664850 0.120511
Pedestrian -1 -1 -10 0.000000 184.000000 38.000000 333.000000 1.694538 0.623324 0.587632 -3.794177 1.364975 5.051673 -1.634893 0.109892
Pedestrian -1 -1 -10 852.000000 187.000000 901.000000 252.000000 1.685931 0.622567 0.628585 4.498330 1.720362 12.611539 2.901739 0.090895
Pedestrian -1 -1 -10 814.000000 191.000000 836.000000 252.000000 1.702975 0.610199 0.634972 5.726538 1.678400 18.060234 2.871152 0.077572
Pedestrian -1 -1 -10 859.000000 188.000000 880.000000 257.000000 1.706933 0.522738 0.595247 3.760518 1.557761 9.012348 3.339818 0.054032
Pedestrian -1 -1 -10 874.000000 187.000000 917.000000 261.000000 1.680646 0.592319 0.649377 2.477654 1.688740 6.200977 -1.781683 0.049324
Pedestrian -1 -1 -10 888.000000 186.000000 909.000000 249.000000 1.753992 0.615762 0.667472 6.097738 1.536184 14.689519 -1.112401 0.038435
Pedestrian -1 -1 -10 903.000000 197.000000 956.000000 270.000000 1.733108 0.636336 0.663207 5.809194 1.447488 12.430019 -0.569331 0.031909
Pedestrian -1 -1 -10 888.000000 191.000000 931.000000 287.000000 1.676660 0.616573 0.605743 6.517394 1.440114 14.355684 0.947372 0.028503
Pedestrian -1 -1 -10 1173.000000 200.000000 1214.000000 309.000000 1.673378 0.589989 0.607226 3.417679 1.606903 4.245587 -1.499947 0.023965
Car -1 -1 -10 384.000000 169.000000 536.000000 275.000000 1.972606 1.759832 4.318825 -2.767645 1.661850 15.151214 1.676394 0.964044
Car -1 -1 -10 483.000000 174.000000 568.000000 242.000000 1.811369 1.628614 3.982582 -1.899219 1.636675 21.534259 1.605635 0.082017
Cyclist -1 -1 -10 0.000000 208.000000 83.000000 369.000000 1.657690 0.579485 1.697809 -3.850248 1.543002 4.530081 -2.386328 0.170894
Cyclist -1 -1 -10 838.000000 170.000000 931.000000 354.000000 1.788099 0.573824 1.714645 2.572892 1.574956 6.827629 1.418889 0.044669
Cyclist -1 -1 -10 849.000000 184.000000 912.000000 256.000000 1.685767 0.548529 1.604836 5.775849 1.251086 15.020573 3.485084 0.032155
Cyclist -1 -1 -10 855.000000 195.000000 876.000000 256.000000 1.677954 0.514024 1.434747 4.612775 1.554596 12.875796 -1.264703 0.019254
Cyclist -1 -1 -10 842.000000 199.000000 888.000000 250.000000 1.667343 0.575165 1.536073 5.957653 1.659860 17.138150 1.333466 0.013560
