Pedestrian -1 -1 -10 799.000000 154.000000 828.000000 212.000000 1.710396 0.529384 0.591147 3.840901 1.342992 12.819524 3.263306 0.036293
Car -1 -1 -10 642.000000 176.000000 688.000000 213.000000 1.466040 1.641363 3.836644 2.292140 1.638969 31.926421 -1.604212 0.998864
Car -1 -1 -10 221.000000 190.000000 444.000000 321.000000 1.476637 1.643025 4.147269 -3.737970 1.822150 10.602393 1.538689 0.997395
Car -1 -1 -10 758.000000 158.000000 912.000000 209.000000 1.617439 1.601119 3.841078 7.882175 1.282965 24.825583 3.108248 0.991819
Car -1 -1 -10 -1.000000 203.000000 268.000000 334.000000 1.465442 1.591300 3.825653 -6.734743 1.993682 10.370936 1.573037 0.991159
Car -1 -1 -10 386.000000 187.000000 494.000000 252.000000 1.462018 1.526947 3.632544 -4.043352 1.876503 18.403030 1.555584 0.987210
Car -1 -1 -10 449.000000 181.000000 491.000000 214.000000 1.530633 1.624691 3.900107 -7.143823 1.790557 35.941726 1.394055 0.335185
Car -1 -1 -10 730.000000 161.000000 827.000000 201.000000 1.559339 1.627294 4.003627 6.955051 1.316075 28.246102 3.112296 0.184306
Car -1 -1 -10 903.000000 152.000000 979.000000 177.000000 1.554235 1.604569 3.848651 20.301597 0.252709 44.926174 -0.179371 0.133047
Car -1 -1 -10 430.000000 184.000000 494.000000 237.000000 1.495166 1.569458 3.624522 -4.306432 1.894586 18.990804 1.814046 0.026026
Car -1 -1 -10 799.000000 154.000000 828.000000 212.000000 1.526741 1.562964 3.339063 6.203225 1.512584 21.469959 2.746727 0.023022
Car -1 -1 -10 376.000000 188.000000 453.000000 235.000000 1.430802 1.597231 3.834054 -6.463241 2.087940 25.137250 0.776527 0.015382
Cyclist -1 -1 -10 799.000000 154.000000 828.000000 212.000000 1.692564 0.494818 1.481669 4.689410 1.166013 15.892409 -1.927055 0.012316
