Pedestrian -1 -1 -10 840.000000 146.000000 889.000000 270.000000 1.733150 0.594548 0.964853 3.629848 1.263277 9.887010 -1.766446 0.998993
Pedestrian -1 -1 -10 1021.000000 145.000000 1124.000000 360.000000 1.759865 0.676581 0.917466 3.839193 1.393378 5.925041 1.286772 0.997473
Pedestrian -1 -1 -10 551.000000 152.000000 580.000000 229.000000 1.691958 0.651375 0.633162 -0.878604 1.003503 14.414862 1.089771 0.996458
Pedestrian -1 -1 -10 514.000000 151.000000 543.000000 231.000000 1.681025 0.630208 0.575375 -1.604791 1.049731 14.031878 1.058678 0.995128
Pedestrian -1 -1 -10 475.000000 143.000000 501.000000 210.000000 1.753541 0.671532 0.905070 -2.890819 0.793607 17.797297 -2.119322 0.920984
Pedestrian -1 -1 -10 650.000000 142.000000 670.000000 204.000000 1.814322 0.656804 0.786622 1.479350 0.625124 20.810252 -1.999824 0.712799
Pedestrian -1 -1 -10 644.000000 145.000000 658.000000 198.000000 1.714539 0.599712 0.667424 1.624549 0.733699 24.922912 -1.461199 0.433709
Pedestrian -1 -1 -10 598.000000 142.000000 612.000000 190.000000 1.709948 0.647596 0.829437 -0.111156 0.321012 25.210884 -1.628553 0.415275
Pedestrian -1 -1 -10 547.000000 142.000000 565.000000 186.000000 1.828412 0.753370 0.826663 -2.328270 0.246075 30.928991 2.993615 0.338060
Pedestrian -1 -1 -10 268.000000 137.000000 324.000000 257.000000 1.810453 0.709820 0.949365 -5.065864 1.085601 11.570001 -1.953561 0.279020
Pedestrian -1 -1 -10 483.000000 143.000000 506.000000 192.000000 1.652940 0.624431 0.649206 -1.717093 0.444420 10.468721 -0.080309 0.233099
Pedestrian -1 -1 -10 431.000000 140.000000 456.000000 202.000000 1.710419 0.565725 0.826603 -3.965041 0.671028 17.589872 0.391856 0.218845
Pedestrian -1 -1 -10 551.000000 146.000000 570.000000 200.000000 1.683280 0.612588 0.624024 -1.711841 1.459207 23.442273 2.459848 0.210152
Pedestrian -1 -1 -10 527.000000 144.000000 541.000000 187.000000 1.741709 0.589775 0.670071 -3.297689 -0.057564 32.772112 2.470677 0.146251
Pedestrian -1 -1 -10 539.000000 142.000000 552.000000 182.000000 1.699520 0.636956 0.628671 -3.086881 0.929690 36.278973 2.473306 0.140914
Pedestrian -1 -1 -10 440.000000 142.000000 466.000000 200.000000 1.730746 0.594846 0.784033 -3.884238 0.678496 18.073946 -1.846832 0.109182
Pedestrian -1 -1 -10 492.000000 142.000000 508.000000 180.000000 1.772209 0.648251 0.767687 -5.442964 -0.035435 36.215921 2.930533 0.097914
Pedestrian -1 -1 -10 251.000000 136.000000 290.000000 255.000000 1.836142 0.656540 1.011883 -5.900321 1.104703 12.011811 2.102348 0.090034
Pedestrian -1 -1 -10 422.000000 141.000000 445.000000 205.000000 1.852105 0.642841 0.856116 -5.654453 0.592847 22.598891 1.822198 0.045494
Pedestrian -1 -1 -10 456.000000 141.000000 473.000000 192.000000 1.755332 0.603394 0.739510 -4.880930 0.439953 24.717671 1.398299 0.043594
Pedestrian -1 -1 -10 417.000000 142.000000 469.000000 207.000000 1.711848 0.586367 0.839962 -3.990437 0.661417 17.505492 -2.901280 0.038078
Cyclist -1 -1 -10 266.000000 139.000000 330.000000 255.000000 1.790189 0.579301 1.725698 -5.126972 1.126200 11.762633 -1.459306 0.876052
Cyclist -1 -1 -10 422.000000 142.000000 462.000000 215.000000 1.794260 0.509612 1.742520 -3.966671 0.785256 17.790837 -1.344840 0.759448
Cyclist -1 -1 -10 649.000000 140.000000 671.000000 205.000000 1.822800 0.568574 1.738072 1.397946 0.640905 20.895725 1.698287 0.527682
Cyclist -1 -1 -10 282.000000 143.000000 345.000000 225.000000 1.654427 0.522985 1.540242 -6.329913 1.304197 15.663390 -1.969019 0.399647
Cyclist -1 -1 -10 302.000000 145.000000 372.000000 213.000000 1.744572 0.531593 1.653497 -6.936613 1.276583 18.371649 -1.960042 0.283124
Cyclist -1 -1 -10 383.000000 149.000000 466.000000 218.000000 1.736717 0.629387 1.541915 -4.388236 0.951711 17.500942 -1.834560 0.266827
Cyclist -1 -1 -10 333.000000 147.000000 381.000000 201.000000 1.719870 0.490469 1.365658 -6.466917 1.106544 18.844689 -0.196209 0.144713
Cyclist -1 -1 -10 406.000000 142.000000 448.000000 210.000000 1.682810 0.482741 1.657078 -5.773367 0.409728 22.791108 -2.299703 0.143871
Cyclist -1 -1 -10 439.000000 142.000000 465.000000 201.000000 1.707540 0.595198 1.680976 -4.019497 0.632498 18.149896 1.917341 0.121497
Cyclist -1 -1 -10 551.000000 148.000000 580.000000 226.000000 1.725510 0.582505 1.686812 -0.808730 1.016357 14.443758 1.516346 0.114062
Cyclist -1 -1 -10 396.000000 144.000000 428.000000 198.000000 1.747125 0.558265 1.704966 -6.268993 0.596788 22.989111 -1.332948 0.085131
Cyclist -1 -1 -10 360.000000 147.000000 403.000000 199.000000 1.661558 0.494029 1.654213 -7.303511 0.630078 22.324844 -1.345080 0.063491
Cyclist -1 -1 -10 474.000000 140.000000 505.000000 204.000000 1.753792 0.621658 1.803101 -2.904279 0.511609 18.268223 0.870460 0.058650
Cyclist -1 -1 -10 485.000000 142.000000 506.000000 186.000000 1.743565 0.558743 1.694905 -5.659042 -0.163061 36.590559 -2.243875 0.057535
Cyclist -1 -1 -10 551.000000 142.000000 567.000000 186.000000 1.755483 0.513206 1.646100 -2.160084 -0.211534 31.938855 -2.223946 0.043302
Cyclist -1 -1 -10 251.000000 136.000000 290.000000 255.000000 1.771428 0.576360 1.813859 -5.681873 1.075364 12.005988 0.679378 0.039953
Cyclist -1 -1 -10 527.000000 144.000000 541.000000 187.000000 1.747625 0.613273 1.675638 -3.321508 -0.061069 32.783521 0.891845 0.036133
Cyclist -1 -1 -10 538.000000 142.000000 552.000000 183.000000 1.696245 0.486423 1.319366 -1.504671 1.032283 17.510396 0.881387 0.017868
Cyclist -1 -1 -10 456.000000 141.000000 473.000000 192.000000 1.795005 0.633823 1.652321 -5.028193 0.493229 25.102980 -1.764511 0.014168
