Pedestrian -1 -1 -10 785.000000 150.000000 808.000000 231.000000 1.641720 0.739702 0.896946 5.536031 1.067952 21.236502 -1.357763 0.704870
Pedestrian -1 -1 -10 767.000000 154.000000 787.000000 235.000000 1.732311 0.684566 0.771830 5.047380 1.323741 21.684607 -1.278411 0.413760
Pedestrian -1 -1 -10 770.000000 157.000000 817.000000 227.000000 1.619234 0.729119 0.932743 5.334113 1.050923 21.290024 -0.895748 0.158414
Car -1 -1 -10 180.000000 189.000000 366.000000 294.000000 1.564984 1.565991 3.666833 -5.804540 1.907128 12.924465 1.573546 0.999556
Car -1 -1 -10 795.000000 181.000000 1161.000000 377.000000 1.470735 1.626424 3.876031 3.064990 1.599667 6.968248 -1.618098 0.997272
Car -1 -1 -10 321.000000 188.000000 427.000000 252.000000 1.492325 1.536717 3.644246 -5.761529 1.880888 18.105663 1.544575 0.995422
Car -1 -1 -10 724.000000 178.000000 896.000000 283.000000 1.488867 1.589263 3.504164 3.101453 1.580798 12.152402 -1.686474 0.990638
Car -1 -1 -10 705.000000 179.000000 792.000000 240.000000 1.458062 1.591475 3.793404 3.306725 1.578679 17.885102 -1.575619 0.979719
Car -1 -1 -10 1.000000 201.000000 118.000000 285.000000 1.509450 1.583002 3.707316 -11.106558 2.012539 15.260582 1.892754 0.195048
Car -1 -1 -10 862.000000 166.000000 938.000000 216.000000 1.500353 1.595142 3.920605 12.044360 0.951669 28.202711 1.304843 0.024329
Car -1 -1 -10 1.000000 193.000000 143.000000 349.000000 1.613517 1.647953 4.200701 -6.494853 1.758487 9.213533 -1.232512 0.023897
Car -1 -1 -10 742.000000 171.000000 829.000000 230.000000 1.495006 1.611605 4.020460 5.972098 0.824540 22.621878 1.375524 0.017494
Car -1 -1 -10 779.000000 166.000000 819.000000 232.000000 1.501273 1.566706 3.913058 5.070621 0.779910 22.352862 -2.312475 0.012161
Cyclist -1 -1 -10 861.000000 169.000000 953.000000 218.000000 1.695945 0.663114 1.712602 11.007868 1.418984 26.337270 -0.629430 0.014286
