Pedestrian -1 -1 -10 774.000000 162.000000 797.000000 218.000000 1.716037 0.580165 0.935533 5.368936 1.391480 22.100261 -1.323498 0.429984
Pedestrian -1 -1 -10 795.000000 164.000000 813.000000 213.000000 1.704720 0.657819 0.850174 7.381258 1.440660 27.301904 -1.675209 0.229813
Pedestrian -1 -1 -10 811.000000 167.000000 831.000000 210.000000 1.746718 0.653576 0.818014 7.972141 1.500056 27.397141 -1.203981 0.056062
Car -1 -1 -10 1157.000000 199.000000 1238.000000 244.000000 1.497920 1.578012 3.872920 34.888783 4.345294 42.404098 -1.895015 0.034148
Car -1 -1 -10 996.000000 164.000000 1076.000000 195.000000 1.524243 1.504204 3.205060 35.154444 2.179599 57.891111 2.116806 0.029655
Cyclist -1 -1 -10 961.000000 136.000000 1100.000000 323.000000 1.825625 0.511547 1.734981 4.359062 1.408382 7.724869 -1.588065 0.999851
Cyclist -1 -1 -10 772.000000 162.000000 798.000000 219.000000 1.736768 0.564962 1.771580 5.289014 1.441504 22.239574 -1.540463 0.996769
Cyclist -1 -1 -10 725.000000 170.000000 740.000000 202.000000 1.716973 0.495187 1.680064 6.430969 1.484347 38.314614 -1.368768 0.131881
Cyclist -1 -1 -10 811.000000 167.000000 831.000000 210.000000 1.717258 0.493836 1.724924 7.968346 1.507665 27.383925 -1.743816 0.051501
Cyclist -1 -1 -10 795.000000 166.000000 813.000000 212.000000 1.784228 0.597563 1.746565 7.270518 1.489524 27.444398 -1.676372 0.024011
Cyclist -1 -1 -10 1006.000000 163.000000 1063.000000 202.000000 1.689971 0.492008 1.483454 8.701045 1.406025 14.197800 -1.665627 0.012205
