Car -1 -1 -10 570.000000 179.000000 605.000000 210.000000 1.592005 1.620553 3.950774 -1.175675 1.241368 39.344691 -1.597128 0.999745
Car -1 -1 -10 108.000000 193.000000 416.000000 371.000000 1.511326 1.626582 3.984058 -3.391392 1.604480 8.054020 -1.564995 0.999520
Car -1 -1 -10 414.000000 186.000000 487.000000 233.000000 1.486974 1.618967 3.972673 -5.090978 1.469918 23.478433 -1.612422 0.998757
Car -1 -1 -10 2.000000 195.000000 219.000000 311.000000 1.440858 1.578699 3.726842 -7.648350 1.671534 10.669781 -1.609369 0.996567
Car -1 -1 -10 343.000000 186.000000 401.000000 224.000000 1.459096 1.589507 3.741429 -8.946988 1.482508 26.907973 -1.597408 0.815410
Car -1 -1 -10 159.000000 179.000000 255.000000 235.000000 1.586371 1.659460 4.151771 -12.802115 1.525538 24.145161 -1.584665 0.544461
Car -1 -1 -10 295.000000 193.000000 368.000000 238.000000 1.469662 1.582871 3.692255 -9.389210 1.622835 26.500147 -1.896213 0.209872
Car -1 -1 -10 417.000000 182.000000 470.000000 213.000000 1.504236 1.619006 3.922890 -8.655531 1.330782 36.562307 1.739120 0.178001
Car -1 -1 -10 194.000000 194.000000 373.000000 280.000000 1.519511 1.629592 3.917482 -7.952575 1.277260 19.297788 1.504566 0.032397
Cyclist -1 -1 -10 157.000000 177.000000 261.000000 238.000000 1.705463 0.823905 1.842228 -12.663434 1.760747 22.227009 2.578658 0.061523
Cyclist -1 -1 -10 271.000000 192.000000 372.000000 241.000000 1.752350 0.686816 1.673720 -7.485766 1.417926 19.328572 -1.336607 0.013337
