Car -1 -1 -10 670.000000 183.000000 734.000000 231.000000 1.464041 1.577128 3.683947 2.766393 1.778813 22.443377 -1.570697 0.999388
Car -1 -1 -10 284.000000 180.000000 485.000000 239.000000 1.497038 1.616818 4.301256 -5.619414 1.721442 19.876239 0.098297 0.996576
Car -1 -1 -10 -3.000000 182.000000 251.000000 346.000000 1.611344 1.635063 4.025197 -6.250103 1.672231 7.443215 -0.017362 0.996452
Car -1 -1 -10 741.000000 167.000000 978.000000 347.000000 1.616096 1.617035 3.751479 2.801797 1.665340 8.799648 -1.614051 0.982168
Car -1 -1 -10 356.000000 177.000000 504.000000 224.000000 1.500075 1.614670 4.169140 -6.137097 1.722857 25.092879 0.225996 0.977715
Car -1 -1 -10 53.000000 168.000000 327.000000 302.000000 1.693343 1.660867 4.125765 -6.409891 1.662584 11.271256 0.451427 0.955372
Car -1 -1 -10 721.000000 173.000000 812.000000 219.000000 1.611913 1.652827 3.939160 6.269451 1.754245 27.438907 0.050364 0.951835
Car -1 -1 -10 412.000000 177.000000 511.000000 212.000000 1.500210 1.576961 3.786136 -6.113784 1.473128 31.929541 -3.129932 0.500707
Car -1 -1 -10 195.000000 185.000000 372.000000 258.000000 1.477917 1.607395 3.960758 -7.299781 1.645503 15.147707 -3.122547 0.176467
Car -1 -1 -10 677.000000 174.000000 723.000000 201.000000 1.511039 1.603964 4.001347 5.610811 1.501214 42.681285 -0.073567 0.156256
