Pedestrian -1 -1 -10 861.000000 168.000000 952.000000 370.000000 1.592244 0.648117 0.737092 2.112503 1.468111 5.421036 -1.647023 0.943118
Pedestrian -1 -1 -10 901.000000 207.000000 998.000000 368.000000 1.683280 0.612588 0.624024 2.022294 1.631244 3.892024 2.962374 0.514457
Pedestrian -1 -1 -10 439.000000 182.000000 469.000000 260.000000 1.722449 0.615973 0.618117 -2.749368 1.784570 13.416302 1.859006 0.410568
Car -1 -1 -10 804.000000 174.000000 871.000000 226.000000 1.450430 1.622815 3.869887 7.055013 1.553502 22.637540 -1.395518 0.998414
Car -1 -1 -10 899.000000 191.000000 1247.000000 376.000000 1.529392 1.624654 3.817409 3.270302 1.555758 5.025591 -1.438054 0.992419
Car -1 -1 -10 373.000000 184.000000 511.000000 256.000000 1.540822 1.606737 3.798828 -3.855454 1.825101 15.673515 1.912599 0.959173
Car -1 -1 -10 790.000000 163.000000 828.000000 204.000000 1.669451 1.680648 3.892205 11.078059 1.373248 38.236231 0.321375 0.120289
Car -1 -1 -10 896.000000 200.000000 1014.000000 363.000000 1.487426 1.610184 3.947883 3.074813 1.370835 4.892951 1.604939 0.071867
Car -1 -1 -10 896.000000 192.000000 1095.000000 271.000000 1.646755 1.640360 3.932465 10.297833 1.667916 19.857625 0.026718 0.025003
Car -1 -1 -10 796.000000 170.000000 846.000000 212.000000 1.597942 1.506257 3.533249 7.263260 1.553629 23.445976 -1.366964 0.010377
Cyclist -1 -1 -10 856.000000 180.000000 979.000000 369.000000 1.674455 0.555658 1.713364 2.218268 1.593326 5.295705 1.440498 0.571963
Cyclist -1 -1 -10 909.000000 201.000000 1000.000000 362.000000 1.677954 0.514024 1.434748 2.107312 1.576118 4.073475 -1.172118 0.044611
Cyclist -1 -1 -10 864.000000 178.000000 948.000000 300.000000 1.694150 0.660253 1.774051 2.312293 1.453785 5.661904 -1.093425 0.037610
Cyclist -1 -1 -10 879.000000 177.000000 940.000000 235.000000 1.604140 0.459056 1.602722 8.717752 1.615333 20.435633 -1.605938 0.010335
