Pedestrian -1 -1 -10 842.000000 154.000000 884.000000 270.000000 1.665279 0.683278 0.742470 3.767992 1.292231 10.437315 1.440068 0.990457
Pedestrian -1 -1 -10 562.000000 155.000000 572.000000 187.000000 1.742831 0.588696 0.797399 -1.969543 0.158025 42.612130 -1.725020 0.185678
Pedestrian -1 -1 -10 980.000000 149.000000 1022.000000 271.000000 1.663781 0.533271 0.559201 5.673595 1.217703 10.252329 3.040338 0.130472
Pedestrian -1 -1 -10 543.000000 155.000000 553.000000 189.000000 1.768046 0.586563 0.882779 -2.998463 0.273210 40.248802 -1.772709 0.118639
Pedestrian -1 -1 -10 624.000000 155.000000 633.000000 182.000000 1.775992 0.604123 0.778931 1.777576 -0.007080 49.231683 1.207532 0.086811
Pedestrian -1 -1 -10 726.000000 153.000000 746.000000 228.000000 1.746806 0.605681 0.650838 3.565713 0.974899 18.889699 -1.438140 0.063830
Pedestrian -1 -1 -10 621.000000 155.000000 629.000000 181.000000 1.853279 0.651898 0.659238 1.795327 0.161763 50.743569 1.140241 0.056738
Pedestrian -1 -1 -10 1002.000000 149.000000 1034.000000 277.000000 1.680317 0.604524 0.525838 5.229827 1.857131 8.844464 3.131669 0.031351
Pedestrian -1 -1 -10 960.000000 147.000000 998.000000 266.000000 1.744215 0.569901 0.646595 4.689513 1.038953 9.191178 -2.099171 0.019012
Pedestrian -1 -1 -10 152.000000 157.000000 318.000000 358.000000 1.717950 0.757794 0.721267 -2.796514 1.522437 5.484936 1.601715 0.014152
Pedestrian -1 -1 -10 948.000000 150.000000 967.000000 242.000000 1.739714 0.622927 0.630294 8.874114 1.199341 17.668080 0.533198 0.013746
Car -1 -1 -10 583.000000 162.000000 615.000000 188.000000 1.527304 1.612798 3.785402 -0.240490 0.382391 41.224886 1.537129 0.997163
Cyclist -1 -1 -10 115.000000 152.000000 344.000000 372.000000 1.707941 0.557654 1.735189 -2.739789 1.464703 5.405730 1.574709 0.999831
Cyclist -1 -1 -10 352.000000 157.000000 452.000000 327.000000 1.697849 0.568539 1.745309 -2.277180 1.450958 8.121451 1.641617 0.999416
Cyclist -1 -1 -10 370.000000 157.000000 405.000000 224.000000 1.791097 0.567812 1.694255 -6.441325 0.936630 21.002222 1.328919 0.015321
Cyclist -1 -1 -10 377.000000 167.000000 421.000000 217.000000 1.690328 0.671058 1.700042 -6.448368 1.047058 21.434089 0.711234 0.014007
