Car -1 -1 -10 679.000000 183.000000 765.000000 246.000000 1.468093 1.624231 3.715115 2.808806 1.746827 18.726105 -1.575346 0.999312
Car -1 -1 -10 789.000000 194.000000 1171.000000 376.000000 1.468789 1.624950 3.913936 2.944440 1.735607 6.724040 -1.573399 0.998463
Car -1 -1 -10 -12.000000 171.000000 326.000000 302.000000 1.657787 1.656567 3.955174 -6.324828 1.614698 9.501170 -3.135691 0.993947
Car -1 -1 -10 223.000000 177.000000 426.000000 248.000000 1.596235 1.679378 4.161920 -6.497051 1.614990 17.212631 0.052502 0.961243
Car -1 -1 -10 418.000000 178.000000 509.000000 216.000000 1.552297 1.623501 3.738894 -5.611468 1.696690 30.446033 -1.714910 0.926453
Car -1 -1 -10 653.000000 175.000000 704.000000 220.000000 1.634746 1.620890 3.834842 2.687455 1.795046 29.654729 -1.609870 0.907251
Car -1 -1 -10 134.000000 179.000000 333.000000 273.000000 1.563374 1.611892 3.710961 -6.730853 1.720147 12.496777 -3.086746 0.783064
Car -1 -1 -10 298.000000 170.000000 476.000000 231.000000 1.721627 1.699812 4.035772 -6.515677 1.653820 21.922596 -3.134886 0.591875
Car -1 -1 -10 -3.000000 186.000000 216.000000 362.000000 1.589845 1.571360 3.748829 -6.257683 1.643929 6.995166 -0.092056 0.554935
Car -1 -1 -10 446.000000 178.000000 542.000000 207.000000 1.636976 1.682436 4.031310 -4.758224 1.712401 39.629147 -3.171703 0.045056
