Car -1 -1 -10 766.000000 182.000000 1034.000000 330.000000 1.492868 1.639611 3.949494 3.356678 1.642947 9.172007 -1.586868 0.999538
Car -1 -1 -10 232.000000 193.000000 405.000000 280.000000 1.451312 1.644474 4.133686 -5.752825 1.994369 14.978850 1.604414 0.999433
Car -1 -1 -10 716.000000 179.000000 850.000000 265.000000 1.522605 1.655900 4.019200 3.350416 1.618805 14.578556 -1.568386 0.998760
Car -1 -1 -10 682.000000 181.000000 740.000000 227.000000 1.494567 1.555227 3.725812 3.380412 1.789955 24.477770 1.536468 0.996427
Car -1 -1 -10 361.000000 190.000000 455.000000 248.000000 1.499667 1.559989 3.760738 -5.775810 2.007948 20.844976 1.593719 0.994139
Car -1 -1 -10 449.000000 186.000000 507.000000 224.000000 1.580678 1.597310 3.951140 -5.603862 2.092052 29.949475 1.675929 0.994030
Car -1 -1 -10 996.000000 153.000000 1251.000000 261.000000 1.549205 1.597461 4.073298 8.302367 1.305664 10.788232 3.200773 0.993099
Car -1 -1 -10 1.000000 208.000000 222.000000 373.000000 1.447187 1.630848 3.939573 -5.888450 1.892320 7.679782 1.553436 0.979312
Car -1 -1 -10 664.000000 182.000000 717.000000 217.000000 1.512639 1.626476 3.937649 3.355450 1.850372 30.389623 -1.601610 0.883723
Car -1 -1 -10 649.000000 180.000000 690.000000 208.000000 1.504726 1.601464 3.710216 3.178182 1.894460 38.787206 -1.594553 0.598961
Car -1 -1 -10 502.000000 180.000000 536.000000 206.000000 1.567165 1.609874 3.902375 -5.318577 2.081538 44.931653 1.819089 0.151678
Car -1 -1 -10 41.000000 189.000000 172.000000 244.000000 1.481045 1.570572 3.863494 -14.908270 1.851825 21.042160 -3.650940 0.141977
