Pedestrian -1 -1 -10 158.000000 169.000000 200.000000 256.000000 1.806877 0.526273 0.808971 -9.006629 1.563042 14.743716 -0.021625 0.702095
Pedestrian -1 -1 -10 17.000000 158.000000 59.000000 224.000000 1.914129 0.812665 1.058333 -20.280609 1.205531 25.148275 0.369030 0.095501
Pedestrian -1 -1 -10 34.000000 156.000000 57.000000 214.000000 1.887026 0.714017 0.830705 -20.565160 1.042223 26.147754 0.366278 0.069402
Pedestrian -1 -1 -10 41.000000 160.000000 71.000000 211.000000 1.683280 0.612588 0.624023 -24.359367 1.818473 30.575625 1.863199 0.020038
Pedestrian -1 -1 -10 10.000000 168.000000 40.000000 225.000000 1.821357 0.630148 0.912478 -20.309984 1.358474 25.073056 -3.327449 0.011226
Cyclist -1 -1 -10 424.000000 172.000000 600.000000 328.000000 1.687171 0.701398 1.758827 -1.169702 1.578554 8.003140 -0.090746 0.999905
Cyclist -1 -1 -10 9.000000 164.000000 54.000000 226.000000 1.963542 0.822218 1.720759 -20.768394 1.388256 25.597710 0.315688 0.517763
Cyclist -1 -1 -10 20.000000 159.000000 77.000000 219.000000 1.928829 0.764505 1.704618 -20.715823 1.213678 25.837668 0.369606 0.019346
Cyclist -1 -1 -10 54.000000 161.000000 75.000000 215.000000 1.978506 0.652406 1.750449 -23.967048 1.031476 31.721618 0.376581 0.012859
Cyclist -1 -1 -10 159.000000 168.000000 202.000000 252.000000 1.825650 0.743073 1.758347 -9.229500 1.566087 14.832735 -0.442056 0.012443
