Pedestrian -1 -1 -10 679.000000 170.000000 699.000000 230.000000 1.676016 0.558193 0.682535 1.992743 1.563806 18.574327 2.738668 0.456269
Pedestrian -1 -1 -10 695.000000 164.000000 732.000000 241.000000 1.677509 0.631839 0.710701 2.340400 1.529254 16.797002 1.279185 0.246612
Pedestrian -1 -1 -10 718.000000 156.000000 743.000000 241.000000 1.799651 0.633254 0.720053 2.617835 1.539812 15.229896 1.182867 0.121514
Pedestrian -1 -1 -10 684.000000 168.000000 715.000000 234.000000 1.717403 0.599194 0.759008 2.119359 1.401192 16.712186 -2.011607 0.090275
Pedestrian -1 -1 -10 0.000000 181.000000 23.000000 239.000000 1.721732 0.618127 0.597041 -15.763417 1.782603 19.215756 -1.799967 0.057252
Pedestrian -1 -1 -10 723.000000 161.000000 752.000000 207.000000 1.683280 0.612588 0.624023 4.373118 1.641732 24.398763 2.697109 0.050756
Pedestrian -1 -1 -10 706.000000 154.000000 765.000000 243.000000 1.772102 0.653829 0.915510 2.743552 1.524699 15.172469 -1.973445 0.032923
Car -1 -1 -10 256.000000 177.000000 489.000000 343.000000 1.595258 1.652588 4.046794 -2.816001 1.646975 9.246319 -1.564209 0.999697
Car -1 -1 -10 591.000000 173.000000 618.000000 200.000000 1.558242 1.637925 3.732030 -0.598531 1.753680 46.480187 -1.636654 0.998124
Car -1 -1 -10 1.000000 195.000000 83.000000 283.000000 1.552181 1.598807 3.807083 -12.252995 2.118031 14.036962 1.554349 0.418674
Car -1 -1 -10 408.000000 177.000000 441.000000 203.000000 1.477536 1.577700 3.472258 -14.596999 2.814954 55.475856 0.813581 0.044117
Car -1 -1 -10 392.000000 178.000000 445.000000 212.000000 1.480282 1.589329 3.499320 -13.591928 2.670855 51.486916 0.793534 0.013820
Cyclist -1 -1 -10 696.000000 157.000000 785.000000 245.000000 1.712090 0.635090 1.638229 2.608733 1.508535 15.559060 0.335890 0.999672
Cyclist -1 -1 -10 692.000000 163.000000 739.000000 243.000000 1.814827 0.637939 1.792511 2.243662 1.542125 16.929872 -0.906868 0.964226
Cyclist -1 -1 -10 680.000000 169.000000 706.000000 233.000000 1.722875 0.607960 1.730884 1.997018 1.540245 18.580526 1.173969 0.340187
Cyclist -1 -1 -10 689.000000 167.000000 716.000000 236.000000 1.776596 0.549855 1.704386 2.073839 1.519920 16.923672 -1.419788 0.307129
Cyclist -1 -1 -10 713.000000 156.000000 756.000000 240.000000 1.774467 0.551031 1.719742 2.627323 1.573350 15.194185 -2.025112 0.171476
Cyclist -1 -1 -10 841.000000 181.000000 871.000000 216.000000 1.677953 0.514024 1.434747 7.290800 1.265334 21.428947 -1.289189 0.063619
Cyclist -1 -1 -10 726.000000 161.000000 758.000000 200.000000 1.713417 0.564771 1.507916 3.349546 1.120498 16.964411 -0.743855 0.051570
Cyclist -1 -1 -10 718.000000 157.000000 741.000000 225.000000 1.725634 0.550644 1.689410 2.995027 1.276139 17.579542 -0.829817 0.039347
Cyclist -1 -1 -10 276.000000 184.000000 304.000000 214.000000 1.645622 0.479418 1.611756 -15.941900 2.242350 35.121788 -1.587731 0.012669
