Pedestrian -1 -1 -10 734.000000 168.000000 770.000000 269.000000 1.695608 0.631680 0.685891 2.262768 1.605186 11.569637 2.851401 0.952912
Pedestrian -1 -1 -10 162.000000 174.000000 199.000000 294.000000 1.725860 0.569948 0.699802 -5.694628 1.669619 9.596360 -2.734619 0.736751
Pedestrian -1 -1 -10 176.000000 188.000000 199.000000 265.000000 1.712068 0.546633 0.605337 -5.939831 1.636970 10.869650 0.033819 0.212418
Pedestrian -1 -1 -10 779.000000 152.000000 846.000000 289.000000 1.764946 0.682578 0.854753 2.849794 1.532681 10.240259 0.803974 0.132896
Pedestrian -1 -1 -10 147.000000 190.000000 226.000000 261.000000 1.744214 0.719579 0.764190 -9.266541 2.101680 16.121409 -2.594318 0.087889
Pedestrian -1 -1 -10 160.000000 189.000000 181.000000 275.000000 1.768318 0.608595 0.425415 -8.726047 2.354032 14.369858 0.993511 0.055946
Pedestrian -1 -1 -10 796.000000 156.000000 833.000000 258.000000 1.768103 0.638000 0.857631 3.052440 1.377290 10.765465 3.316994 0.053825
Pedestrian -1 -1 -10 742.000000 165.000000 803.000000 271.000000 1.739869 0.613586 0.867786 2.294535 1.626399 11.369234 2.845610 0.037054
Pedestrian -1 -1 -10 767.000000 143.000000 931.000000 307.000000 1.779517 0.696496 1.087866 2.827645 1.449177 7.893291 -2.378939 0.024967
Pedestrian -1 -1 -10 775.000000 174.000000 795.000000 244.000000 1.634899 0.594944 0.630826 3.763988 0.978808 15.144546 0.302880 0.011158
Pedestrian -1 -1 -10 782.000000 165.000000 829.000000 226.000000 1.627376 0.580229 0.617671 4.750141 1.293257 16.901909 0.323628 0.010398
Car -1 -1 -10 600.000000 174.000000 628.000000 200.000000 1.556123 1.649406 3.986915 0.494773 1.549536 46.385446 -1.579379 0.995693
Car -1 -1 -10 407.000000 183.000000 453.000000 212.000000 1.504296 1.590225 3.864018 -9.642456 2.109901 38.644507 1.534495 0.993264
Car -1 -1 -10 75.000000 198.000000 256.000000 270.000000 1.497077 1.652409 4.080044 -9.740237 2.046646 16.264626 1.655962 0.971212
Car -1 -1 -10 6.000000 188.000000 298.000000 370.000000 1.517555 1.639040 3.769167 -2.747202 1.622473 2.314614 -1.556429 0.818755
Car -1 -1 -10 142.000000 192.000000 234.000000 261.000000 1.456100 1.591136 3.883029 -9.742753 2.053412 16.018400 1.608338 0.264023
Car -1 -1 -10 146.000000 198.000000 174.000000 272.000000 1.491583 1.568537 3.786781 -9.819908 1.999753 16.119657 1.025989 0.058535
Cyclist -1 -1 -10 771.000000 143.000000 967.000000 311.000000 1.766042 0.635154 1.757397 2.803594 1.446303 7.943823 -2.420103 0.999533
Cyclist -1 -1 -10 756.000000 151.000000 874.000000 297.000000 1.775840 0.631030 1.771515 2.818497 1.432862 10.284060 -0.775886 0.980764
Cyclist -1 -1 -10 738.000000 166.000000 787.000000 270.000000 1.677139 0.413503 1.724327 2.199560 1.578089 11.505557 -1.792875 0.303578
Cyclist -1 -1 -10 786.000000 149.000000 844.000000 285.000000 1.768902 0.611490 1.739694 3.060109 1.497859 10.708045 -0.815675 0.277293
Cyclist -1 -1 -10 763.000000 162.000000 825.000000 271.000000 1.686724 0.547509 1.680825 2.611456 1.467359 10.150007 2.265183 0.129586
Cyclist -1 -1 -10 775.000000 174.000000 795.000000 244.000000 1.689111 0.500744 1.353731 3.951567 0.916813 16.438952 1.216267 0.070548
Cyclist -1 -1 -10 959.000000 171.000000 1014.000000 236.000000 1.629494 0.414609 1.708640 7.796363 1.440718 14.690253 1.914322 0.065345
Cyclist -1 -1 -10 142.000000 192.000000 234.000000 261.000000 1.686077 0.542665 1.778140 -9.321646 2.105935 15.944296 1.934325 0.057399
Cyclist -1 -1 -10 148.000000 197.000000 177.000000 271.000000 1.690211 0.502012 1.793028 -9.508694 2.151299 15.441021 1.042519 0.037237
Cyclist -1 -1 -10 63.000000 197.000000 250.000000 280.000000 1.690128 0.786397 1.898935 -9.551135 2.226511 15.246775 1.637733 0.024597
Cyclist -1 -1 -10 161.000000 177.000000 200.000000 290.000000 1.768256 0.598686 1.660859 -5.779949 1.743295 9.736852 0.437521 0.023050
Cyclist -1 -1 -10 802.000000 152.000000 837.000000 250.000000 1.686341 0.512443 1.705432 3.088441 1.238119 10.842992 2.262057 0.017871
Cyclist -1 -1 -10 26.000000 196.000000 289.000000 367.000000 1.677791 0.663554 1.774328 -2.273333 1.753613 2.824657 1.578626 0.017815
