Pedestrian -1 -1 -10 408.000000 177.000000 428.000000 237.000000 1.765324 0.681465 0.722323 -6.019676 1.983129 22.535261 -1.707866 0.979660
Pedestrian -1 -1 -10 385.000000 184.000000 404.000000 232.000000 1.728417 0.626965 0.584778 -7.069671 1.933180 23.414736 -2.342398 0.248015
Pedestrian -1 -1 -10 363.000000 196.000000 473.000000 266.000000 1.639583 0.820010 0.884694 -4.084310 2.139443 14.928933 -3.245591 0.016819
Pedestrian -1 -1 -10 406.000000 181.000000 418.000000 231.000000 1.710025 0.568149 0.578490 -6.115782 1.802727 22.474448 2.323880 0.013231
Pedestrian -1 -1 -10 394.000000 185.000000 439.000000 246.000000 1.711560 0.605390 0.582588 -5.969321 1.842263 22.452146 -1.312354 0.011246
Car -1 -1 -10 729.000000 183.000000 914.000000 310.000000 1.477762 1.609094 3.698789 2.813662 1.640883 10.470224 -1.637230 0.999587
Car -1 -1 -10 668.000000 181.000000 736.000000 236.000000 1.489244 1.571294 3.527059 2.533793 1.753000 20.606757 -1.574618 0.998159
Car -1 -1 -10 365.000000 195.000000 473.000000 267.000000 1.447523 1.560976 3.642794 -4.360638 1.991572 16.561092 -1.625553 0.998107
Car -1 -1 -10 640.000000 178.000000 677.000000 211.000000 1.554907 1.584799 3.743167 2.293675 1.856073 36.500112 -1.600191 0.991447
Car -1 -1 -10 438.000000 181.000000 507.000000 235.000000 1.661908 1.631108 3.854706 -4.697504 1.999045 25.580063 -1.598674 0.989741
Car -1 -1 -10 495.000000 184.000000 533.000000 215.000000 1.572457 1.556303 3.752068 -5.165569 2.187899 39.633015 1.575036 0.931399
Car -1 -1 -10 748.000000 187.000000 812.000000 234.000000 1.563010 1.604980 3.913236 7.765828 2.013751 31.565937 0.130900 0.049668
Cyclist -1 -1 -10 384.000000 184.000000 405.000000 233.000000 1.721315 0.649125 1.488429 -7.092017 1.757838 23.853091 0.266284 0.014394
Cyclist -1 -1 -10 406.000000 179.000000 428.000000 234.000000 1.729650 0.629248 1.627675 -6.099097 1.817575 22.694967 1.839224 0.012636
