Pedestrian -1 -1 -10 1062.000000 207.000000 1115.000000 298.000000 1.683280 0.612588 0.624024 5.912081 1.555303 9.075619 3.108470 0.302248
Pedestrian -1 -1 -10 1039.000000 202.000000 1140.000000 353.000000 1.737669 0.532324 0.572283 3.128768 1.896712 4.675795 2.181959 0.041298
Pedestrian -1 -1 -10 0.000000 182.000000 132.000000 374.000000 1.691996 0.732422 0.732257 -4.117323 2.042450 5.263612 -2.647738 0.013102
Car -1 -1 -10 699.000000 180.000000 845.000000 277.000000 1.486393 1.660393 4.125693 2.645153 1.636752 13.107774 -1.576406 0.999546
Car -1 -1 -10 400.000000 170.000000 507.000000 213.000000 1.482638 1.591417 4.012262 -6.025044 1.498560 27.085444 -3.140636 0.987984
Car -1 -1 -10 774.000000 174.000000 946.000000 240.000000 1.483954 1.621588 4.052488 6.196942 1.524304 18.074204 0.005733 0.983199
Car -1 -1 -10 0.000000 173.000000 285.000000 298.000000 1.525951 1.605699 4.199217 -6.688910 1.529905 9.581043 -0.049629 0.978574
Car -1 -1 -10 183.000000 173.000000 442.000000 250.000000 1.552442 1.655660 4.061686 -5.660809 1.511521 14.698001 -0.051045 0.958207
Car -1 -1 -10 712.000000 173.000000 798.000000 219.000000 1.573159 1.650379 4.099378 6.429440 1.519860 31.299807 0.049795 0.913837
Car -1 -1 -10 675.000000 172.000000 739.000000 199.000000 1.578953 1.684736 3.926593 5.948673 1.519460 41.762889 -0.012887 0.724596
Car -1 -1 -10 0.000000 177.000000 147.000000 335.000000 1.459011 1.588387 3.846415 -6.956621 1.445707 7.712582 -3.196451 0.714539
Car -1 -1 -10 307.000000 172.000000 479.000000 226.000000 1.490713 1.609438 3.428893 -6.195731 2.192022 21.975516 1.795518 0.323288
Car -1 -1 -10 90.000000 171.000000 337.000000 256.000000 1.515461 1.621232 3.889597 -6.844761 1.532738 14.262802 -3.176644 0.303932
Car -1 -1 -10 436.000000 168.000000 530.000000 205.000000 1.466579 1.564569 3.723891 -5.463659 1.580144 33.028849 -2.439578 0.193548
Car -1 -1 -10 693.000000 172.000000 771.000000 204.000000 1.602430 1.620157 3.767629 6.258643 1.696562 36.194348 3.121045 0.143747
Car -1 -1 -10 950.000000 186.000000 1220.000000 371.000000 1.502611 1.590305 3.792226 3.841131 1.689658 4.073189 1.469753 0.061043
Cyclist -1 -1 -10 954.000000 199.000000 1210.000000 369.000000 1.677221 0.571830 1.788689 3.231155 1.868302 5.198707 -1.607098 0.176940
Cyclist -1 -1 -10 1056.000000 206.000000 1123.000000 308.000000 1.708757 0.534018 1.532410 3.542522 1.548705 5.404944 -0.364297 0.024463
