Pedestrian -1 -1 -10 639.000000 156.000000 669.000000 243.000000 1.801748 0.664657 0.888729 1.052198 1.258685 15.200778 -1.525928 0.997022
Pedestrian -1 -1 -10 396.000000 153.000000 464.000000 358.000000 1.794055 0.684028 0.854428 -1.656599 1.527494 6.480179 1.843786 0.996404
Pedestrian -1 -1 -10 316.000000 160.000000 412.000000 376.000000 1.798378 0.687359 0.837126 -1.933839 1.558666 5.711390 1.346009 0.995823
Pedestrian -1 -1 -10 626.000000 158.000000 649.000000 219.000000 1.844062 0.632638 0.882186 1.133191 1.137288 23.519807 -1.575239 0.960271
Pedestrian -1 -1 -10 680.000000 161.000000 710.000000 239.000000 1.763630 0.616171 0.796150 1.928201 1.240218 15.033547 -1.445088 0.923938
Pedestrian -1 -1 -10 708.000000 166.000000 730.000000 230.000000 1.722347 0.606979 0.740611 2.880009 1.212716 17.750983 -1.782839 0.813171
Pedestrian -1 -1 -10 487.000000 163.000000 503.000000 217.000000 1.703906 0.599998 0.835514 -3.479420 1.219020 23.774314 -1.377523 0.804208
Pedestrian -1 -1 -10 674.000000 164.000000 697.000000 232.000000 1.739835 0.609503 0.755914 2.002597 1.341734 18.031208 2.082924 0.513877
Pedestrian -1 -1 -10 45.000000 252.000000 217.000000 371.000000 1.675145 0.604469 0.628352 -2.245447 1.489086 3.368433 -1.624395 0.501216
Pedestrian -1 -1 -10 752.000000 153.000000 778.000000 217.000000 1.717871 0.602525 0.771937 5.045553 0.824905 22.217679 -1.316778 0.453583
Pedestrian -1 -1 -10 732.000000 158.000000 754.000000 220.000000 1.738400 0.680394 0.906284 3.713257 1.030970 19.217042 -1.482215 0.407056
Pedestrian -1 -1 -10 998.000000 284.000000 1090.000000 372.000000 1.671454 0.611755 0.529202 1.564476 1.467209 2.562391 3.160154 0.371110
Pedestrian -1 -1 -10 354.000000 160.000000 443.000000 363.000000 1.826925 0.632898 0.816736 -1.809326 1.503688 5.840680 0.336875 0.234943
Pedestrian -1 -1 -10 473.000000 165.000000 488.000000 208.000000 1.651619 0.585261 0.582042 -2.487969 1.019623 14.977440 2.888314 0.182001
Pedestrian -1 -1 -10 265.000000 198.000000 311.000000 297.000000 1.657462 0.560773 0.598432 -3.805553 1.803995 9.407666 1.773581 0.056902
Pedestrian -1 -1 -10 315.000000 185.000000 349.000000 272.000000 1.703776 0.640495 0.615606 -3.362411 1.579077 9.508885 2.222781 0.037331
Car -1 -1 -10 565.000000 170.000000 599.000000 196.000000 1.503536 1.595046 3.972624 -1.016213 0.865090 42.434872 1.675842 0.997384
Car -1 -1 -10 19.000000 247.000000 235.000000 371.000000 1.520852 1.604393 3.852724 -3.127370 1.475493 4.665664 -2.139218 0.011529
Cyclist -1 -1 -10 747.000000 155.000000 782.000000 223.000000 1.781153 0.565110 1.788242 4.924423 0.929841 22.331336 -1.827429 0.117328
Cyclist -1 -1 -10 40.000000 249.000000 226.000000 371.000000 1.690158 0.608904 1.614780 -2.388843 1.647072 3.684460 -2.137660 0.091079
Cyclist -1 -1 -10 317.000000 188.000000 355.000000 269.000000 1.704510 0.538711 1.565413 -5.214054 1.128107 14.686936 -1.269632 0.049684
Cyclist -1 -1 -10 314.000000 170.000000 408.000000 357.000000 1.787003 0.665974 1.735541 -2.058691 1.568827 5.918302 1.266674 0.012670
