Car -1 -1 -10 633.000000 178.000000 676.000000 211.000000 1.491344 1.654574 3.887416 1.971129 1.772405 33.789785 -1.633881 0.998287
Car -1 -1 -10 164.000000 162.000000 386.000000 261.000000 1.702648 1.651574 4.037618 -7.028094 1.752522 14.388760 -3.250382 0.993660
Car -1 -1 -10 985.000000 186.000000 1252.000000 357.000000 1.487785 1.576295 3.755532 6.172362 1.691632 7.459028 -0.005245 0.991721
Car -1 -1 -10 -7.000000 180.000000 296.000000 316.000000 1.515999 1.618468 3.906483 -6.661556 1.681171 9.795273 -3.195371 0.990633
Car -1 -1 -10 374.000000 177.000000 498.000000 217.000000 1.511156 1.582232 4.242528 -6.864652 1.702969 28.101912 -0.109030 0.989690
Car -1 -1 -10 882.000000 185.000000 1141.000000 299.000000 1.526438 1.573006 3.695079 5.907236 1.750627 10.358726 0.019067 0.987695
Car -1 -1 -10 766.000000 182.000000 1008.000000 260.000000 1.622429 1.602364 3.985338 5.943145 1.803821 15.506705 3.096316 0.983048
Car -1 -1 -10 740.000000 176.000000 896.000000 246.000000 1.489560 1.578914 4.253944 5.680932 1.860550 18.262566 -0.003123 0.974504
Car -1 -1 -10 1110.000000 190.000000 1240.000000 376.000000 1.494427 1.628598 3.861735 5.487559 1.620960 4.988714 0.134726 0.436985
Car -1 -1 -10 499.000000 175.000000 535.000000 203.000000 1.596819 1.649101 3.639507 -5.871575 1.746330 41.890678 -3.266705 0.070254
Cyclist -1 -1 -10 511.000000 172.000000 533.000000 222.000000 1.689967 0.560490 1.712835 -3.282454 1.767472 26.697233 1.490187 0.952404
