Pedestrian -1 -1 -10 -1.000000 179.000000 59.000000 362.000000 1.758810 0.651231 0.724519 -6.772135 1.816260 8.559789 1.473213 0.109111
Car -1 -1 -10 352.000000 174.000000 453.000000 223.000000 1.544957 1.647794 3.999786 -7.054282 1.679307 25.431615 -3.351067 0.997418
Car -1 -1 -10 700.000000 183.000000 838.000000 260.000000 1.480928 1.578328 3.745048 3.008880 1.662922 15.341661 1.483917 0.986027
Car -1 -1 -10 402.000000 175.000000 506.000000 218.000000 1.655703 1.616280 4.062003 -6.200589 1.707757 28.490661 -0.071828 0.983259
Car -1 -1 -10 -4.000000 161.000000 348.000000 313.000000 1.755512 1.725381 4.090628 -5.884690 1.675367 9.774128 -3.246866 0.980222
Car -1 -1 -10 637.000000 176.000000 674.000000 203.000000 1.545131 1.659224 4.020543 2.874787 1.764037 43.128858 -1.486603 0.638318
Car -1 -1 -10 156.000000 169.000000 370.000000 263.000000 1.526913 1.587975 4.000986 -6.303283 1.474038 12.797172 -3.126892 0.338463
Car -1 -1 -10 444.000000 176.000000 521.000000 211.000000 1.530717 1.565254 3.684391 -5.435384 1.448358 30.542334 -1.602938 0.076456
Car -1 -1 -10 0.000000 173.000000 70.000000 360.000000 1.508705 1.594933 3.850500 -5.738198 1.661458 4.897370 -2.324392 0.028901
Car -1 -1 -10 652.000000 175.000000 683.000000 209.000000 1.548087 1.453322 3.306611 2.720137 2.630083 41.314069 2.093332 0.015517
Car -1 -1 -10 475.000000 177.000000 540.000000 203.000000 1.578910 1.646848 3.988148 -6.174398 1.724491 45.243945 -3.203942 0.010306
