Pedestrian -1 -1 -10 427.000000 168.000000 440.000000 204.000000 1.752810 0.679135 0.692168 -8.337352 1.301634 34.441581 -2.252521 0.234673
Pedestrian -1 -1 -10 458.000000 172.000000 518.000000 327.000000 1.729285 0.732958 0.712869 -1.386302 1.661838 8.056234 1.471035 0.030050
Car -1 -1 -10 635.000000 177.000000 671.000000 207.000000 1.507993 1.644763 3.669744 2.264669 1.763685 38.873163 1.531387 0.999501
Car -1 -1 -10 756.000000 198.000000 1059.000000 376.000000 1.472670 1.609251 3.596971 2.460552 1.724025 6.866077 -1.535304 0.999075
Car -1 -1 -10 381.000000 175.000000 502.000000 269.000000 1.572254 1.651734 3.991746 -2.940715 1.635003 14.270398 1.690473 0.994088
Car -1 -1 -10 487.000000 181.000000 551.000000 235.000000 1.471999 1.583623 3.882525 -2.844693 1.719458 22.202859 -1.566844 0.982630
Car -1 -1 -10 0.000000 176.000000 205.000000 330.000000 1.581199 1.652038 4.219781 -7.276089 1.574461 7.765480 -3.160213 0.771328
Car -1 -1 -10 947.000000 214.000000 1240.000000 370.000000 1.500815 1.586481 3.791029 2.498507 1.316628 0.849603 1.529799 0.308746
Car -1 -1 -10 440.000000 183.000000 516.000000 248.000000 1.534413 1.540846 3.251240 -2.344131 1.754767 15.236410 2.260929 0.063211
Car -1 -1 -10 441.000000 173.000000 522.000000 335.000000 1.683135 1.605619 3.721126 -1.977891 1.634669 7.655154 -1.193234 0.037781
Cyclist -1 -1 -10 442.000000 167.000000 519.000000 343.000000 1.752797 0.616025 1.748514 -1.353898 1.657093 7.976894 1.584198 0.999384
Cyclist -1 -1 -10 379.000000 174.000000 502.000000 266.000000 1.742201 0.697516 1.779494 -3.103881 1.705141 13.115439 1.890648 0.288296
Cyclist -1 -1 -10 476.000000 179.000000 551.000000 237.000000 1.665524 0.565190 1.746882 -2.415097 1.898255 20.689431 -1.203066 0.024878
Cyclist -1 -1 -10 424.000000 167.000000 442.000000 207.000000 1.696113 0.548165 1.422472 -6.350251 1.105157 26.345081 -2.408179 0.011052
