Pedestrian -1 -1 -10 457.000000 166.000000 500.000000 272.000000 1.725599 0.613994 0.777735 -2.178578 1.477291 11.514783 0.274767 0.992002
Pedestrian -1 -1 -10 1055.000000 131.000000 1168.000000 303.000000 1.766334 0.649509 1.121092 5.297235 1.201234 7.518234 0.072778 0.986986
Pedestrian -1 -1 -10 1024.000000 140.000000 1123.000000 299.000000 1.774073 0.619870 1.070388 5.282895 1.309842 7.908399 0.032500 0.966557
Pedestrian -1 -1 -10 424.000000 171.000000 470.000000 278.000000 1.680493 0.537606 0.814391 -2.429652 1.521320 11.073497 0.320342 0.651271
Pedestrian -1 -1 -10 1003.000000 148.000000 1029.000000 213.000000 1.711752 0.609178 0.706810 10.378619 0.900527 18.147716 1.080752 0.168934
Pedestrian -1 -1 -10 1019.000000 153.000000 1084.000000 232.000000 1.636573 0.600242 0.624941 7.326575 0.792995 11.486724 0.633398 0.078556
Pedestrian -1 -1 -10 1008.000000 149.000000 1053.000000 218.000000 1.692852 0.512560 0.581502 7.925928 1.570853 12.529860 3.531414 0.068259
Pedestrian -1 -1 -10 1037.000000 154.000000 1082.000000 203.000000 1.693806 0.515469 0.573669 7.910544 1.590654 11.716125 3.569552 0.021252
Pedestrian -1 -1 -10 1037.000000 161.000000 1060.000000 222.000000 1.724960 0.616623 0.644786 20.486838 0.295978 32.907697 -0.475607 0.013737
Pedestrian -1 -1 -10 1075.000000 150.000000 1130.000000 213.000000 1.740867 0.644957 0.547056 12.696422 1.446816 17.329747 -0.454306 0.010915
Pedestrian -1 -1 -10 880.000000 153.000000 898.000000 195.000000 1.746929 0.584553 0.883186 13.374899 0.479792 33.477901 0.927323 0.010782
Car -1 -1 -10 0.000000 204.000000 293.000000 365.000000 1.554287 1.627159 3.836255 -3.175571 1.712203 3.713451 -1.557716 0.975233
Car -1 -1 -10 446.000000 171.000000 485.000000 218.000000 1.613379 1.645241 3.919414 -8.604345 1.143568 43.963301 1.739370 0.012065
Cyclist -1 -1 -10 1018.000000 143.000000 1132.000000 292.000000 1.740990 0.499795 1.738792 5.343945 1.282833 7.868453 0.026214 0.311835
Cyclist -1 -1 -10 1011.000000 152.000000 1063.000000 217.000000 1.686545 0.493347 1.525921 8.797187 1.512168 13.748906 -1.652011 0.152456
Cyclist -1 -1 -10 1000.000000 149.000000 1039.000000 214.000000 1.740117 0.557449 1.776432 10.369675 0.954116 18.240172 -1.223902 0.071319
Cyclist -1 -1 -10 1037.000000 161.000000 1060.000000 222.000000 1.730855 0.451835 1.624132 20.717780 0.386188 33.015455 -1.545576 0.054993
Cyclist -1 -1 -10 1030.000000 156.000000 1075.000000 209.000000 1.683070 0.495725 1.353940 8.130390 0.769373 12.943048 1.544305 0.040505
Cyclist -1 -1 -10 1017.000000 156.000000 1111.000000 235.000000 1.691550 0.497436 1.462788 9.778387 1.217349 14.637852 -1.623788 0.038980
Cyclist -1 -1 -10 1027.000000 144.000000 1081.000000 282.000000 1.704224 0.538185 1.720024 5.414466 1.208406 8.522407 -1.121038 0.025028
Cyclist -1 -1 -10 431.000000 172.000000 473.000000 280.000000 1.776755 0.521238 1.739889 -2.407019 1.548513 11.204196 -1.255178 0.023297
Cyclist -1 -1 -10 456.000000 167.000000 499.000000 274.000000 1.730758 0.612701 1.691371 -2.131885 1.474710 11.578471 0.736114 0.015671
Cyclist -1 -1 -10 -7.000000 202.000000 291.000000 365.000000 1.672064 0.708402 1.857647 -2.750810 1.716746 3.902100 -1.522455 0.010945
