Pedestrian -1 -1 -10 637.000000 159.000000 668.000000 249.000000 1.786792 0.686949 1.035245 0.981998 1.351618 14.727515 -1.503086 0.995878
Pedestrian -1 -1 -10 464.000000 165.000000 484.000000 225.000000 1.762421 0.611571 0.698860 -3.904334 1.332644 22.055871 1.847986 0.992599
Pedestrian -1 -1 -10 284.000000 149.000000 381.000000 375.000000 1.736146 0.623222 0.773260 -1.844832 1.537070 4.784897 0.212678 0.990233
Pedestrian -1 -1 -10 149.000000 159.000000 315.000000 370.000000 1.682755 0.698115 0.848444 -1.923939 1.561571 3.840331 0.652124 0.971963
Pedestrian -1 -1 -10 618.000000 160.000000 643.000000 223.000000 1.832454 0.636378 0.869059 0.788849 1.225520 22.934257 -1.626189 0.961232
Pedestrian -1 -1 -10 450.000000 167.000000 465.000000 213.000000 1.717589 0.598951 0.660808 -4.529389 1.189921 22.708380 1.394971 0.950338
Pedestrian -1 -1 -10 677.000000 162.000000 706.000000 245.000000 1.745014 0.674491 0.782153 1.729287 1.264067 14.649073 -1.470906 0.936049
Pedestrian -1 -1 -10 707.000000 167.000000 732.000000 234.000000 1.771802 0.697938 0.750853 2.915235 1.400433 18.344706 1.730901 0.841030
Pedestrian -1 -1 -10 668.000000 167.000000 695.000000 238.000000 1.719169 0.592903 0.690505 1.800077 1.313544 17.456041 -1.447642 0.795724
Pedestrian -1 -1 -10 720.000000 160.000000 744.000000 226.000000 1.738129 0.598494 0.792848 3.435785 1.099812 18.632732 -1.417731 0.658140
Pedestrian -1 -1 -10 751.000000 155.000000 775.000000 220.000000 1.786372 0.644977 0.934714 4.823059 0.997756 21.631358 1.799750 0.476242
Pedestrian -1 -1 -10 98.000000 195.000000 146.000000 311.000000 1.688179 0.578797 0.595490 -6.093040 1.647320 9.751546 -0.030723 0.306695
Pedestrian -1 -1 -10 282.000000 164.000000 317.000000 259.000000 1.696738 0.641757 0.817329 -6.098365 1.355402 14.304054 -2.532282 0.285693
Pedestrian -1 -1 -10 700.000000 164.000000 719.000000 225.000000 1.722420 0.616504 0.803551 2.763619 1.158316 18.721830 -1.415679 0.177243
Pedestrian -1 -1 -10 272.000000 158.000000 318.000000 333.000000 1.785624 0.647816 0.592894 -4.295155 1.239754 9.809989 -1.496948 0.150114
Pedestrian -1 -1 -10 238.000000 160.000000 341.000000 370.000000 1.722500 0.549132 0.747953 -1.803903 1.457955 3.925465 0.172615 0.086745
Pedestrian -1 -1 -10 250.000000 181.000000 299.000000 353.000000 1.737441 0.724012 0.744842 -4.919504 1.412911 10.198947 -2.431679 0.067387
Pedestrian -1 -1 -10 258.000000 181.000000 300.000000 267.000000 1.686791 0.604568 0.576530 -6.218467 1.363406 14.364394 2.177789 0.065266
Pedestrian -1 -1 -10 628.000000 162.000000 653.000000 223.000000 1.762833 0.626137 0.708531 0.983970 1.307320 22.859126 0.624672 0.064577
Car -1 -1 -10 553.000000 172.000000 589.000000 200.000000 1.618120 1.645793 3.958600 -1.794080 0.970146 41.048892 1.625126 0.998237
Cyclist -1 -1 -10 143.000000 205.000000 199.000000 288.000000 1.696130 0.488604 1.559776 -8.258271 1.497003 14.375298 -1.459232 0.102469
Cyclist -1 -1 -10 892.000000 187.000000 1214.000000 366.000000 1.625426 0.674749 1.708382 2.748822 1.829703 4.629856 1.651568 0.099813
Cyclist -1 -1 -10 749.000000 156.000000 776.000000 221.000000 1.805181 0.572628 1.763171 4.770114 1.057277 21.812407 1.860120 0.082461
Cyclist -1 -1 -10 279.000000 164.000000 315.000000 259.000000 1.691278 0.639804 1.698372 -6.284757 1.184067 14.359121 2.693690 0.043129
Cyclist -1 -1 -10 102.000000 196.000000 159.000000 310.000000 1.692930 0.487140 1.505241 -9.599778 1.354751 15.149793 -2.779264 0.027130
Cyclist -1 -1 -10 788.000000 171.000000 970.000000 357.000000 1.682905 0.646557 1.739022 2.402223 1.885175 6.192888 0.856809 0.026371
Cyclist -1 -1 -10 261.000000 167.000000 324.000000 304.000000 1.749940 0.578446 1.677354 -6.101800 1.172578 14.365108 2.198404 0.018098
Cyclist -1 -1 -10 119.000000 175.000000 338.000000 367.000000 1.712071 0.776424 1.860094 -2.060030 1.408113 3.820656 -3.608875 0.016651
Cyclist -1 -1 -10 289.000000 162.000000 378.000000 336.000000 1.610990 0.492965 1.654336 -1.822677 1.344317 4.538495 1.666732 0.012021
