Pedestrian -1 -1 -10 576.000000 177.000000 588.000000 202.000000 1.636619 0.583435 0.579015 -0.507622 1.136106 16.553263 0.027888 0.030682
Car -1 -1 -10 582.000000 178.000000 623.000000 214.000000 1.549721 1.647863 3.817688 -0.243237 1.261649 33.623115 -1.594417 0.999679
Car -1 -1 -10 233.000000 185.000000 451.000000 318.000000 1.488349 1.590693 3.721456 -3.557740 1.533164 10.132311 -1.553641 0.999582
Car -1 -1 -10 469.000000 185.000000 537.000000 235.000000 1.448141 1.592290 3.873498 -3.288843 1.427886 22.493225 -1.577680 0.999213
Car -1 -1 -10 196.000000 185.000000 335.000000 258.000000 1.463701 1.607274 3.830727 -7.392463 1.628415 16.567697 -1.424772 0.989466
Car -1 -1 -10 105.000000 184.000000 235.000000 246.000000 1.500895 1.639933 3.975127 -11.513371 1.512491 18.351345 -1.579777 0.921058
Car -1 -1 -10 -6.000000 175.000000 182.000000 333.000000 1.592944 1.622613 3.866239 -7.746445 1.561597 9.696713 -1.573121 0.593383
Car -1 -1 -10 372.000000 183.000000 434.000000 225.000000 1.502070 1.557095 3.719688 -7.384220 1.421839 25.879377 1.586920 0.254548
Car -1 -1 -10 432.000000 180.000000 483.000000 212.000000 1.543010 1.636185 3.922849 -7.673529 1.351629 36.163997 -1.713209 0.178774
Car -1 -1 -10 496.000000 184.000000 535.000000 212.000000 1.590011 1.643515 3.764536 -4.654146 1.841572 37.700345 -1.667078 0.095736
Car -1 -1 -10 192.000000 184.000000 297.000000 226.000000 1.503722 1.572861 3.798159 -12.326510 1.395742 24.665147 1.462046 0.075253
Car -1 -1 -10 332.000000 183.000000 380.000000 211.000000 1.513423 1.626652 4.045722 -12.463848 1.135218 35.908213 -1.496202 0.073224
