Car -1 -1 -10 668.000000 175.000000 736.000000 225.000000 1.466010 1.622815 3.765364 2.800739 1.602985 22.778713 -1.574759 0.999663
Car -1 -1 -10 735.000000 178.000000 926.000000 308.000000 1.497762 1.622225 3.751862 2.941605 1.606386 10.658896 -1.609819 0.996271
Car -1 -1 -10 311.000000 174.000000 470.000000 228.000000 1.558754 1.640714 4.124654 -6.461145 1.536297 21.391647 0.130175 0.992289
Car -1 -1 -10 -3.000000 148.000000 250.000000 351.000000 1.858591 1.728265 4.233182 -6.072108 1.618347 7.314644 -0.165596 0.989402
Car -1 -1 -10 843.000000 201.000000 1237.000000 373.000000 1.484758 1.603718 3.775375 2.939595 1.784837 5.090723 -1.594876 0.979810
Car -1 -1 -10 79.000000 167.000000 401.000000 279.000000 1.578881 1.636656 4.082849 -6.438082 1.604011 12.025481 0.052875 0.971438
Car -1 -1 -10 649.000000 169.000000 692.000000 207.000000 1.683465 1.650798 3.973105 2.658255 1.597559 33.660364 -1.584869 0.921975
Car -1 -1 -10 356.000000 169.000000 501.000000 216.000000 1.713013 1.702019 4.004416 -6.540713 1.523721 25.947768 -3.219891 0.660788
Car -1 -1 -10 206.000000 171.000000 416.000000 243.000000 1.545687 1.601041 3.759852 -6.241741 1.371389 15.888752 1.732177 0.356749
Car -1 -1 -10 432.000000 173.000000 522.000000 207.000000 1.524834 1.631870 3.920200 -5.780803 1.298700 34.440391 -2.912650 0.206727
