Pedestrian -1 -1 -10 0.000000 201.000000 62.000000 368.000000 1.673924 0.608205 0.595663 -5.037427 2.582427 6.049379 -0.147087 0.058048
Pedestrian -1 -1 -10 765.000000 164.000000 775.000000 210.000000 1.742170 0.568631 0.531904 7.424384 1.408394 33.120275 -0.814826 0.016348
Car -1 -1 -10 791.000000 176.000000 1104.000000 353.000000 1.482927 1.564340 3.802081 3.408392 1.605873 7.979724 1.527286 0.999343
Car -1 -1 -10 190.000000 189.000000 399.000000 285.000000 1.467106 1.640445 4.035409 -5.638208 1.871576 13.461424 1.661407 0.999119
Car -1 -1 -10 717.000000 176.000000 867.000000 268.000000 1.447244 1.622721 3.922125 3.214295 1.514155 13.707711 -1.619077 0.998867
Car -1 -1 -10 680.000000 173.000000 752.000000 225.000000 1.491542 1.609660 3.789960 3.034023 1.530832 22.406389 -1.615758 0.995558
Car -1 -1 -10 431.000000 175.000000 494.000000 219.000000 1.590581 1.559729 3.690491 -5.725136 1.798511 28.304672 1.569174 0.989883
Car -1 -1 -10 663.000000 173.000000 719.000000 212.000000 1.493183 1.569995 3.602531 3.228266 1.511363 27.604991 -1.649799 0.968308
Car -1 -1 -10 461.000000 176.000000 511.000000 211.000000 1.467886 1.582403 3.748670 -5.562437 1.763467 33.641685 1.524572 0.827055
Cyclist -1 -1 -10 0.000000 207.000000 57.000000 369.000000 1.721310 0.668741 1.660661 -5.225876 2.409247 6.189747 -1.673373 0.052478
Cyclist -1 -1 -10 765.000000 164.000000 775.000000 210.000000 1.693890 0.533108 1.503986 7.254514 1.713153 31.844207 -1.434286 0.043728
Cyclist -1 -1 -10 756.000000 166.000000 780.000000 207.000000 1.800914 0.628461 1.448497 6.510311 1.166589 30.168025 1.279198 0.023310
