Pedestrian -1 -1 -10 806.000000 153.000000 834.000000 241.000000 1.808511 0.673474 1.032522 4.590482 1.400198 15.989410 -1.593056 0.997129
Pedestrian -1 -1 -10 -2.000000 165.000000 135.000000 373.000000 1.642486 0.629035 0.650736 -3.159822 1.543831 4.135643 1.398212 0.089750
Pedestrian -1 -1 -10 686.000000 168.000000 694.000000 195.000000 1.721197 0.649001 0.792528 5.016765 1.420205 45.986825 0.131398 0.011559
Car -1 -1 -10 452.000000 181.000000 529.000000 227.000000 1.488750 1.625568 3.929085 -4.219319 1.780747 25.655226 1.620562 0.998396
Car -1 -1 -10 684.000000 175.000000 733.000000 216.000000 1.545184 1.658465 3.922434 3.733216 1.625267 27.536977 -1.440213 0.994178
Car -1 -1 -10 7.000000 197.000000 290.000000 369.000000 1.502901 1.613248 3.956381 -5.295048 1.777069 7.648922 1.664924 0.933747
Car -1 -1 -10 701.000000 175.000000 736.000000 204.000000 1.419013 1.525010 3.110313 3.961767 1.729339 24.857819 0.981075 0.036372
Car -1 -1 -10 139.000000 198.000000 270.000000 253.000000 1.522303 1.584214 3.886708 -8.485540 1.431158 14.660958 1.646556 0.015610
Car -1 -1 -10 -2.000000 185.000000 162.000000 347.000000 1.484319 1.578044 3.619140 -4.056401 1.314700 4.824618 -2.176574 0.013257
Cyclist -1 -1 -10 -2.000000 190.000000 207.000000 376.000000 1.644496 0.567620 1.712791 -3.170324 1.541091 4.085209 1.566898 0.994416
Cyclist -1 -1 -10 -3.000000 161.000000 93.000000 376.000000 1.695667 0.625038 1.593055 -3.167258 1.178384 4.041998 0.385614 0.058459
