Car -1 -1 -10 715.000000 187.000000 857.000000 285.000000 1.480347 1.582660 3.568896 2.862593 1.723948 12.532253 -1.568960 0.999131
Car -1 -1 -10 3.000000 192.000000 272.000000 331.000000 1.566327 1.650110 4.027613 -6.111963 1.739593 8.273779 0.004452 0.997825
Car -1 -1 -10 769.000000 173.000000 969.000000 244.000000 1.649032 1.675140 4.062001 6.486080 1.705637 17.745785 0.021946 0.994285
Car -1 -1 -10 58.000000 184.000000 378.000000 287.000000 1.608004 1.559974 3.937482 -6.189888 1.810784 11.588499 -0.034378 0.994151
Car -1 -1 -10 636.000000 176.000000 667.000000 202.000000 1.502691 1.646000 3.982874 2.806664 1.819909 46.348640 -1.578449 0.993488
Car -1 -1 -10 376.000000 176.000000 482.000000 225.000000 1.660179 1.665353 3.946586 -6.104791 1.812932 27.481545 -1.796411 0.975817
Car -1 -1 -10 708.000000 179.000000 817.000000 220.000000 1.550792 1.581749 4.001232 6.174433 1.824359 28.167462 3.096249 0.955428
Car -1 -1 -10 159.000000 179.000000 425.000000 261.000000 1.544382 1.608167 4.283708 -6.179644 1.661465 15.168810 0.053560 0.950082
Car -1 -1 -10 315.000000 177.000000 463.000000 234.000000 1.611841 1.618850 4.133638 -6.426272 1.691599 20.709019 -3.196662 0.932745
Car -1 -1 -10 446.000000 177.000000 536.000000 207.000000 1.551663 1.652032 4.024814 -6.162391 1.821164 40.798007 -0.012864 0.422316
Car -1 -1 -10 702.000000 175.000000 779.000000 210.000000 1.593750 1.596123 3.886557 5.601192 1.754140 31.119006 2.865111 0.358881
