Pedestrian -1 -1 -10 577.000000 158.000000 613.000000 269.000000 1.746682 0.549509 0.882169 -0.187581 1.390667 11.682860 -2.578527 0.997924
Pedestrian -1 -1 -10 866.000000 163.000000 976.000000 373.000000 1.706058 0.606260 0.934573 2.304662 1.530511 5.224741 -1.761873 0.997452
Pedestrian -1 -1 -10 496.000000 161.000000 543.000000 300.000000 1.728155 0.648425 0.869352 -1.060742 1.506544 9.202445 -2.046398 0.995854
Pedestrian -1 -1 -10 716.000000 162.000000 762.000000 292.000000 1.695459 0.627635 0.845553 1.870780 1.407507 10.000543 -1.423217 0.994754
Pedestrian -1 -1 -10 641.000000 163.000000 694.000000 321.000000 1.758352 0.650435 0.808318 0.700587 1.508747 7.789851 -1.995827 0.993717
Pedestrian -1 -1 -10 809.000000 160.000000 877.000000 344.000000 1.721118 0.609960 0.845340 2.264314 1.501263 6.752946 -1.854202 0.993438
Pedestrian -1 -1 -10 662.000000 166.000000 704.000000 302.000000 1.755509 0.653582 0.745501 1.158180 1.551429 9.572492 0.669728 0.887554
Pedestrian -1 -1 -10 557.000000 160.000000 577.000000 215.000000 1.741611 0.639026 0.840694 -1.156666 1.124539 24.184758 -2.069022 0.862954
Pedestrian -1 -1 -10 622.000000 161.000000 656.000000 262.000000 1.782380 0.635353 0.936321 0.637904 1.366538 12.866078 -2.552096 0.809596
Pedestrian -1 -1 -10 627.000000 165.000000 678.000000 278.000000 1.676292 0.574403 0.687490 0.760465 1.247161 12.669116 0.660152 0.470180
Pedestrian -1 -1 -10 357.000000 155.000000 400.000000 254.000000 1.756679 0.721727 0.805369 -4.252651 1.409525 13.411121 1.151643 0.468827
Pedestrian -1 -1 -10 483.000000 169.000000 537.000000 251.000000 1.756868 0.678257 0.815528 -1.727444 1.302489 14.073418 -1.823457 0.342005
Pedestrian -1 -1 -10 479.000000 165.000000 491.000000 193.000000 1.761717 0.704327 0.504619 -5.286933 0.581217 32.079373 -1.732287 0.268587
Pedestrian -1 -1 -10 502.000000 166.000000 526.000000 235.000000 1.764312 0.705833 0.695230 -2.366390 1.156398 19.057582 -1.810814 0.211274
Pedestrian -1 -1 -10 871.000000 170.000000 944.000000 304.000000 1.695282 0.596435 0.590428 2.854807 1.384316 5.911719 -0.539088 0.078078
Pedestrian -1 -1 -10 823.000000 168.000000 863.000000 297.000000 1.697229 0.617032 0.480617 7.373125 1.735442 21.063515 -1.278836 0.068653
Pedestrian -1 -1 -10 527.000000 161.000000 537.000000 201.000000 1.683280 0.612588 0.624024 -5.001400 0.620378 50.853535 2.426643 0.047831
Car -1 -1 -10 463.000000 171.000000 546.000000 237.000000 1.550923 1.635178 3.917039 -2.503038 1.298308 19.311479 1.590987 0.954993
Car -1 -1 -10 489.000000 172.000000 520.000000 237.000000 1.510823 1.603396 3.815392 -2.514654 1.271971 19.212082 1.491093 0.024544
Car -1 -1 -10 491.000000 168.000000 546.000000 286.000000 1.646650 1.502784 3.096275 -1.677202 1.519926 10.954044 2.962958 0.020418
Cyclist -1 -1 -10 483.000000 168.000000 544.000000 253.000000 1.689727 0.617068 1.589590 -1.672671 1.258797 14.269588 2.890960 0.356755
Cyclist -1 -1 -10 352.000000 158.000000 406.000000 254.000000 1.740504 0.597453 1.779156 -4.126723 1.318992 13.765179 0.731320 0.169036
Cyclist -1 -1 -10 8.000000 214.000000 273.000000 374.000000 1.634543 0.707296 1.762730 -3.038705 1.572623 4.771169 2.513487 0.030503
Cyclist -1 -1 -10 504.000000 167.000000 530.000000 227.000000 1.758726 0.545044 1.589736 -2.215006 1.084657 19.344605 -1.752440 0.022460
Cyclist -1 -1 -10 659.000000 165.000000 702.000000 296.000000 1.752232 0.609200 1.715181 1.038619 1.506953 9.792849 -1.426058 0.021036
Cyclist -1 -1 -10 871.000000 170.000000 944.000000 304.000000 1.707643 0.510296 1.531870 2.471692 1.521541 5.838856 -1.192942 0.016440
Cyclist -1 -1 -10 493.000000 169.000000 522.000000 239.000000 1.639306 0.459195 1.731875 -2.624419 1.422295 18.072417 -1.707046 0.014081
Cyclist -1 -1 -10 514.000000 167.000000 541.000000 226.000000 1.660498 0.565257 1.689535 -2.002798 1.143415 19.438657 -1.726354 0.013532
