Car -1 -1 -10 559.000000 177.000000 602.000000 217.000000 1.549529 1.626137 3.756324 -1.198174 1.224790 31.983067 -1.620330 0.999368
Car -1 -1 -10 326.000000 188.000000 455.000000 273.000000 1.451482 1.554028 3.666599 -4.062455 1.520008 13.812626 -1.635419 0.998719
Car -1 -1 -10 -7.000000 183.000000 390.000000 374.000000 1.497693 1.605891 3.827972 -3.239844 1.505440 6.067658 -1.605438 0.997621
Car -1 -1 -10 0.000000 168.000000 47.000000 209.000000 1.496858 1.598364 3.825716 -25.608825 0.725763 30.750924 1.449905 0.203930
Car -1 -1 -10 192.000000 182.000000 367.000000 248.000000 1.479718 1.595103 3.744715 -8.987604 1.383796 22.082474 -1.623519 0.106359
Car -1 -1 -10 268.000000 185.000000 350.000000 237.000000 1.478052 1.592316 3.715296 -8.944901 1.337764 22.124071 -1.608980 0.089289
Car -1 -1 -10 363.000000 155.000000 436.000000 232.000000 1.558227 1.661708 4.015261 -8.346925 0.805230 28.994769 -1.649024 0.030848
Car -1 -1 -10 27.000000 186.000000 166.000000 237.000000 1.466271 1.593303 3.678477 -12.892753 1.524370 18.839095 -1.582241 0.014723
Car -1 -1 -10 416.000000 183.000000 458.000000 210.000000 1.529522 1.469785 3.340859 -8.790957 1.434498 39.167299 1.345593 0.014439
Car -1 -1 -10 231.000000 186.000000 309.000000 248.000000 1.543374 1.602297 3.778126 -13.387669 1.092804 27.869391 1.173786 0.013925
Car -1 -1 -10 8.000000 189.000000 237.000000 299.000000 1.506250 1.570829 3.684453 -13.394795 1.340857 18.657566 1.413337 0.013362
