Car -1 -1 -10 663.000000 188.000000 722.000000 232.000000 1.457690 1.610904 3.768445 2.833201 2.088600 25.812824 -1.591130 0.998291
Car -1 -1 -10 708.000000 191.000000 846.000000 284.000000 1.481632 1.613895 3.810518 2.909079 1.817725 13.766828 -1.556171 0.996572
Car -1 -1 -10 765.000000 204.000000 1048.000000 373.000000 1.463985 1.611497 3.633212 2.914089 1.875589 8.127531 -1.616018 0.995291
Car -1 -1 -10 357.000000 186.000000 485.000000 234.000000 1.579181 1.615161 4.156763 -6.407743 2.057262 24.476177 0.131183 0.993124
Car -1 -1 -10 216.000000 180.000000 421.000000 265.000000 1.478253 1.611102 4.007889 -6.188349 1.848632 15.146004 0.664679 0.989334
Car -1 -1 -10 -12.000000 171.000000 344.000000 322.000000 1.723808 1.689848 4.112063 -5.988128 1.760669 9.707899 0.375413 0.980639
Car -1 -1 -10 903.000000 171.000000 1245.000000 373.000000 1.551170 1.612912 3.864056 2.785959 1.630503 2.954799 -1.558828 0.944112
Car -1 -1 -10 645.000000 183.000000 686.000000 218.000000 1.562499 1.603308 3.760545 2.739939 2.201852 36.556618 -1.592301 0.710615
Car -1 -1 -10 91.000000 173.000000 398.000000 278.000000 1.822914 1.646480 3.743107 -5.693452 1.845118 12.307496 -1.520732 0.347287
Car -1 -1 -10 296.000000 183.000000 449.000000 243.000000 1.420101 1.538064 3.494994 -6.261319 0.835058 19.207768 0.388921 0.293426
Car -1 -1 -10 399.000000 182.000000 516.000000 225.000000 1.613001 1.673072 3.936954 -6.200469 1.974216 29.016293 -3.183749 0.171075
Car -1 -1 -10 448.000000 186.000000 525.000000 220.000000 1.534918 1.540147 3.610462 -4.991455 2.209869 36.749159 1.487753 0.119953
