Car -1 -1 -10 767.000000 179.000000 973.000000 255.000000 1.488545 1.636839 3.873022 5.657636 1.725612 15.675035 -0.052374 0.999493
Car -1 -1 -10 640.000000 181.000000 684.000000 217.000000 1.430145 1.617987 4.032931 2.115946 1.810938 30.275733 -1.612362 0.999307
Car -1 -1 -10 29.000000 172.000000 301.000000 311.000000 1.737000 1.676822 4.005788 -6.516614 1.709236 10.529213 -3.200691 0.996461
Car -1 -1 -10 -1.000000 190.000000 183.000000 369.000000 1.449270 1.621245 4.125711 -5.865284 1.835032 6.087243 -0.046817 0.988721
Car -1 -1 -10 325.000000 178.000000 479.000000 228.000000 1.577321 1.643475 4.113288 -6.434281 1.771833 23.725122 0.032066 0.988524
Car -1 -1 -10 204.000000 186.000000 399.000000 255.000000 1.488126 1.582751 3.946977 -6.552485 1.742484 15.329883 -3.139658 0.946976
Car -1 -1 -10 115.000000 181.000000 338.000000 278.000000 1.574541 1.615708 3.962091 -6.783922 1.742379 12.547915 -3.433376 0.743509
Car -1 -1 -10 1093.000000 181.000000 1239.000000 376.000000 1.513534 1.617013 3.845542 6.508083 1.713223 6.065485 -0.005601 0.705496
Car -1 -1 -10 444.000000 178.000000 525.000000 208.000000 1.561288 1.599338 3.875200 -5.877036 1.734075 37.804779 0.904632 0.416127
Car -1 -1 -10 383.000000 175.000000 494.000000 217.000000 1.753912 1.657078 4.109823 -7.425165 1.876918 31.222777 0.003744 0.306055
