Car -1 -1 -10 577.000000 173.000000 656.000000 248.000000 1.553775 1.641845 3.601684 0.147903 1.363899 17.268922 -1.591069 0.999281
Car -1 -1 -10 422.000000 185.000000 495.000000 232.000000 1.477037 1.556464 3.641344 -4.685991 1.431256 22.949339 -1.578092 0.999256
Car -1 -1 -10 198.000000 181.000000 417.000000 315.000000 1.553557 1.589993 3.653067 -4.213682 1.580265 10.699614 -1.557911 0.998728
Car -1 -1 -10 -4.000000 189.000000 234.000000 289.000000 1.474535 1.603020 3.896026 -8.451796 1.552822 12.849045 -1.585764 0.997363
Car -1 -1 -10 477.000000 181.000000 528.000000 217.000000 1.547232 1.628774 4.122808 -4.480216 1.244615 31.098876 -1.622203 0.996080
Car -1 -1 -10 352.000000 182.000000 416.000000 221.000000 1.467956 1.604669 3.908933 -8.376980 1.329604 26.513642 -1.561753 0.538416
Car -1 -1 -10 212.000000 184.000000 294.000000 222.000000 1.610034 1.641691 3.905849 -13.175544 1.434590 26.987442 1.153231 0.366347
Car -1 -1 -10 599.000000 169.000000 645.000000 214.000000 1.524240 1.504203 3.205062 0.570970 1.285037 29.965660 1.602764 0.174142
Car -1 -1 -10 86.000000 188.000000 207.000000 236.000000 1.524240 1.504203 3.205061 -16.001202 0.911936 24.342767 1.013160 0.096880
Car -1 -1 -10 209.000000 186.000000 378.000000 252.000000 1.579572 1.555414 3.271716 -6.388754 1.642648 14.568807 2.064170 0.076086
Car -1 -1 -10 311.000000 186.000000 403.000000 228.000000 1.520539 1.595566 3.656610 -8.500231 1.538656 25.976934 -1.570317 0.039090
