Car -1 -1 -10 572.000000 173.000000 617.000000 213.000000 1.535989 1.614566 3.710670 -0.626039 1.062100 31.527748 -1.601571 0.999667
Car -1 -1 -10 81.000000 185.000000 357.000000 319.000000 1.504472 1.599577 3.764786 -5.047455 1.511529 10.146736 -1.555877 0.999282
Car -1 -1 -10 108.000000 182.000000 230.000000 236.000000 1.466535 1.612540 3.864912 -11.879698 1.458216 20.196599 -1.555373 0.759160
Car -1 -1 -10 482.000000 171.000000 531.000000 208.000000 1.672082 1.656498 3.962250 -5.107313 1.042190 37.541649 -1.618678 0.500857
Car -1 -1 -10 264.000000 177.000000 344.000000 233.000000 1.531518 1.628366 3.985110 -8.642056 1.389218 19.064462 1.688427 0.349455
Car -1 -1 -10 222.000000 180.000000 330.000000 244.000000 1.496926 1.597847 3.764537 -8.414538 1.231506 18.063441 1.641343 0.261128
Car -1 -1 -10 -5.000000 185.000000 126.000000 298.000000 1.462220 1.578045 3.686241 -8.807286 1.575655 9.902687 -1.574568 0.183355
Car -1 -1 -10 221.000000 169.000000 302.000000 222.000000 1.551908 1.553399 3.286483 -7.414261 1.740899 15.822492 2.011409 0.100724
Car -1 -1 -10 506.000000 173.000000 545.000000 200.000000 1.671229 1.646694 3.870291 -5.171628 0.960019 37.530349 -1.600238 0.053279
Car -1 -1 -10 309.000000 182.000000 394.000000 224.000000 1.482397 1.565945 3.684942 -8.845299 1.371158 25.783717 -1.642452 0.040734
