Car -1 -1 -10 690.000000 188.000000 775.000000 250.000000 1.483282 1.580939 3.537262 3.111669 1.836093 18.719541 -1.630061 0.996201
Car -1 -1 -10 30.000000 184.000000 370.000000 298.000000 1.516568 1.641888 4.198362 -6.158718 1.733613 11.470276 -0.086392 0.995376
Car -1 -1 -10 268.000000 181.000000 453.000000 254.000000 1.570057 1.615568 4.118833 -6.090472 1.852920 17.204977 0.622339 0.983307
Car -1 -1 -10 360.000000 178.000000 512.000000 227.000000 1.547925 1.626660 3.968843 -5.589362 1.802093 25.574734 -1.347594 0.912541
Car -1 -1 -10 839.000000 183.000000 1237.000000 371.000000 1.581216 1.641172 3.950380 3.164312 1.729051 5.549636 -1.576103 0.875657
Car -1 -1 -10 742.000000 187.000000 854.000000 227.000000 1.497112 1.594496 3.908221 6.877568 2.040778 26.223547 0.034063 0.866285
Car -1 -1 -10 168.000000 187.000000 413.000000 264.000000 1.573637 1.609138 3.735874 -6.281576 1.792037 13.946328 -3.153725 0.806389
Car -1 -1 -10 465.000000 181.000000 540.000000 207.000000 1.548453 1.609341 3.806875 -6.179605 2.286830 46.380007 -2.416102 0.715021
Car -1 -1 -10 422.000000 181.000000 521.000000 214.000000 1.523915 1.609947 3.794982 -6.531863 1.895737 35.921743 -1.748615 0.156019
Car -1 -1 -10 699.000000 181.000000 810.000000 224.000000 1.593783 1.581117 3.960751 6.759599 2.173356 26.987366 0.063078 0.037755
