Pedestrian -1 -1 -10 778.000000 188.000000 800.000000 248.000000 1.677406 0.606380 0.652132 4.268713 1.860265 17.282776 -0.934165 0.805725
Pedestrian -1 -1 -10 808.000000 182.000000 843.000000 236.000000 1.734082 0.595459 0.769504 5.180722 1.656769 16.404835 2.877350 0.055968
Pedestrian -1 -1 -10 786.000000 185.000000 841.000000 249.000000 1.691277 0.528065 0.574746 3.925602 1.541826 12.780687 3.264558 0.014485
Car -1 -1 -10 474.000000 189.000000 544.000000 244.000000 1.505729 1.551958 3.549064 -2.832092 1.921492 20.820532 1.563186 0.999669
Car -1 -1 -10 541.000000 184.000000 574.000000 209.000000 1.578133 1.631535 3.935832 -3.392734 2.235116 45.177665 1.447474 0.999149
Car -1 -1 -10 663.000000 181.000000 736.000000 241.000000 1.588816 1.653796 3.621598 2.439885 1.860056 21.155432 -1.578338 0.998917
Car -1 -1 -10 782.000000 183.000000 1064.000000 377.000000 1.636905 1.595872 3.754583 2.791275 1.780645 6.957156 1.504028 0.996994
Car -1 -1 -10 -4.000000 193.000000 438.000000 378.000000 1.528083 1.657987 4.114970 -2.786086 1.813622 5.753439 1.551193 0.993812
Car -1 -1 -10 649.000000 179.000000 703.000000 229.000000 1.505932 1.546433 3.619785 2.370911 1.962497 25.875972 -1.580424 0.940760
Car -1 -1 -10 959.000000 237.000000 1240.000000 376.000000 1.478477 1.645469 3.897216 2.541130 1.489631 1.290783 1.534340 0.758788
Car -1 -1 -10 636.000000 176.000000 666.000000 211.000000 1.685908 1.645313 3.948068 2.688115 2.018847 45.034751 -1.574895 0.501819
Car -1 -1 -10 630.000000 178.000000 654.000000 206.000000 1.531493 1.602488 3.742983 2.498594 1.865384 45.059317 -1.566554 0.024228
Cyclist -1 -1 -10 778.000000 189.000000 802.000000 251.000000 1.680213 0.540089 1.648588 4.200887 1.869716 17.361311 -1.816541 0.479662
Cyclist -1 -1 -10 805.000000 182.000000 847.000000 235.000000 1.669607 0.541922 1.638831 5.525799 1.507010 16.935350 -1.871653 0.322005
Cyclist -1 -1 -10 829.000000 186.000000 849.000000 229.000000 1.646908 0.637038 1.649282 5.775401 1.633672 18.312571 2.452363 0.039455
Cyclist -1 -1 -10 779.000000 187.000000 827.000000 247.000000 1.712024 0.494123 1.736440 4.270100 1.868785 16.913518 -1.405261 0.029732
Cyclist -1 -1 -10 793.000000 189.000000 813.000000 248.000000 1.680041 0.648704 1.576671 4.761210 1.768590 18.365178 3.382118 0.011367
