Pedestrian -1 -1 -10 795.000000 150.000000 822.000000 236.000000 1.825868 0.655176 1.021441 4.518820 1.374086 16.802564 -1.350412 0.994552
Pedestrian -1 -1 -10 113.000000 170.000000 282.000000 369.000000 1.773903 0.744481 0.880837 -3.180920 1.705873 5.650144 1.581339 0.040789
Pedestrian -1 -1 -10 177.000000 173.000000 230.000000 338.000000 1.690060 0.561998 0.634862 -4.720821 1.596920 8.317684 0.141069 0.021708
Car -1 -1 -10 457.000000 180.000000 531.000000 223.000000 1.458261 1.602557 3.897878 -4.300391 1.712312 26.624154 1.632152 0.998295
Car -1 -1 -10 680.000000 174.000000 725.000000 212.000000 1.539910 1.624779 3.765818 3.808526 1.539084 27.956026 -1.503309 0.988637
Car -1 -1 -10 -2.000000 187.000000 328.000000 366.000000 1.556189 1.628024 3.884442 -5.078649 1.798280 8.345583 1.526827 0.963444
Car -1 -1 -10 696.000000 173.000000 730.000000 202.000000 1.553537 1.581628 3.899572 5.145859 1.535845 37.093205 2.116085 0.029675
Car -1 -1 -10 2.000000 154.000000 148.000000 287.000000 1.507733 1.515563 3.185675 -7.731457 1.823182 9.789831 1.458430 0.010452
Cyclist -1 -1 -10 55.000000 179.000000 304.000000 372.000000 1.741785 0.537636 1.784567 -3.107879 1.682194 5.736394 1.526053 0.996173
Cyclist -1 -1 -10 138.000000 174.000000 262.000000 354.000000 1.675816 0.545442 1.713328 -3.099949 1.567722 5.577998 1.533025 0.041366
