Pedestrian -1 -1 -10 472.000000 175.000000 489.000000 217.000000 1.681150 0.641892 0.810944 -5.289122 1.799917 29.526953 -1.755092 0.029256
Pedestrian -1 -1 -10 131.000000 197.000000 156.000000 262.000000 1.713536 0.607506 0.655564 -10.960312 2.528507 16.971319 2.043570 0.010371
Car -1 -1 -10 643.000000 175.000000 710.000000 224.000000 1.481795 1.574629 3.511322 2.042224 1.553326 22.977890 -1.710796 0.997316
Car -1 -1 -10 700.000000 172.000000 835.000000 261.000000 1.479739 1.607543 3.879727 2.855213 1.531748 14.031650 1.483535 0.980464
Car -1 -1 -10 750.000000 148.000000 970.000000 325.000000 1.789606 1.699949 4.076715 2.875042 1.571593 8.809658 -1.588602 0.969985
Car -1 -1 -10 414.000000 181.000000 465.000000 228.000000 1.535912 1.593461 3.697972 -6.103350 1.873747 25.602818 -1.813917 0.961804
Car -1 -1 -10 565.000000 176.000000 602.000000 206.000000 1.504868 1.558293 3.544295 -1.583116 1.875117 41.854087 -1.751295 0.928807
Car -1 -1 -10 606.000000 177.000000 672.000000 213.000000 1.487333 1.593039 3.636247 1.026717 1.500836 29.862940 -1.746680 0.478210
Car -1 -1 -10 720.000000 161.000000 902.000000 283.000000 1.603834 1.647939 3.953859 2.733639 1.429024 10.050011 -1.669881 0.110578
Car -1 -1 -10 1.000000 187.000000 43.000000 278.000000 1.510246 1.606392 3.793641 -14.844803 2.117001 16.701319 1.272316 0.094874
Car -1 -1 -10 441.000000 179.000000 471.000000 204.000000 1.524244 1.504204 3.205060 -8.929334 2.083066 46.223670 1.372660 0.038822
Car -1 -1 -10 944.000000 163.000000 1232.000000 372.000000 1.545258 1.655502 3.995496 2.632253 1.227764 2.143119 1.613709 0.032043
Cyclist -1 -1 -10 471.000000 175.000000 491.000000 217.000000 1.779037 0.618613 1.771026 -5.379114 1.873653 29.515228 1.394724 0.696589
Cyclist -1 -1 -10 492.000000 175.000000 510.000000 216.000000 1.751941 0.537815 1.757077 -4.825585 1.815709 31.404365 1.301367 0.648355
