Pedestrian -1 -1 -10 490.000000 177.000000 524.000000 239.000000 1.684225 0.590958 0.714393 -2.529919 1.502320 19.041749 2.474879 0.850059
Pedestrian -1 -1 -10 860.000000 224.000000 946.000000 369.000000 1.699105 0.589083 0.618382 2.488884 1.907050 5.824682 2.965986 0.807042
Pedestrian -1 -1 -10 1014.000000 222.000000 1129.000000 373.000000 1.747531 0.672407 0.667832 2.422723 2.064997 3.403915 3.203634 0.759441
Pedestrian -1 -1 -10 945.000000 224.000000 1057.000000 369.000000 1.717857 0.612825 0.658559 2.633572 1.900345 4.743353 -0.592934 0.682769
Pedestrian -1 -1 -10 951.000000 222.000000 1206.000000 370.000000 1.804704 0.760600 0.803290 2.847004 2.078735 4.390314 3.170490 0.524495
Pedestrian -1 -1 -10 937.000000 213.000000 1006.000000 299.000000 1.651338 0.556866 0.571118 2.763745 1.611919 5.387807 3.015582 0.377670
Pedestrian -1 -1 -10 1065.000000 234.000000 1191.000000 367.000000 1.678668 0.592913 0.617533 3.102723 1.621782 4.288513 -1.557111 0.133165
Pedestrian -1 -1 -10 901.000000 209.000000 1018.000000 367.000000 1.709309 0.620540 0.724021 2.610024 2.001674 5.139495 -0.700577 0.123858
Car -1 -1 -10 999.000000 224.000000 1202.000000 371.000000 1.493377 1.586805 3.707150 3.071062 1.890810 3.319565 1.656839 0.014337
Cyclist -1 -1 -10 1007.000000 222.000000 1128.000000 373.000000 1.663990 0.516208 1.620861 2.715834 1.836506 3.495702 -1.580909 0.561153
Cyclist -1 -1 -10 936.000000 223.000000 1207.000000 370.000000 1.601184 0.563841 1.714415 2.916462 1.799142 4.453220 1.633071 0.195060
Cyclist -1 -1 -10 270.000000 176.000000 391.000000 368.000000 1.668926 0.527031 1.700760 -2.223638 1.628996 5.288746 -1.457860 0.168018
Cyclist -1 -1 -10 940.000000 216.000000 1051.000000 370.000000 1.716526 0.667894 1.781761 2.624717 1.816106 5.103915 -1.084310 0.068910
Cyclist -1 -1 -10 1065.000000 234.000000 1191.000000 367.000000 1.677954 0.514024 1.434748 2.550775 1.658261 3.454230 -0.984043 0.015427
Cyclist -1 -1 -10 945.000000 212.000000 1014.000000 291.000000 1.725403 0.551715 1.564596 3.220026 1.452813 6.002285 -0.473905 0.011719
Cyclist -1 -1 -10 1015.000000 221.000000 1074.000000 353.000000 1.707554 0.529269 1.473086 4.186792 1.772322 6.565171 1.115729 0.011582
