Car -1 -1 -10 725.000000 178.000000 851.000000 264.000000 1.473691 1.587727 3.760451 3.366825 1.625405 14.409858 1.489230 0.999387
Car -1 -1 -10 350.000000 183.000000 458.000000 244.000000 1.497489 1.623386 4.021838 -5.620993 1.857246 19.958242 1.684800 0.998524
Car -1 -1 -10 69.000000 193.000000 326.000000 322.000000 1.488284 1.563755 3.635044 -5.713135 1.870261 10.737871 1.565681 0.997941
Car -1 -1 -10 686.000000 177.000000 774.000000 235.000000 1.480954 1.637179 3.999346 3.309503 1.606149 20.167105 -1.618116 0.993030
Car -1 -1 -10 875.000000 174.000000 1233.000000 377.000000 1.506638 1.642430 4.094956 3.289802 1.622151 4.388098 -1.562731 0.984611
Car -1 -1 -10 664.000000 174.000000 719.000000 214.000000 1.508262 1.620164 3.852242 3.109416 1.587042 28.961998 -1.581632 0.983733
Car -1 -1 -10 469.000000 176.000000 515.000000 209.000000 1.549055 1.573970 3.667257 -5.836143 1.743021 34.929734 1.529354 0.919287
Car -1 -1 -10 7.000000 212.000000 129.000000 370.000000 1.481630 1.612660 3.878467 -5.618963 1.870292 5.135028 1.583990 0.616175
Car -1 -1 -10 93.000000 184.000000 231.000000 236.000000 1.507230 1.584001 3.821225 -14.794214 1.902707 24.493039 0.029027 0.197180
Car -1 -1 -10 85.000000 185.000000 289.000000 266.000000 1.546771 1.425155 2.894983 -13.283743 1.452175 22.893960 0.471825 0.045488
Car -1 -1 -10 486.000000 177.000000 526.000000 204.000000 1.638159 1.517038 3.216192 -6.100500 1.594111 38.795000 -1.609706 0.035384
