Pedestrian -1 -1 -10 836.000000 141.000000 911.000000 314.000000 1.835574 0.665921 1.200055 2.849066 1.445813 7.910166 -0.167840 0.992631
Pedestrian -1 -1 -10 296.000000 166.000000 350.000000 275.000000 1.699625 0.640842 0.820138 -4.669419 1.568768 11.609248 0.220879 0.987459
Pedestrian -1 -1 -10 808.000000 153.000000 860.000000 309.000000 1.814153 0.678342 0.917449 2.647092 1.432324 8.489050 0.715304 0.978241
Pedestrian -1 -1 -10 267.000000 169.000000 309.000000 278.000000 1.749311 0.625152 0.844455 -5.014356 1.577745 11.132698 0.181898 0.954990
Pedestrian -1 -1 -10 1003.000000 150.000000 1025.000000 214.000000 1.707071 0.621216 0.735880 10.373008 0.880856 18.119488 1.026708 0.270296
Pedestrian -1 -1 -10 857.000000 150.000000 882.000000 204.000000 1.689278 0.532551 0.582344 5.472443 1.431269 13.887729 3.354019 0.070482
Pedestrian -1 -1 -10 846.000000 153.000000 900.000000 205.000000 1.694435 0.520785 0.574316 4.774068 1.585988 11.708627 3.354788 0.058053
Pedestrian -1 -1 -10 284.000000 172.000000 320.000000 254.000000 1.802346 0.667284 0.844096 -6.312974 1.563807 14.415610 1.608860 0.029977
Pedestrian -1 -1 -10 377.000000 166.000000 385.000000 195.000000 1.729656 0.676101 0.747042 -20.772938 1.171013 65.648492 -2.322272 0.024725
Pedestrian -1 -1 -10 -5.000000 201.000000 299.000000 365.000000 1.728449 0.652351 0.845976 -2.609309 1.814932 3.831596 -2.596743 0.012301
Car -1 -1 -10 448.000000 173.000000 481.000000 198.000000 1.607123 1.619783 3.870513 -8.521329 1.088230 43.842075 1.466781 0.996825
Car -1 -1 -10 728.000000 167.000000 821.000000 200.000000 1.546956 1.625726 3.905352 8.053384 0.956435 33.456995 -2.395213 0.972985
Car -1 -1 -10 3.000000 200.000000 285.000000 367.000000 1.545579 1.623408 3.854506 -3.251987 1.664315 3.642573 -1.594198 0.966148
Cyclist -1 -1 -10 836.000000 145.000000 912.000000 317.000000 1.824898 0.485030 1.804085 2.875786 1.451304 8.023762 -0.223699 0.257662
Cyclist -1 -1 -10 859.000000 152.000000 902.000000 199.000000 1.842785 0.634902 1.708925 13.523138 0.634372 33.976001 2.418011 0.157300
Cyclist -1 -1 -10 -13.000000 200.000000 288.000000 364.000000 1.660996 0.630557 1.780239 -2.672482 1.669825 3.790871 -1.586023 0.016779
Cyclist -1 -1 -10 862.000000 147.000000 883.000000 203.000000 1.683827 0.505467 1.362220 5.131416 0.722225 13.816630 1.344146 0.015355
Cyclist -1 -1 -10 847.000000 162.000000 889.000000 201.000000 1.677954 0.514024 1.434748 13.155126 0.698774 33.367506 -1.261121 0.014791
Cyclist -1 -1 -10 807.000000 153.000000 862.000000 309.000000 1.797772 0.550080 1.731974 2.796402 1.485128 8.336129 -1.303093 0.011063
