Car -1 -1 -10 294.000000 189.000000 455.000000 305.000000 1.545645 1.532223 3.556809 -3.583505 1.839323 11.545323 1.518540 0.999173
Car -1 -1 -10 783.000000 187.000000 1043.000000 344.000000 1.454280 1.607812 3.866315 3.455834 1.708865 8.944441 -1.570939 0.998353
Car -1 -1 -10 704.000000 170.000000 833.000000 270.000000 1.616789 1.644232 3.827243 2.858173 1.611453 14.441613 -1.688511 0.997635
Car -1 -1 -10 652.000000 176.000000 711.000000 222.000000 1.469715 1.617182 3.988524 2.493588 1.647920 27.116390 -1.571493 0.994244
Car -1 -1 -10 454.000000 167.000000 532.000000 233.000000 1.861974 1.716327 4.396383 -3.835060 1.812407 23.328412 -1.609052 0.992953
Car -1 -1 -10 924.000000 212.000000 1244.000000 374.000000 1.494167 1.600528 3.930335 3.508785 1.778642 4.452031 -1.555144 0.984882
Car -1 -1 -10 1.000000 199.000000 334.000000 375.000000 1.551528 1.617951 3.928471 -3.411929 1.837502 4.919156 1.511749 0.982981
Car -1 -1 -10 525.000000 174.000000 556.000000 200.000000 1.546568 1.598493 3.792269 -4.570268 1.719893 44.436129 1.494843 0.966823
Car -1 -1 -10 676.000000 175.000000 766.000000 238.000000 1.530225 1.611010 3.738371 3.378931 1.449190 22.261449 -1.392222 0.922901
Car -1 -1 -10 646.000000 175.000000 686.000000 212.000000 1.534830 1.579330 3.704928 2.624107 1.756933 32.329859 -1.558974 0.549376
Car -1 -1 -10 626.000000 173.000000 659.000000 200.000000 1.539610 1.614254 3.874999 2.485070 1.767117 43.444044 -1.574834 0.154169
