Car -1 -1 -10 729.000000 191.000000 916.000000 305.000000 1.445589 1.658335 4.089616 3.017021 1.761173 11.124393 -1.629642 0.997091
Car -1 -1 -10 654.000000 172.000000 706.000000 218.000000 1.680434 1.693303 4.117912 2.762037 1.706012 30.623066 -1.612503 0.992648
Car -1 -1 -10 346.000000 177.000000 481.000000 230.000000 1.495795 1.596976 4.048799 -6.118091 1.562370 25.369770 -3.405806 0.935328
Car -1 -1 -10 405.000000 171.000000 510.000000 216.000000 1.567720 1.572795 4.030618 -6.002338 1.792887 28.052315 -0.148807 0.780549
Car -1 -1 -10 447.000000 172.000000 531.000000 209.000000 1.541382 1.577628 3.705240 -6.155811 1.671612 35.058693 -3.097344 0.444776
Car -1 -1 -10 -3.000000 161.000000 193.000000 353.000000 1.751385 1.653395 3.988084 -6.173977 1.695745 7.547123 -3.232997 0.364869
Car -1 -1 -10 305.000000 183.000000 448.000000 242.000000 1.545295 1.615798 3.799016 -5.251785 1.773213 20.491986 -1.896229 0.105840
Car -1 -1 -10 705.000000 192.000000 768.000000 251.000000 1.503335 1.582259 3.797624 3.713929 1.780523 16.223777 1.114588 0.092439
Car -1 -1 -10 485.000000 172.000000 547.000000 201.000000 1.523944 1.636681 3.811364 -5.044530 1.467558 45.093118 -1.730028 0.042819
Car -1 -1 -10 740.000000 195.000000 828.000000 249.000000 1.578804 1.542758 3.472086 6.844515 2.220214 24.880165 1.305703 0.022873
Car -1 -1 -10 1110.000000 190.000000 1179.000000 232.000000 1.512064 1.574500 3.567830 18.760230 2.658639 25.095610 -0.915003 0.016464
Car -1 -1 -10 30.000000 167.000000 252.000000 284.000000 1.657991 1.617837 3.817018 -6.431895 1.594138 9.332977 -3.180462 0.010085
Cyclist -1 -1 -10 708.000000 188.000000 764.000000 250.000000 1.700704 0.591387 1.668321 2.715317 1.950167 15.821302 1.184297 0.468626
