Car -1 -1 -10 329.000000 175.000000 466.000000 226.000000 1.598941 1.655601 3.913384 -6.470191 1.657526 22.070374 -3.138042 0.993758
Car -1 -1 -10 784.000000 167.000000 1035.000000 252.000000 1.739111 1.726847 4.189387 6.319862 1.690455 16.183564 3.141663 0.984535
Car -1 -1 -10 975.000000 177.000000 1241.000000 349.000000 1.583711 1.618618 3.889642 6.558810 1.741520 8.290556 0.100795 0.969604
Car -1 -1 -10 384.000000 173.000000 500.000000 217.000000 1.588008 1.693096 4.158655 -6.068309 1.517981 27.008086 -3.231673 0.966988
Car -1 -1 -10 77.000000 165.000000 369.000000 272.000000 1.726150 1.666908 4.178047 -6.560473 1.483581 12.399092 -0.073985 0.966505
Car -1 -1 -10 192.000000 176.000000 370.000000 253.000000 1.486140 1.562777 3.654907 -6.802080 1.610573 14.647722 -3.034080 0.234817
Car -1 -1 -10 484.000000 173.000000 539.000000 199.000000 1.579370 1.626666 3.942538 -6.678028 1.704204 45.459899 -3.173511 0.068826
Car -1 -1 -10 654.000000 163.000000 724.000000 219.000000 1.920553 1.775748 4.176406 2.630086 1.584234 25.160319 -1.618327 0.055768
Car -1 -1 -10 637.000000 169.000000 676.000000 201.000000 1.587688 1.658626 3.651962 2.827837 1.484768 41.303102 0.045655 0.038468
Car -1 -1 -10 649.000000 171.000000 693.000000 215.000000 1.580066 1.591503 3.616447 2.461682 1.527776 27.663832 -1.605190 0.031471
