Pedestrian -1 -1 -10 1118.000000 153.000000 1173.000000 261.000000 1.699116 0.651743 0.907608 8.567339 1.404276 11.530428 -1.378378 0.916963
Pedestrian -1 -1 -10 1055.000000 161.000000 1141.000000 254.000000 1.675919 0.643748 0.773813 8.023144 1.223328 11.573029 1.288780 0.077698
Pedestrian -1 -1 -10 800.000000 166.000000 819.000000 212.000000 1.661949 0.604670 0.757220 7.384093 1.434836 26.572624 -1.650492 0.034433
Pedestrian -1 -1 -10 1084.000000 164.000000 1109.000000 232.000000 1.707410 0.656316 0.565145 8.917420 2.102603 13.189286 -0.497998 0.018422
Pedestrian -1 -1 -10 1076.000000 168.000000 1130.000000 220.000000 1.699646 0.588091 0.691548 7.514595 1.786868 10.853543 -1.582589 0.016072
Car -1 -1 -10 1158.000000 167.000000 1243.000000 193.000000 1.506137 1.548444 3.766763 40.205626 1.857686 48.713988 1.718589 0.032963
Cyclist -1 -1 -10 1005.000000 150.000000 1126.000000 281.000000 1.765590 0.495983 1.734030 6.003296 1.426349 9.651478 -1.528393 0.999762
Cyclist -1 -1 -10 800.000000 167.000000 818.000000 211.000000 1.738449 0.518275 1.713746 7.253967 1.478900 26.638410 -1.624681 0.855346
Cyclist -1 -1 -10 1063.000000 161.000000 1137.000000 253.000000 1.706784 0.515351 1.680310 8.007154 1.273198 11.771248 -0.445773 0.430771
Cyclist -1 -1 -10 1116.000000 154.000000 1178.000000 257.000000 1.728966 0.546127 1.718316 8.613852 1.407667 11.654630 -1.423903 0.353654
Cyclist -1 -1 -10 1092.000000 164.000000 1151.000000 230.000000 1.695785 0.539853 1.522666 9.834566 1.860685 13.454850 1.217710 0.063230
Cyclist -1 -1 -10 1076.000000 168.000000 1130.000000 220.000000 1.685675 0.489140 1.528938 10.458469 1.390091 14.593475 -0.319344 0.024097
Cyclist -1 -1 -10 1028.000000 174.000000 1066.000000 199.000000 1.689665 0.489273 1.510997 9.584616 1.323661 15.301085 -1.656244 0.012223
Cyclist -1 -1 -10 1084.000000 164.000000 1109.000000 232.000000 1.742899 0.548765 1.545241 9.174822 1.941719 13.240195 -1.566369 0.010320
