Car -1 -1 -10 708.000000 172.000000 943.000000 329.000000 1.478012 1.658448 4.021783 2.325593 1.538220 8.713931 -1.635031 0.999411
Car -1 -1 -10 644.000000 173.000000 729.000000 229.000000 1.525715 1.646159 4.060312 2.120384 1.553669 21.297891 -1.697877 0.998847
Car -1 -1 -10 468.000000 173.000000 536.000000 231.000000 1.585679 1.609614 3.703587 -3.263390 1.688511 22.108592 -1.634736 0.998690
Car -1 -1 -10 0.000000 191.000000 198.000000 286.000000 1.510890 1.576187 3.650165 -9.070809 1.785451 12.244106 -3.123687 0.997521
Car -1 -1 -10 524.000000 177.000000 555.000000 209.000000 1.539248 1.587655 3.515601 -3.657778 1.754920 35.921236 -1.601094 0.741595
Car -1 -1 -10 623.000000 169.000000 665.000000 204.000000 1.734259 1.673478 3.878794 1.696584 1.660556 37.871579 -1.621597 0.611645
Car -1 -1 -10 633.000000 174.000000 688.000000 215.000000 1.482285 1.585364 3.708403 1.839201 1.571971 27.313049 -1.605739 0.447291
Car -1 -1 -10 489.000000 171.000000 535.000000 212.000000 1.512462 1.604629 3.730320 -3.811997 1.290225 26.962055 0.998510 0.076723
Car -1 -1 -10 618.000000 169.000000 649.000000 197.000000 1.390966 1.526569 3.306171 0.703250 0.974244 20.383000 0.796067 0.038512
Cyclist -1 -1 -10 744.000000 175.000000 763.000000 225.000000 1.651945 0.470096 1.676909 4.705171 1.283247 21.978709 -1.814985 0.012011
