Pedestrian -1 -1 -10 724.000000 135.000000 780.000000 288.000000 1.783734 0.723138 0.968299 1.822364 1.266728 9.122423 1.307130 0.998729
Pedestrian -1 -1 -10 650.000000 141.000000 718.000000 295.000000 1.776722 0.736232 0.965183 0.868667 1.302310 8.927818 1.284798 0.998462
Pedestrian -1 -1 -10 572.000000 139.000000 618.000000 249.000000 1.799647 0.692550 0.926267 -0.267704 1.140126 12.153481 1.070348 0.997069
Pedestrian -1 -1 -10 610.000000 142.000000 649.000000 248.000000 1.730658 0.639650 0.723326 0.368294 1.051000 12.247671 1.201967 0.996188
Pedestrian -1 -1 -10 519.000000 136.000000 554.000000 239.000000 1.804807 0.710548 0.833117 -1.307687 0.984905 13.358333 1.003808 0.988693
Pedestrian -1 -1 -10 465.000000 140.000000 502.000000 251.000000 1.770255 0.657028 0.948343 -2.127636 1.038426 11.968723 1.010276 0.975084
Pedestrian -1 -1 -10 682.000000 145.000000 712.000000 219.000000 1.730713 0.589372 0.717307 1.559955 0.995623 13.371533 1.241168 0.837376
Pedestrian -1 -1 -10 493.000000 146.000000 522.000000 238.000000 1.723294 0.578494 0.636696 -1.800410 1.074457 12.808238 0.391880 0.822008
Pedestrian -1 -1 -10 539.000000 138.000000 569.000000 229.000000 1.802603 0.658111 0.796538 -1.112808 0.971726 14.179632 1.058767 0.815730
Pedestrian -1 -1 -10 719.000000 144.000000 746.000000 233.000000 1.757702 0.659066 0.695447 2.430452 1.001974 13.159976 0.601570 0.813488
Pedestrian -1 -1 -10 560.000000 149.000000 591.000000 237.000000 1.742416 0.627890 0.680447 -0.665820 1.205428 13.387665 1.459476 0.728606
Pedestrian -1 -1 -10 451.000000 144.000000 479.000000 214.000000 1.720124 0.640504 0.817659 -3.665605 0.816054 17.976274 1.285822 0.568278
Pedestrian -1 -1 -10 599.000000 140.000000 632.000000 211.000000 1.809685 0.666520 0.777995 0.281811 0.672932 18.737311 -1.651124 0.345832
Pedestrian -1 -1 -10 487.000000 138.000000 507.000000 203.000000 1.645655 0.606269 0.630463 -1.803037 0.628581 11.893249 -0.082154 0.290664
Pedestrian -1 -1 -10 513.000000 143.000000 532.000000 212.000000 1.789704 0.584759 0.725673 -2.287557 0.738957 18.663443 0.490782 0.183349
Pedestrian -1 -1 -10 1197.000000 191.000000 1222.000000 279.000000 1.792266 0.615891 0.885786 15.177113 2.276922 17.668819 3.253577 0.100183
Pedestrian -1 -1 -10 677.000000 143.000000 700.000000 203.000000 1.729239 0.541412 0.618359 1.681824 1.196374 12.039648 3.105534 0.094527
Pedestrian -1 -1 -10 476.000000 142.000000 499.000000 199.000000 1.704246 0.586255 0.629236 -1.845938 0.997481 12.780583 -1.092467 0.074328
Cyclist -1 -1 -10 457.000000 141.000000 505.000000 246.000000 1.784387 0.612775 1.756369 -2.123490 1.095140 12.192473 -1.183808 0.690741
Cyclist -1 -1 -10 447.000000 144.000000 479.000000 213.000000 1.787261 0.604223 1.756304 -3.708980 0.888349 17.951981 1.390508 0.630586
Cyclist -1 -1 -10 270.000000 139.000000 326.000000 224.000000 1.692705 0.506756 1.572094 -5.315814 1.529791 13.118507 -1.338469 0.589983
Cyclist -1 -1 -10 407.000000 150.000000 495.000000 238.000000 1.694148 0.574983 1.642572 -3.494620 1.534198 13.055461 -1.231485 0.303699
Cyclist -1 -1 -10 322.000000 149.000000 391.000000 198.000000 1.681551 0.511809 1.366179 -4.434474 0.517882 12.132421 0.657918 0.167050
Cyclist -1 -1 -10 287.000000 151.000000 349.000000 209.000000 1.691283 0.481941 1.555648 -7.709720 1.015579 19.252742 -1.384975 0.139109
Cyclist -1 -1 -10 383.000000 142.000000 417.000000 193.000000 1.745772 0.578529 1.691821 -7.137719 0.400988 24.559198 0.659979 0.059966
Cyclist -1 -1 -10 490.000000 138.000000 510.000000 218.000000 1.689581 0.489976 1.522749 -2.095821 1.456168 17.012148 -1.062938 0.044005
Cyclist -1 -1 -10 498.000000 145.000000 522.000000 231.000000 1.767380 0.637400 1.719736 -1.662085 1.024087 13.035169 0.846105 0.027971
Cyclist -1 -1 -10 1196.000000 190.000000 1222.000000 286.000000 1.825867 0.543531 1.780962 14.779394 2.165593 17.431464 2.339564 0.017691
Cyclist -1 -1 -10 482.000000 138.000000 503.000000 202.000000 1.730703 0.545199 1.564923 -2.062318 0.902816 14.677059 -1.073365 0.015950
