Pedestrian -1 -1 -10 713.000000 163.000000 751.000000 259.000000 1.771819 0.734477 1.019773 2.450838 1.429245 13.539937 -1.509933 0.995002
Pedestrian -1 -1 -10 675.000000 165.000000 709.000000 259.000000 1.706693 0.649101 0.770217 1.612137 1.427669 13.389818 -1.859159 0.994249
Pedestrian -1 -1 -10 422.000000 167.000000 460.000000 265.000000 1.726539 0.649777 1.049729 -2.993708 1.466164 13.125091 -1.737433 0.989231
Pedestrian -1 -1 -10 524.000000 171.000000 542.000000 214.000000 1.703316 0.626340 0.774372 -2.762520 1.254734 28.963846 -1.721193 0.232533
Pedestrian -1 -1 -10 199.000000 197.000000 218.000000 255.000000 1.687995 0.639147 0.609157 -10.518544 1.844190 19.387093 -1.647703 0.093850
Pedestrian -1 -1 -10 984.000000 244.000000 1084.000000 373.000000 1.708563 0.619338 0.673181 2.133856 1.809124 3.093080 -0.538143 0.024667
Pedestrian -1 -1 -10 728.000000 166.000000 766.000000 234.000000 1.725612 0.547137 0.709120 3.626117 1.715431 17.553509 0.160079 0.024373
Pedestrian -1 -1 -10 746.000000 164.000000 768.000000 210.000000 1.821103 0.687062 0.709085 5.799075 1.249770 27.020243 2.255591 0.013207
Pedestrian -1 -1 -10 618.000000 172.000000 634.000000 211.000000 1.658633 0.595487 0.650639 1.001574 1.353864 28.632915 1.653799 0.011410
Pedestrian -1 -1 -10 575.000000 168.000000 599.000000 224.000000 1.737659 0.689290 0.722356 -0.472379 1.311771 21.893617 1.671378 0.011037
Pedestrian -1 -1 -10 568.000000 168.000000 583.000000 207.000000 1.723580 0.602425 0.713278 -1.088456 1.165752 29.626916 1.138459 0.010829
Cyclist -1 -1 -10 571.000000 166.000000 602.000000 228.000000 1.758087 0.604479 1.750667 -0.421479 1.382195 21.812976 1.792696 0.997466
Cyclist -1 -1 -10 523.000000 171.000000 544.000000 214.000000 1.757004 0.560587 1.694379 -2.901463 1.299661 29.023399 -1.517795 0.906152
Cyclist -1 -1 -10 710.000000 164.000000 760.000000 248.000000 1.803309 0.671715 1.745948 2.385468 1.356377 13.573073 -1.752188 0.661968
Cyclist -1 -1 -10 861.000000 184.000000 988.000000 370.000000 1.673910 0.570207 1.774895 2.352456 1.715015 4.832322 -1.029127 0.571820
Cyclist -1 -1 -10 615.000000 171.000000 637.000000 212.000000 1.667661 0.599860 1.697463 0.963882 1.301317 28.690637 1.179368 0.451299
Cyclist -1 -1 -10 730.000000 167.000000 782.000000 235.000000 1.651920 0.540846 1.532575 4.056866 1.654273 17.988304 -1.440691 0.411657
Cyclist -1 -1 -10 568.000000 168.000000 589.000000 211.000000 1.765128 0.551847 1.785937 -1.031781 1.254761 29.598839 1.190518 0.189098
Cyclist -1 -1 -10 736.000000 165.000000 757.000000 227.000000 1.738953 0.652145 1.550300 5.101702 0.972548 26.592775 -0.712445 0.039421
Cyclist -1 -1 -10 422.000000 170.000000 461.000000 266.000000 1.834725 0.645050 1.742078 -3.078099 1.554170 13.187763 -1.861242 0.021380
Cyclist -1 -1 -10 749.000000 163.000000 776.000000 214.000000 1.717188 0.768030 1.781140 5.889335 1.110661 25.872218 1.297556 0.020779
