Pedestrian -1 -1 -10 730.000000 200.000000 821.000000 275.000000 1.687548 0.765450 0.925685 3.304416 2.337325 16.093930 0.735017 0.014435
Pedestrian -1 -1 -10 695.000000 198.000000 762.000000 248.000000 1.649875 0.778202 0.839091 3.504194 2.418687 22.641685 -0.965452 0.011430
Car -1 -1 -10 870.000000 218.000000 1234.000000 373.000000 1.523492 1.671715 4.074038 3.905343 2.029783 6.144958 1.518943 0.997802
Car -1 -1 -10 757.000000 210.000000 924.000000 316.000000 1.451991 1.640645 4.020581 3.581784 2.063549 12.174630 -1.569190 0.996586
Car -1 -1 -10 516.000000 190.000000 566.000000 230.000000 1.499358 1.661799 4.078963 -2.838006 2.195292 29.970727 1.570744 0.994679
Car -1 -1 -10 697.000000 198.000000 763.000000 248.000000 1.560594 1.571161 3.612852 3.787285 2.417977 24.092983 -1.569848 0.991918
Car -1 -1 -10 724.000000 201.000000 822.000000 272.000000 1.520113 1.574549 3.570795 3.790382 2.240930 17.412103 -1.573943 0.989811
Car -1 -1 -10 676.000000 196.000000 732.000000 236.000000 1.541880 1.597120 3.838727 3.497216 2.487448 28.765441 -1.584661 0.988402
Car -1 -1 -10 405.000000 189.000000 514.000000 294.000000 1.544178 1.589327 3.808056 -2.871794 1.911114 13.781010 1.561459 0.932673
Car -1 -1 -10 666.000000 196.000000 710.000000 229.000000 1.523531 1.553683 3.702448 3.756551 2.671846 33.766029 -1.547161 0.545473
Car -1 -1 -10 202.000000 157.000000 475.000000 373.000000 1.917777 1.707673 4.341148 -2.716688 1.808963 8.513397 -1.606895 0.486368
Car -1 -1 -10 537.000000 191.000000 574.000000 223.000000 1.513430 1.581864 3.645494 -2.842357 2.476943 35.841771 -1.521486 0.171015
