Pedestrian -1 -1 -10 1019.000000 193.000000 1240.000000 368.000000 1.775248 0.618119 0.735472 2.221862 2.136542 2.916152 -0.532676 0.014229
Car -1 -1 -10 709.000000 172.000000 847.000000 287.000000 1.600643 1.663680 3.978346 2.622221 1.669339 12.631241 -1.570983 0.998966
Car -1 -1 -10 9.000000 198.000000 324.000000 311.000000 1.501757 1.581000 3.813212 -6.092021 1.823418 10.222798 0.321603 0.993038
Car -1 -1 -10 672.000000 180.000000 759.000000 244.000000 1.467260 1.633788 4.004968 2.663971 1.681000 18.619014 -1.615681 0.990751
Car -1 -1 -10 132.000000 186.000000 396.000000 278.000000 1.629793 1.634193 3.938304 -6.337882 1.819983 12.686105 -3.199922 0.959341
Car -1 -1 -10 656.000000 173.000000 704.000000 221.000000 1.605689 1.592663 3.613365 2.668992 1.709791 27.532412 -1.615847 0.936899
Car -1 -1 -10 639.000000 178.000000 673.000000 204.000000 1.496149 1.569382 3.627781 2.483180 1.833506 41.345912 -1.563943 0.934649
Car -1 -1 -10 1018.000000 202.000000 1241.000000 363.000000 1.451286 1.578104 3.717211 2.833737 1.791141 1.729857 -1.605999 0.793758
Car -1 -1 -10 367.000000 183.000000 500.000000 227.000000 1.491700 1.627957 4.246425 -6.075765 1.939605 25.922356 0.095446 0.643155
Car -1 -1 -10 250.000000 188.000000 402.000000 258.000000 1.491832 1.597915 3.826231 -6.402900 1.900525 15.768659 1.735159 0.492288
Car -1 -1 -10 454.000000 179.000000 527.000000 209.000000 1.580185 1.585535 3.883498 -6.233047 1.851282 37.560230 0.711296 0.288986
Car -1 -1 -10 413.000000 182.000000 516.000000 216.000000 1.567715 1.601435 3.931172 -6.038675 1.184265 32.518703 1.503247 0.267278
Cyclist -1 -1 -10 1026.000000 195.000000 1243.000000 360.000000 1.644293 0.528019 1.581781 2.450514 1.926023 2.840832 -1.536752 0.011852
