Pedestrian -1 -1 -10 890.000000 204.000000 935.000000 311.000000 1.690713 0.635498 0.595728 3.833371 1.555482 8.432743 -0.553410 0.850215
Pedestrian -1 -1 -10 613.000000 174.000000 631.000000 218.000000 1.735361 0.603840 0.828335 0.755049 1.436958 26.362719 2.621336 0.797845
Pedestrian -1 -1 -10 976.000000 209.000000 1029.000000 310.000000 1.735731 0.648195 0.658439 6.023223 1.902609 10.782005 -1.512209 0.416989
Pedestrian -1 -1 -10 801.000000 194.000000 832.000000 279.000000 1.732236 0.633613 0.658317 3.280323 1.525168 11.884053 -0.737529 0.158102
Pedestrian -1 -1 -10 939.000000 213.000000 1060.000000 314.000000 1.751231 0.771192 0.684586 5.901535 2.039467 10.673160 -0.983944 0.082354
Pedestrian -1 -1 -10 760.000000 196.000000 800.000000 274.000000 1.740915 0.636198 0.728383 3.258628 1.800652 12.809112 0.353749 0.061099
Pedestrian -1 -1 -10 951.000000 184.000000 978.000000 279.000000 1.661694 0.518258 0.574197 5.762769 1.680218 11.296651 3.011979 0.024059
Pedestrian -1 -1 -10 776.000000 194.000000 822.000000 278.000000 1.733948 0.709075 0.613606 3.385559 1.821168 12.276476 0.791460 0.012011
Car -1 -1 -10 968.000000 208.000000 1050.000000 313.000000 1.539813 1.551263 3.271368 10.365476 1.793388 17.571567 2.970620 0.032205
Car -1 -1 -10 919.000000 217.000000 1159.000000 370.000000 1.506657 1.535616 3.581819 3.889494 1.698654 6.491587 3.081599 0.014087
Cyclist -1 -1 -10 466.000000 182.000000 539.000000 243.000000 1.736828 0.614889 1.744987 -2.742517 1.592014 19.569006 -2.859369 0.102853
Cyclist -1 -1 -10 472.000000 181.000000 514.000000 273.000000 1.654632 0.598017 1.678539 -2.126610 2.153595 12.787632 -1.242979 0.047724
Cyclist -1 -1 -10 969.000000 210.000000 1048.000000 307.000000 1.677954 0.514024 1.434748 6.394588 1.544785 11.122581 -1.101215 0.017468
