Car -1 -1 -10 422.000000 188.000000 482.000000 228.000000 1.482510 1.545083 3.636435 -6.262211 2.106735 28.843209 1.581883 0.997301
Car -1 -1 -10 652.000000 175.000000 700.000000 210.000000 1.492236 1.614096 3.867630 2.754051 1.586540 32.481165 -1.607201 0.974403
Car -1 -1 -10 457.000000 187.000000 503.000000 219.000000 1.489605 1.568099 3.942267 -6.197935 2.117341 34.454419 1.557348 0.943094
Car -1 -1 -10 144.000000 198.000000 221.000000 230.000000 1.540546 1.618365 3.857579 -20.841061 2.794541 35.493448 -1.578220 0.940100
Car -1 -1 -10 202.000000 198.000000 277.000000 230.000000 1.535821 1.640771 3.845358 -18.302249 2.717042 35.587430 1.027248 0.896203
Car -1 -1 -10 100.000000 203.000000 170.000000 232.000000 1.531457 1.604856 3.764015 -23.585385 2.924776 36.220176 -1.563726 0.732579
Car -1 -1 -10 0.000000 218.000000 144.000000 370.000000 1.540237 1.640547 3.744326 -6.288589 2.066933 6.643207 1.577875 0.683749
Car -1 -1 -10 1118.000000 187.000000 1239.000000 365.000000 1.499054 1.600772 3.782904 3.054877 1.585240 1.288170 -1.555738 0.338657
Car -1 -1 -10 45.000000 204.000000 136.000000 235.000000 1.484916 1.576048 3.606826 -25.798113 3.084634 36.167337 -1.538842 0.211821
Car -1 -1 -10 484.000000 179.000000 521.000000 208.000000 1.562813 1.611330 3.861643 -6.406593 2.065476 42.381526 1.496494 0.090530
Car -1 -1 -10 0.000000 199.000000 44.000000 252.000000 1.513202 1.582183 3.664604 -11.528193 1.876267 11.701669 -1.564850 0.089947
Cyclist -1 -1 -10 1110.000000 156.000000 1244.000000 374.000000 1.648156 0.506264 1.524416 2.674770 1.731829 2.548368 0.714404 0.013952
