Car -1 -1 -10 560.000000 177.000000 602.000000 216.000000 1.562441 1.629420 3.774583 -1.194268 1.202419 32.566528 -1.612204 0.999535
Car -1 -1 -10 299.000000 189.000000 444.000000 283.000000 1.461510 1.560015 3.616399 -4.034221 1.561256 12.753829 -1.604846 0.999066
Car -1 -1 -10 5.000000 176.000000 349.000000 372.000000 1.482765 1.598671 3.823916 -3.178667 1.524286 5.035735 -1.599939 0.991009
Car -1 -1 -10 243.000000 184.000000 339.000000 243.000000 1.498133 1.610356 3.793280 -8.937533 1.480116 20.546399 -1.598966 0.910259
Car -1 -1 -10 301.000000 178.000000 364.000000 212.000000 1.539985 1.619030 3.796927 -13.290350 1.112584 34.613594 -1.819251 0.076080
Car -1 -1 -10 211.000000 182.000000 282.000000 219.000000 1.569762 1.619301 3.838923 -13.181123 0.993234 26.579274 1.133919 0.044964
Car -1 -1 -10 414.000000 185.000000 450.000000 212.000000 1.536675 1.557779 3.380662 -9.732368 1.871907 42.308160 1.326339 0.042918
Car -1 -1 -10 399.000000 184.000000 439.000000 217.000000 1.470752 1.566108 3.599076 -7.892769 1.449656 31.859172 1.380023 0.022232
Car -1 -1 -10 353.000000 153.000000 431.000000 237.000000 1.619641 1.667686 4.083589 -8.403531 0.843413 27.247492 -3.256577 0.014309
Car -1 -1 -10 176.000000 184.000000 263.000000 228.000000 1.541501 1.640223 3.904472 -12.676132 1.031812 26.656533 -1.465865 0.013856
Car -1 -1 -10 429.000000 183.000000 445.000000 212.000000 1.391682 1.519425 3.224219 -5.198473 1.299239 22.334759 0.555739 0.010824
