Pedestrian -1 -1 -10 64.000000 196.000000 105.000000 291.000000 1.699438 0.584291 0.691421 -6.816921 1.824841 9.432577 -2.808605 0.925922
Pedestrian -1 -1 -10 44.000000 200.000000 88.000000 297.000000 1.708270 0.642234 0.648469 -6.883662 1.568034 9.449047 1.945660 0.019874
Pedestrian -1 -1 -10 11.000000 205.000000 105.000000 308.000000 1.679243 0.620888 0.594194 -7.593619 1.602522 10.344275 -1.604833 0.010248
Car -1 -1 -10 735.000000 175.000000 950.000000 304.000000 1.567848 1.666517 3.940467 3.169864 1.627288 10.665220 -1.612353 0.997871
Car -1 -1 -10 -1.000000 186.000000 354.000000 374.000000 1.626962 1.644772 4.020041 -4.262412 1.839422 7.624932 1.578527 0.997495
Car -1 -1 -10 850.000000 185.000000 1233.000000 372.000000 1.513684 1.653918 3.852946 3.038073 1.648298 4.696652 -1.546362 0.966827
Car -1 -1 -10 488.000000 185.000000 524.000000 212.000000 1.568647 1.611142 3.904766 -5.999026 2.247854 42.674708 -1.770440 0.703492
Car -1 -1 -10 662.000000 177.000000 728.000000 223.000000 1.618014 1.633549 3.868779 2.793361 1.654917 25.787814 -1.591255 0.561346
Car -1 -1 -10 630.000000 179.000000 674.000000 208.000000 1.569945 1.601063 3.900390 1.988859 1.972141 40.259113 -1.584253 0.203328
Car -1 -1 -10 678.000000 174.000000 753.000000 237.000000 1.621698 1.626083 3.772883 2.634215 1.516079 19.259113 -1.562841 0.023917
Car -1 -1 -10 645.000000 179.000000 701.000000 215.000000 1.539711 1.601205 3.646653 2.817501 2.245742 39.086279 -1.551099 0.012956
Cyclist -1 -1 -10 56.000000 194.000000 109.000000 291.000000 1.714314 0.523046 1.572489 -7.379403 1.594219 10.501547 -1.553829 0.060892
Cyclist -1 -1 -10 11.000000 205.000000 105.000000 308.000000 1.699085 0.488419 1.557900 -9.648703 1.507346 13.175745 -1.570704 0.024195
Cyclist -1 -1 -10 26.000000 208.000000 67.000000 298.000000 1.688885 0.491085 1.533714 -9.035631 1.508244 12.221556 -1.586028 0.019044
Cyclist -1 -1 -10 7.000000 214.000000 55.000000 316.000000 1.728622 0.528301 1.507312 -7.599264 1.778212 9.570349 -2.279474 0.013090
