Pedestrian -1 -1 -10 577.000000 170.000000 595.000000 199.000000 1.821058 0.662256 0.820601 -1.429969 1.104354 47.982562 0.622938 0.528040
Pedestrian -1 -1 -10 458.000000 173.000000 470.000000 206.000000 1.775843 0.576588 0.763350 -9.380096 1.429249 45.931897 -0.768830 0.522889
Pedestrian -1 -1 -10 516.000000 173.000000 525.000000 204.000000 1.732819 0.678229 0.792457 -5.728767 1.176641 47.229248 3.007157 0.441838
Pedestrian -1 -1 -10 509.000000 174.000000 531.000000 201.000000 1.821086 0.561568 0.610135 -5.177002 1.199616 46.039845 -1.152081 0.024192
Pedestrian -1 -1 -10 520.000000 175.000000 528.000000 204.000000 1.714837 0.517953 0.576714 -4.643792 1.528061 42.700832 -1.092477 0.016216
Pedestrian -1 -1 -10 508.000000 172.000000 515.000000 199.000000 1.683279 0.612588 0.624022 -5.562476 1.905001 43.801589 2.391252 0.015333
Car -1 -1 -10 522.000000 177.000000 556.000000 204.000000 1.485322 1.616977 3.988157 -3.890757 1.292965 41.476981 -1.647173 0.995756
Car -1 -1 -10 904.000000 150.000000 1023.000000 191.000000 1.493857 1.546315 3.763183 14.058926 0.320092 27.205831 -0.108945 0.986997
Cyclist -1 -1 -10 629.000000 170.000000 661.000000 197.000000 1.765601 0.707657 1.832797 2.488655 1.061904 46.365658 0.118093 0.974291
Cyclist -1 -1 -10 393.000000 179.000000 414.000000 216.000000 1.730755 0.476994 1.711082 -10.661977 1.746692 36.882765 -1.557746 0.954989
Cyclist -1 -1 -10 576.000000 170.000000 603.000000 199.000000 1.738157 0.658593 1.744136 -1.366205 0.998394 48.420386 -1.039256 0.832544
