Car -1 -1 -10 426.000000 191.000000 551.000000 264.000000 1.422559 1.643540 3.950662 -2.939292 1.879221 16.119567 -2.090218 0.999458
Car -1 -1 -10 319.000000 186.000000 377.000000 224.000000 1.480557 1.617534 3.792832 -10.853884 1.992898 29.175096 -2.079764 0.999187
Car -1 -1 -10 111.000000 188.000000 161.000000 220.000000 1.566238 1.637680 3.881203 -25.517825 2.392507 38.762454 1.066526 0.998469
Car -1 -1 -10 948.000000 166.000000 1093.000000 237.000000 1.486109 1.672605 4.070069 8.521400 1.291427 15.467288 1.857520 0.996648
Car -1 -1 -10 300.000000 185.000000 353.000000 216.000000 1.506478 1.588250 3.670167 -13.569129 1.986444 34.035317 -2.064014 0.966120
Car -1 -1 -10 766.000000 166.000000 932.000000 237.000000 1.478397 1.532002 3.659537 6.523579 1.250216 17.067069 1.777095 0.645882
Car -1 -1 -10 490.000000 171.000000 588.000000 211.000000 1.564431 1.630804 4.076051 -3.028598 1.513804 32.249242 -3.110052 0.637202
Car -1 -1 -10 561.000000 158.000000 897.000000 340.000000 2.018127 1.742864 4.228135 1.069983 1.850637 9.419943 -2.082786 0.284953
Car -1 -1 -10 446.000000 177.000000 531.000000 210.000000 1.575726 1.667336 3.930557 -6.231115 1.806666 37.471612 -2.901830 0.234334
Car -1 -1 -10 1026.000000 156.000000 1239.000000 227.000000 1.583518 1.642287 4.147293 11.964819 1.312465 16.571467 3.719796 0.197575
Car -1 -1 -10 0.000000 203.000000 68.000000 301.000000 1.468468 1.554633 3.641073 -10.680030 2.025430 12.778955 1.016909 0.151175
Car -1 -1 -10 136.000000 188.000000 177.000000 214.000000 1.476814 1.562536 3.539610 -27.492053 2.682703 43.173309 1.542194 0.148924
Car -1 -1 -10 888.000000 171.000000 984.000000 218.000000 1.540905 1.643221 3.898303 11.902906 1.292948 26.269340 -2.147281 0.072026
