Car -1 -1 -10 634.000000 181.000000 675.000000 214.000000 1.490235 1.654108 4.180268 2.523742 1.991080 35.738373 -1.636558 0.998165
Car -1 -1 -10 756.000000 185.000000 965.000000 254.000000 1.608306 1.588602 4.180440 6.103949 1.961138 17.420388 3.105354 0.991849
Car -1 -1 -10 8.000000 189.000000 296.000000 327.000000 1.489420 1.612457 4.011349 -6.506570 1.769740 9.172543 -3.184109 0.991025
Car -1 -1 -10 987.000000 183.000000 1240.000000 349.000000 1.567505 1.660243 4.014667 6.289996 1.648841 7.110304 0.017058 0.988167
Car -1 -1 -10 218.000000 172.000000 427.000000 255.000000 1.618506 1.634244 3.946601 -6.931341 1.824692 16.189146 -3.189356 0.984686
Car -1 -1 -10 835.000000 186.000000 1061.000000 281.000000 1.524882 1.562236 3.644103 5.873645 1.810471 12.302085 0.013119 0.980082
Car -1 -1 -10 891.000000 188.000000 1190.000000 304.000000 1.559517 1.618890 3.871003 6.131259 1.697282 9.631597 -0.040486 0.978031
Car -1 -1 -10 736.000000 180.000000 878.000000 243.000000 1.705322 1.654414 4.076295 5.764301 2.032066 20.282321 -0.036394 0.967487
Car -1 -1 -10 382.000000 182.000000 509.000000 219.000000 1.495603 1.598463 4.080665 -6.520407 1.883882 30.108788 -0.072850 0.934122
Car -1 -1 -10 50.000000 183.000000 371.000000 276.000000 1.515276 1.594752 3.746381 -6.469628 1.781116 11.655607 -3.131643 0.840678
Car -1 -1 -10 1.000000 196.000000 133.000000 364.000000 1.556413 1.587829 3.657536 -6.546890 1.738146 6.595588 -3.131132 0.239368
Cyclist -1 -1 -10 520.000000 180.000000 543.000000 221.000000 1.677006 0.572594 1.743086 -3.182485 1.948949 29.540760 1.463936 0.189516
