Pedestrian -1 -1 -10 370.000000 162.000000 384.000000 197.000000 1.717240 0.588667 0.681753 -12.850759 1.301832 39.423254 0.291249 0.041303
Pedestrian -1 -1 -10 759.000000 164.000000 767.000000 191.000000 1.789120 0.588856 0.683324 10.081650 1.247522 47.265025 2.778283 0.040253
Pedestrian -1 -1 -10 431.000000 163.000000 444.000000 192.000000 1.765331 0.642531 0.750010 -9.180743 1.227992 38.535359 -1.724660 0.034674
Pedestrian -1 -1 -10 739.000000 164.000000 773.000000 190.000000 1.791400 0.649381 0.694169 10.004776 1.110619 47.450577 -0.829789 0.018673
Car -1 -1 -10 434.000000 169.000000 517.000000 201.000000 1.547008 1.601779 3.943342 -6.558056 1.487682 34.649235 2.861207 0.870273
Car -1 -1 -10 734.000000 164.000000 775.000000 189.000000 1.586353 1.653653 3.927641 10.155458 0.915986 51.453726 1.394762 0.466492
Car -1 -1 -10 898.000000 157.000000 966.000000 186.000000 1.688652 1.595030 3.822633 22.944829 0.926256 51.675043 1.337400 0.193218
Car -1 -1 -10 94.000000 172.000000 160.000000 197.000000 1.522459 1.591928 3.943874 -30.864252 1.404888 46.899139 -1.751318 0.172508
Car -1 -1 -10 698.000000 159.000000 741.000000 190.000000 1.562050 1.570666 3.896695 7.720803 1.072865 50.317407 1.579242 0.092318
Car -1 -1 -10 750.000000 164.000000 767.000000 189.000000 1.559908 1.568499 3.816876 10.566297 0.816632 49.725044 1.669962 0.016422
Cyclist -1 -1 -10 431.000000 164.000000 444.000000 193.000000 1.758139 0.574023 1.676584 -9.315904 1.191577 38.943511 -1.856931 0.010320
