Pedestrian -1 -1 -10 547.000000 177.000000 556.000000 207.000000 1.784343 0.640011 0.909011 -3.458025 1.882779 41.829116 -1.606559 0.875378
Pedestrian -1 -1 -10 559.000000 172.000000 570.000000 206.000000 1.746916 0.607467 0.875556 -2.635296 1.825637 42.169360 1.079133 0.360753
Pedestrian -1 -1 -10 550.000000 178.000000 560.000000 206.000000 1.748622 0.564060 0.810936 -3.267114 2.002816 41.704797 0.567265 0.049737
Car -1 -1 -10 670.000000 174.000000 746.000000 238.000000 1.606243 1.628264 3.643078 2.485512 1.662735 19.756117 -1.585606 0.998713
Car -1 -1 -10 412.000000 181.000000 489.000000 237.000000 1.591182 1.601144 3.806191 -5.062063 1.905557 23.122514 1.548576 0.998697
Car -1 -1 -10 490.000000 182.000000 529.000000 211.000000 1.541006 1.612678 3.816995 -5.399454 1.978558 38.812419 1.535485 0.997527
Car -1 -1 -10 65.000000 178.000000 375.000000 359.000000 1.716629 1.654183 4.014088 -4.465130 1.823619 9.236109 -1.561612 0.987321
Car -1 -1 -10 854.000000 198.000000 1245.000000 372.000000 1.493512 1.577476 3.711277 2.686752 1.607863 3.756097 -1.560587 0.862271
Cyclist -1 -1 -10 558.000000 172.000000 571.000000 206.000000 1.816165 0.673930 1.816015 -2.656232 1.888442 42.367355 1.592429 0.634305
Cyclist -1 -1 -10 547.000000 177.000000 557.000000 207.000000 1.805786 0.585897 1.790599 -3.520638 1.913529 41.836990 1.570887 0.089320
