Pedestrian -1 -1 -10 776.000000 154.000000 814.000000 265.000000 1.616524 0.628538 0.706393 2.899146 1.227946 10.967756 -1.768696 0.988082
Pedestrian -1 -1 -10 347.000000 142.000000 365.000000 203.000000 1.721582 0.595096 0.728121 -7.890050 0.671731 22.820367 0.835835 0.039442
Pedestrian -1 -1 -10 764.000000 160.000000 799.000000 260.000000 1.692581 0.615508 0.953855 2.865869 1.325905 11.002438 0.262420 0.037337
Pedestrian -1 -1 -10 495.000000 151.000000 505.000000 186.000000 1.722120 0.615411 0.786088 -5.713569 0.003170 40.634040 -1.679054 0.032823
Pedestrian -1 -1 -10 518.000000 152.000000 527.000000 183.000000 1.830323 0.657327 0.853658 -5.097676 0.038343 46.355856 1.423981 0.030423
Pedestrian -1 -1 -10 850.000000 141.000000 868.000000 229.000000 1.686507 0.534423 0.635061 4.860304 0.719861 13.538375 2.852028 0.025309
Pedestrian -1 -1 -10 776.000000 149.000000 792.000000 214.000000 1.746754 0.635911 0.701657 3.822868 0.813109 15.576734 1.708855 0.023712
Pedestrian -1 -1 -10 826.000000 153.000000 846.000000 220.000000 1.728186 0.610942 0.717093 6.137518 1.059972 19.208809 -0.802745 0.022627
Pedestrian -1 -1 -10 675.000000 153.000000 695.000000 224.000000 1.724785 0.563680 0.558230 2.301057 0.784549 19.721562 -1.399278 0.020021
Pedestrian -1 -1 -10 361.000000 157.000000 400.000000 211.000000 1.652130 0.590589 0.579021 -4.209048 0.946010 13.854078 2.760683 0.017586
Pedestrian -1 -1 -10 834.000000 149.000000 865.000000 223.000000 1.734194 0.622343 0.641726 4.823447 0.883988 13.240293 -0.671163 0.010219
Car -1 -1 -10 1197.000000 177.000000 1236.000000 256.000000 1.528013 1.588303 3.779017 13.108043 0.944798 13.766834 -0.211214 0.043589
Cyclist -1 -1 -10 441.000000 157.000000 494.000000 251.000000 1.726511 0.584184 1.727087 -2.677629 1.314221 14.099585 1.613623 0.999383
Cyclist -1 -1 -10 345.000000 152.000000 416.000000 276.000000 1.712395 0.560150 1.767835 -3.479910 1.328850 11.360369 1.587752 0.999314
Cyclist -1 -1 -10 361.000000 157.000000 400.000000 211.000000 1.685966 0.501073 1.532621 -4.747242 1.510115 16.744038 -1.210322 0.037681
Cyclist -1 -1 -10 352.000000 151.000000 370.000000 199.000000 1.754342 0.603431 1.660100 -8.132617 0.734287 23.367669 -1.303438 0.023126
