Car -1 -1 -10 789.000000 180.000000 1204.000000 375.000000 1.509173 1.633400 4.026845 3.026364 1.618535 6.632405 -1.616774 0.999623
Car -1 -1 -10 532.000000 179.000000 568.000000 204.000000 1.522217 1.619116 3.945458 -3.605778 1.854472 43.597084 1.607321 0.999144
Car -1 -1 -10 271.000000 176.000000 410.000000 264.000000 1.672038 1.633712 4.009197 -6.098105 1.859093 16.780211 1.540027 0.998585
Car -1 -1 -10 368.000000 180.000000 456.000000 234.000000 1.546868 1.616110 3.941388 -6.230524 1.887883 23.555131 1.588833 0.997992
Car -1 -1 -10 0.000000 208.000000 257.000000 369.000000 1.475892 1.605607 3.810999 -6.013714 1.952238 8.600085 1.598872 0.995092
Car -1 -1 -10 448.000000 183.000000 498.000000 213.000000 1.428305 1.564280 3.928271 -6.434913 1.924420 34.188667 1.582424 0.918358
Car -1 -1 -10 691.000000 167.000000 768.000000 193.000000 1.569513 1.628939 3.685805 8.495692 1.942579 46.917538 1.282853 0.879888
Car -1 -1 -10 963.000000 156.000000 1141.000000 224.000000 1.554155 1.625918 4.014962 15.051996 1.144446 23.915321 3.563826 0.126158
Car -1 -1 -10 917.000000 166.000000 1190.000000 313.000000 1.475210 1.589811 3.865524 7.279574 1.487189 10.140282 2.631274 0.021716
Cyclist -1 -1 -10 958.000000 154.000000 1145.000000 234.000000 1.580926 0.790504 1.710181 9.135718 1.375784 16.092066 1.583363 0.065440
