Pedestrian -1 -1 -10 927.000000 154.000000 939.000000 197.000000 1.692880 0.530392 0.578341 5.068263 1.416418 10.705670 3.413884 0.171319
Pedestrian -1 -1 -10 927.000000 150.000000 951.000000 204.000000 1.692045 0.535032 0.585334 5.419593 1.300412 11.368634 3.420678 0.117185
Pedestrian -1 -1 -10 943.000000 145.000000 993.000000 221.000000 1.698313 0.609241 0.595442 3.118544 1.411113 5.772397 -0.499899 0.069186
Pedestrian -1 -1 -10 968.000000 144.000000 989.000000 213.000000 1.725091 0.546921 0.604744 3.812846 1.457004 6.692252 3.463722 0.061267
Pedestrian -1 -1 -10 923.000000 149.000000 968.000000 216.000000 1.697575 0.521148 0.584716 4.332556 1.492924 8.624484 3.415957 0.059076
Pedestrian -1 -1 -10 963.000000 150.000000 1006.000000 195.000000 1.632506 0.602484 0.639322 6.271914 0.765554 11.977894 0.548538 0.011171
Car -1 -1 -10 332.000000 191.000000 467.000000 282.000000 1.470926 1.555892 3.692241 -3.900321 1.878898 13.784262 1.569403 0.998957
Car -1 -1 -10 651.000000 179.000000 700.000000 219.000000 1.445129 1.613569 3.830461 2.421527 1.727826 28.461484 -1.613363 0.998850
Car -1 -1 -10 6.000000 202.000000 369.000000 375.000000 1.499826 1.649809 4.104915 -3.657793 1.823164 6.528476 1.538733 0.995359
Car -1 -1 -10 796.000000 161.000000 954.000000 220.000000 1.498468 1.615528 3.922969 7.694966 1.420287 21.431336 3.107854 0.973246
Car -1 -1 -10 483.000000 183.000000 518.000000 209.000000 1.624312 1.644168 3.877376 -6.796527 2.252289 43.714780 1.471614 0.949909
Car -1 -1 -10 434.000000 183.000000 489.000000 223.000000 1.515414 1.626124 3.990952 -6.748883 1.976536 32.149987 -1.601394 0.947338
Car -1 -1 -10 0.000000 215.000000 155.000000 345.000000 1.463300 1.579900 3.943280 -3.720573 1.736728 6.219669 1.395467 0.171159
Car -1 -1 -10 747.000000 163.000000 863.000000 207.000000 1.638685 1.598800 3.908323 7.851665 1.422694 30.556702 3.187965 0.075412
Car -1 -1 -10 980.000000 149.000000 1060.000000 184.000000 1.649146 1.663697 4.148091 21.801324 0.657951 38.109760 0.322542 0.026113
Car -1 -1 -10 894.000000 160.000000 980.000000 217.000000 1.465777 1.530692 3.597307 9.215981 0.730975 24.059904 1.555487 0.018075
Car -1 -1 -10 360.000000 192.000000 435.000000 228.000000 1.531818 1.584813 3.853196 -6.483854 1.877009 22.017477 1.358675 0.015841
Cyclist -1 -1 -10 939.000000 146.000000 991.000000 220.000000 1.689912 0.500449 1.531159 4.541853 1.325698 8.445749 -0.468721 0.270086
Cyclist -1 -1 -10 925.000000 151.000000 970.000000 216.000000 1.689386 0.491089 1.504543 5.695551 1.342720 11.532640 -1.763224 0.243911
Cyclist -1 -1 -10 962.000000 145.000000 985.000000 218.000000 1.691383 0.496152 1.521187 5.620701 1.389678 10.498533 -0.451023 0.047066
Cyclist -1 -1 -10 928.000000 151.000000 951.000000 205.000000 1.690224 0.491457 1.493232 5.850988 1.309601 12.206237 -1.771355 0.030906
Cyclist -1 -1 -10 972.000000 146.000000 994.000000 204.000000 1.692399 0.486765 1.438147 7.361392 1.132573 13.845135 -1.724745 0.019106
