Pedestrian -1 -1 -10 454.000000 185.000000 477.000000 231.000000 1.642296 0.690701 0.695188 -5.130129 2.077885 25.783986 1.460520 0.045370
Car -1 -1 -10 645.000000 187.000000 727.000000 243.000000 1.520818 1.595866 3.519261 2.001394 1.904259 20.305783 -1.715253 0.998802
Car -1 -1 -10 387.000000 195.000000 451.000000 246.000000 1.497189 1.612764 3.772463 -6.070147 2.159204 23.005892 -1.781663 0.995795
Car -1 -1 -10 721.000000 184.000000 873.000000 301.000000 1.508077 1.600320 3.821657 2.784781 1.738540 11.242527 1.483764 0.994973
Car -1 -1 -10 562.000000 187.000000 600.000000 218.000000 1.508516 1.580280 3.556525 -1.585974 2.405217 39.122509 -1.796917 0.935552
Car -1 -1 -10 780.000000 143.000000 1241.000000 375.000000 1.840595 1.713998 4.208395 2.867208 1.720104 6.306820 -1.573205 0.872803
Car -1 -1 -10 610.000000 188.000000 673.000000 229.000000 1.511727 1.609231 3.741770 0.937401 1.912507 27.347391 -1.739207 0.020965
Car -1 -1 -10 421.000000 193.000000 461.000000 225.000000 1.527326 1.615526 3.811759 -9.647831 2.691422 44.238135 -1.790506 0.015674
Cyclist -1 -1 -10 454.000000 185.000000 478.000000 233.000000 1.721672 0.557781 1.776927 -5.205251 2.138970 25.696016 1.408270 0.914187
Cyclist -1 -1 -10 478.000000 185.000000 498.000000 230.000000 1.699988 0.561046 1.772129 -4.693075 2.175351 27.690462 1.378384 0.883205
Cyclist -1 -1 -10 17.000000 206.000000 74.000000 291.000000 1.681402 0.644858 1.602229 -11.213328 2.539589 14.306581 -0.517821 0.020400
