Pedestrian -1 -1 -10 1046.000000 150.000000 1126.000000 324.000000 1.775499 0.704837 0.903826 4.993173 1.582008 7.623121 1.675891 0.997739
Car -1 -1 -10 358.000000 174.000000 502.000000 229.000000 1.664658 1.685637 4.221896 -5.572788 1.723499 22.574484 -0.032770 0.998573
Car -1 -1 -10 626.000000 173.000000 737.000000 208.000000 1.586018 1.666425 4.218359 3.053563 1.651941 32.221371 2.743419 0.996808
Car -1 -1 -10 2.000000 205.000000 262.000000 376.000000 1.457041 1.626365 3.899847 -3.716653 1.745242 4.549031 1.460044 0.990100
Car -1 -1 -10 460.000000 172.000000 571.000000 213.000000 1.545459 1.646535 4.089701 -3.970059 1.928154 29.718624 -2.381353 0.419019
Car -1 -1 -10 6.000000 179.000000 111.000000 224.000000 2.086735 1.756566 4.244717 -32.468151 2.672276 42.706203 -2.900379 0.069662
Cyclist -1 -1 -10 1045.000000 153.000000 1132.000000 323.000000 1.812674 0.600871 1.735052 4.979545 1.555530 7.561759 1.601089 0.127738
Cyclist -1 -1 -10 1005.000000 155.000000 1064.000000 231.000000 1.690778 0.497719 1.510226 9.201864 1.294713 15.071897 -0.384892 0.050037
Cyclist -1 -1 -10 1010.000000 155.000000 1043.000000 207.000000 1.686452 0.495123 1.537147 9.177888 1.487395 15.230727 -0.392792 0.028947
Cyclist -1 -1 -10 1029.000000 156.000000 1108.000000 253.000000 1.691749 0.489088 1.539792 8.416391 1.500784 12.686444 -0.353091 0.023375
Cyclist -1 -1 -10 11.000000 192.000000 183.000000 266.000000 1.718226 0.507968 1.271586 -25.539977 2.773967 36.636521 0.427337 0.013240
Cyclist -1 -1 -10 6.000000 201.000000 259.000000 379.000000 1.621412 0.541332 1.797738 -3.169293 1.801680 4.531842 -1.661336 0.011299
