Car -1 -1 -10 120.000000 178.000000 332.000000 272.000000 1.562079 1.642088 3.777637 -7.029676 1.730300 13.694314 -3.097448 0.998067
Car -1 -1 -10 646.000000 180.000000 690.000000 217.000000 1.449055 1.625261 3.896279 2.404180 1.876964 31.899514 -1.588528 0.997262
Car -1 -1 -10 216.000000 182.000000 434.000000 251.000000 1.609605 1.641248 4.188577 -6.638540 1.795228 17.422713 -3.143803 0.990198
Car -1 -1 -10 880.000000 201.000000 1229.000000 372.000000 1.525257 1.609975 3.807379 2.915040 1.724769 3.892332 1.530790 0.987361
Car -1 -1 -10 351.000000 179.000000 490.000000 227.000000 1.540656 1.610780 3.986794 -5.943163 1.701399 24.247561 -0.037420 0.910259
Car -1 -1 -10 683.000000 115.000000 860.000000 276.000000 2.278670 1.856836 4.625670 3.125540 1.648085 13.687952 -1.647085 0.594477
Car -1 -1 -10 433.000000 181.000000 525.000000 214.000000 1.650363 1.629503 4.140579 -5.846572 1.898955 34.963442 -3.189316 0.323586
Car -1 -1 -10 478.000000 179.000000 539.000000 205.000000 1.518684 1.633374 3.694858 -5.691315 2.083088 46.540648 -1.710160 0.078494
Car -1 -1 -10 286.000000 186.000000 462.000000 237.000000 1.493697 1.593810 3.771693 -5.472534 1.831668 20.556147 -1.763487 0.040893
Car -1 -1 -10 685.000000 158.000000 800.000000 259.000000 1.894048 1.711844 4.160559 2.564702 1.570347 14.897676 -1.626890 0.023932
