Pedestrian -1 -1 -10 1.000000 182.000000 52.000000 371.000000 1.716904 0.510833 0.783274 -4.947737 1.697483 6.029903 -0.024636 0.038332
Car -1 -1 -10 730.000000 176.000000 828.000000 218.000000 1.490153 1.573907 3.646612 6.230130 1.654452 26.489179 -2.073799 0.997701
Car -1 -1 -10 -7.000000 183.000000 312.000000 337.000000 1.632461 1.650226 4.125166 -5.952191 1.651463 8.278643 -0.013005 0.995632
Car -1 -1 -10 625.000000 175.000000 664.000000 203.000000 1.457249 1.577943 3.715595 1.801829 1.672580 38.948398 -1.720049 0.991855
Car -1 -1 -10 227.000000 174.000000 402.000000 252.000000 1.496826 1.588499 3.660507 -6.952605 1.511409 17.650209 -3.124962 0.976240
Car -1 -1 -10 287.000000 173.000000 451.000000 235.000000 1.536668 1.580043 3.671558 -6.625999 1.636517 19.532992 -3.030611 0.933987
Car -1 -1 -10 412.000000 173.000000 505.000000 207.000000 1.581766 1.614275 3.973116 -7.506491 1.644612 34.154475 -3.150545 0.748189
Car -1 -1 -10 328.000000 165.000000 482.000000 219.000000 1.645492 1.663741 4.024222 -6.493521 1.271788 21.959668 -3.068888 0.182759
Car -1 -1 -10 135.000000 181.000000 361.000000 267.000000 1.524619 1.593440 3.801357 -6.101478 1.845189 13.163387 0.428182 0.054318
Car -1 -1 -10 447.000000 173.000000 521.000000 199.000000 1.638404 1.661991 3.977811 -7.786168 1.752167 46.226499 -0.775454 0.025076
