Pedestrian -1 -1 -10 888.000000 160.000000 937.000000 268.000000 1.750627 0.637963 0.804311 4.937692 1.423923 11.612445 -0.126186 0.983352
Pedestrian -1 -1 -10 882.000000 153.000000 896.000000 193.000000 1.758170 0.515199 0.820077 13.304934 0.432742 33.556391 1.085306 0.500927
Pedestrian -1 -1 -10 1001.000000 149.000000 1025.000000 212.000000 1.740313 0.639366 0.787687 10.387667 0.902881 18.178593 0.672455 0.141575
Pedestrian -1 -1 -10 888.000000 165.000000 922.000000 231.000000 1.713459 0.604380 0.702281 5.135580 1.078059 11.890692 1.518739 0.134313
Pedestrian -1 -1 -10 883.000000 157.000000 908.000000 202.000000 1.701220 0.583851 0.624471 13.622769 0.895552 33.199542 2.930595 0.065790
Pedestrian -1 -1 -10 898.000000 163.000000 924.000000 208.000000 1.756442 0.605528 0.621278 15.574337 0.623309 35.929690 -0.954127 0.058076
Pedestrian -1 -1 -10 875.000000 154.000000 910.000000 263.000000 1.783953 0.700889 0.867530 4.839870 1.444121 11.845366 0.440981 0.016022
Pedestrian -1 -1 -10 904.000000 165.000000 930.000000 231.000000 1.727084 0.540784 0.602013 6.170519 1.375559 13.205474 3.408953 0.011167
Car -1 -1 -10 439.000000 173.000000 479.000000 205.000000 1.512285 1.673574 3.935134 -7.461585 1.156468 35.882176 1.293157 0.999474
Car -1 -1 -10 0.000000 204.000000 295.000000 365.000000 1.529538 1.633543 3.802990 -3.208856 1.687453 3.563179 -1.569407 0.971811
Cyclist -1 -1 -10 885.000000 163.000000 939.000000 262.000000 1.695516 0.497868 1.674466 5.018317 1.418747 11.849740 -1.515511 0.049459
Cyclist -1 -1 -10 893.000000 163.000000 925.000000 217.000000 1.694318 0.504162 1.500154 7.243142 1.259646 15.997081 -0.508699 0.023914
Cyclist -1 -1 -10 23.000000 197.000000 275.000000 359.000000 1.655437 0.625123 1.762414 -2.689968 1.653181 3.698151 -1.597590 0.014421
