Pedestrian -1 -1 -10 308.000000 164.000000 324.000000 210.000000 1.723843 0.679273 0.729347 -11.567396 1.307156 28.498627 2.721489 0.011309
Car -1 -1 -10 717.000000 191.000000 864.000000 284.000000 1.442050 1.651285 4.061686 2.969451 1.754693 13.015838 -1.649201 0.999318
Car -1 -1 -10 -6.000000 175.000000 257.000000 315.000000 1.646546 1.673006 3.897239 -6.367969 1.714299 8.687581 -3.222528 0.993115
Car -1 -1 -10 654.000000 173.000000 704.000000 216.000000 1.740733 1.687825 3.836319 2.958442 1.849296 32.244172 -1.596897 0.992947
Car -1 -1 -10 362.000000 177.000000 499.000000 228.000000 1.540000 1.601074 3.731950 -5.387642 1.513597 25.429365 1.901069 0.928775
Car -1 -1 -10 931.000000 231.000000 1251.000000 371.000000 1.424563 1.597269 3.813227 2.631142 1.679294 2.193872 -1.624118 0.855666
Car -1 -1 -10 418.000000 172.000000 525.000000 212.000000 1.615483 1.604733 4.109215 -5.996489 1.863135 29.568166 -2.936794 0.669457
Car -1 -1 -10 699.000000 198.000000 759.000000 244.000000 1.519873 1.593000 3.768694 3.495549 1.801113 18.019928 1.113313 0.463531
Car -1 -1 -10 464.000000 174.000000 537.000000 207.000000 1.560286 1.579385 3.738912 -5.981590 1.683333 37.346102 -3.134755 0.177402
Car -1 -1 -10 222.000000 188.000000 429.000000 248.000000 1.576101 1.638145 3.834843 -5.766406 1.593664 16.592596 -3.001202 0.103181
Car -1 -1 -10 304.000000 181.000000 469.000000 241.000000 1.509149 1.612794 3.926783 -5.201733 1.672606 18.976920 1.444490 0.039158
Cyclist -1 -1 -10 701.000000 195.000000 766.000000 245.000000 1.628456 0.402774 1.663401 2.920964 1.928048 17.716997 -1.845212 0.345672
Cyclist -1 -1 -10 1082.000000 186.000000 1144.000000 230.000000 1.672711 0.727136 1.820764 18.125716 2.222993 26.244083 0.103411 0.258317
