Pedestrian -1 -1 -10 668.000000 160.000000 725.000000 302.000000 1.733634 0.728869 0.910195 1.193698 1.468020 9.164410 -1.466442 0.998051
Pedestrian -1 -1 -10 608.000000 162.000000 660.000000 304.000000 1.672754 0.634002 0.775104 0.299224 1.474373 8.875764 -1.916215 0.994468
Pedestrian -1 -1 -10 231.000000 159.000000 287.000000 310.000000 1.717591 0.628530 0.885496 -4.048598 1.488494 8.525580 -1.665573 0.793245
Pedestrian -1 -1 -10 4.000000 169.000000 47.000000 299.000000 1.718787 0.580479 0.697278 -8.703702 1.382325 10.890857 -2.280288 0.352061
Pedestrian -1 -1 -10 705.000000 156.000000 730.000000 232.000000 1.706688 0.615950 0.675183 3.248618 1.169469 20.422274 0.318840 0.312755
Pedestrian -1 -1 -10 714.000000 160.000000 743.000000 227.000000 1.821948 0.651709 0.688296 3.545416 1.316545 19.968366 1.274893 0.087687
Pedestrian -1 -1 -10 363.000000 178.000000 379.000000 226.000000 1.723376 0.616449 0.681944 -8.017891 1.497752 24.958338 -1.349808 0.078284
Pedestrian -1 -1 -10 727.000000 161.000000 750.000000 222.000000 1.669569 0.649868 0.706384 3.511557 1.128162 18.362491 -1.328286 0.054151
Pedestrian -1 -1 -10 690.000000 154.000000 728.000000 267.000000 1.698012 0.527114 0.626880 1.999125 1.742273 12.456786 0.831353 0.042254
Pedestrian -1 -1 -10 704.000000 161.000000 809.000000 291.000000 1.747600 0.711228 0.924530 2.076462 1.914883 9.878353 0.944022 0.035457
Pedestrian -1 -1 -10 616.000000 169.000000 646.000000 213.000000 1.711310 0.735683 0.763945 1.765230 1.393689 38.436669 2.837907 0.033917
Pedestrian -1 -1 -10 651.000000 167.000000 671.000000 233.000000 1.709353 0.693520 0.817091 1.691809 1.268063 20.574178 -1.894860 0.030479
Pedestrian -1 -1 -10 246.000000 165.000000 353.000000 347.000000 1.718982 0.727703 0.725964 -2.771755 1.580856 6.811331 1.649751 0.026363
Pedestrian -1 -1 -10 522.000000 170.000000 530.000000 197.000000 1.799657 0.676793 0.818168 -5.310591 1.150635 50.573094 1.345228 0.022159
Pedestrian -1 -1 -10 456.000000 167.000000 473.000000 202.000000 1.732736 0.628213 0.667060 -8.723842 0.598739 43.869776 -1.795051 0.017518
Pedestrian -1 -1 -10 434.000000 171.000000 452.000000 210.000000 1.696015 0.678912 0.768352 -5.180257 1.370132 23.318372 -1.920653 0.017085
Pedestrian -1 -1 -10 631.000000 168.000000 651.000000 236.000000 1.623482 0.564029 0.564772 1.268811 1.602635 18.530807 3.097859 0.013257
Car -1 -1 -10 482.000000 168.000000 520.000000 204.000000 1.810458 1.789938 4.229781 -6.191551 1.050773 42.527552 1.446678 0.063864
Cyclist -1 -1 -10 428.000000 167.000000 489.000000 274.000000 1.763653 0.570529 1.800707 -2.433579 1.566351 12.236407 1.620848 0.999718
Cyclist -1 -1 -10 249.000000 162.000000 376.000000 369.000000 1.758413 0.631997 1.775371 -2.686585 1.571779 6.686825 1.487066 0.999701
Cyclist -1 -1 -10 702.000000 170.000000 823.000000 287.000000 1.729480 0.608510 1.824945 2.378947 1.666992 10.100804 -0.347482 0.588190
Cyclist -1 -1 -10 237.000000 162.000000 311.000000 318.000000 1.761327 0.644375 1.731733 -4.100365 1.566721 8.582864 -1.347135 0.289593
Cyclist -1 -1 -10 676.000000 158.000000 745.000000 297.000000 1.792775 0.612774 1.791273 1.336015 1.488873 9.304568 -0.872333 0.086494
Cyclist -1 -1 -10 610.000000 164.000000 659.000000 299.000000 1.751788 0.594701 1.729678 0.301973 1.477581 8.931595 -1.876346 0.054973
Cyclist -1 -1 -10 4.000000 173.000000 73.000000 296.000000 1.723226 0.600347 1.734149 -8.818788 1.572543 10.789377 -2.760810 0.052073
Cyclist -1 -1 -10 702.000000 157.000000 734.000000 240.000000 1.770179 0.699600 1.804107 3.496456 1.164843 20.456930 -0.470747 0.051489
Cyclist -1 -1 -10 703.000000 161.000000 769.000000 251.000000 1.742355 0.631072 1.688788 3.383146 1.281471 16.801765 1.253619 0.048455
Cyclist -1 -1 -10 434.000000 171.000000 454.000000 213.000000 1.703379 0.667042 1.715877 -5.150131 1.243701 23.466129 -1.211191 0.041578
Cyclist -1 -1 -10 448.000000 170.000000 478.000000 206.000000 1.703869 0.525404 1.470787 -8.818728 0.393058 42.744854 -1.148519 0.034094
Cyclist -1 -1 -10 651.000000 167.000000 671.000000 233.000000 1.740624 0.552783 1.681902 1.629192 1.280653 20.682703 -1.494142 0.027726
Cyclist -1 -1 -10 269.000000 174.000000 319.000000 277.000000 1.684550 0.530118 1.483652 -3.858262 1.274038 8.547379 -1.993788 0.021670
Cyclist -1 -1 -10 733.000000 167.000000 808.000000 241.000000 1.679614 0.562248 1.692749 3.685978 1.267967 16.143924 -1.803471 0.017008
