Car -1 -1 -10 361.000000 179.000000 464.000000 248.000000 1.489814 1.601263 3.822474 -4.822809 1.435051 18.404632 -1.560778 0.999263
Car -1 -1 -10 575.000000 172.000000 629.000000 224.000000 1.565549 1.677877 3.827600 -0.322504 1.165147 25.158546 -1.618759 0.998605
Car -1 -1 -10 155.000000 181.000000 320.000000 254.000000 1.489862 1.617589 3.979672 -8.501860 1.421325 17.006643 -1.579723 0.976481
Car -1 -1 -10 339.000000 180.000000 377.000000 207.000000 1.557850 1.630617 4.054190 -13.365430 1.249192 39.503015 -1.756893 0.839418
Car -1 -1 -10 505.000000 172.000000 547.000000 206.000000 1.442384 1.590304 3.845944 -4.307849 0.925865 40.720112 -1.635480 0.792512
Car -1 -1 -10 -6.000000 158.000000 251.000000 350.000000 1.677416 1.649332 3.953228 -4.449859 1.544469 5.755668 -1.570377 0.373240
Car -1 -1 -10 420.000000 180.000000 454.000000 209.000000 1.497701 1.580615 3.663829 -8.460654 1.010857 38.543390 0.710766 0.134679
Car -1 -1 -10 11.000000 165.000000 210.000000 261.000000 1.497677 1.615122 3.732058 -12.847942 1.250071 19.044208 -1.529338 0.042201
Car -1 -1 -10 385.000000 180.000000 433.000000 217.000000 1.524242 1.504203 3.205061 -9.502585 0.909226 38.735141 1.313371 0.020028
Car -1 -1 -10 67.000000 176.000000 191.000000 239.000000 1.574214 1.654788 4.226932 -17.008234 0.803170 25.793301 1.620634 0.016555
Car -1 -1 -10 579.000000 173.000000 615.000000 204.000000 1.479833 1.440371 2.888858 -0.341185 1.484099 25.890844 1.042742 0.011272
