Car -1 -1 -10 694.000000 185.000000 788.000000 257.000000 1.466942 1.585408 3.616197 2.888296 1.752255 16.463255 -1.564992 0.998976
Car -1 -1 -10 104.000000 185.000000 428.000000 273.000000 1.514685 1.611940 4.159072 -5.982055 1.756743 12.240543 0.023371 0.996499
Car -1 -1 -10 742.000000 175.000000 898.000000 233.000000 1.672080 1.653617 3.979127 6.524697 1.780938 21.678878 -0.013158 0.996248
Car -1 -1 -10 -3.000000 185.000000 240.000000 326.000000 1.489326 1.590831 3.836326 -6.977133 1.741581 9.307864 -3.072461 0.977144
Car -1 -1 -10 369.000000 178.000000 493.000000 222.000000 1.635434 1.614936 3.969947 -6.062583 1.671945 25.900900 -3.148183 0.966950
Car -1 -1 -10 306.000000 180.000000 469.000000 239.000000 1.539754 1.574345 3.991523 -5.965778 1.813991 19.724170 0.648529 0.962845
Car -1 -1 -10 918.000000 159.000000 1248.000000 371.000000 1.508700 1.629268 3.795211 2.734286 1.586500 2.315964 -1.619284 0.959809
Car -1 -1 -10 413.000000 178.000000 529.000000 213.000000 1.550628 1.594617 3.598520 -5.733303 1.748022 31.692772 -1.663449 0.733494
Car -1 -1 -10 3.000000 164.000000 123.000000 369.000000 1.754250 1.642643 3.862421 -6.233158 1.655548 6.312829 -3.087458 0.267869
Car -1 -1 -10 693.000000 177.000000 750.000000 206.000000 1.496558 1.588945 3.973671 5.538646 1.520839 35.831622 2.109647 0.190417
