Car -1 -1 -10 896.000000 191.000000 1185.000000 291.000000 1.468681 1.527555 3.689141 6.544411 1.788672 11.131696 -0.041564 0.999603
Car -1 -1 -10 636.000000 179.000000 672.000000 208.000000 1.382712 1.600203 3.944260 2.251313 1.864786 37.681578 -1.599877 0.997764
Car -1 -1 -10 722.000000 180.000000 860.000000 230.000000 1.510686 1.625908 3.919100 5.728745 1.778142 23.220796 -0.088396 0.997250
Car -1 -1 -10 3.000000 187.000000 303.000000 335.000000 1.485506 1.616744 4.114626 -6.059005 1.705703 8.287267 -3.191053 0.997138
Car -1 -1 -10 177.000000 179.000000 431.000000 266.000000 1.599135 1.616312 4.031519 -5.646639 1.729185 13.227668 0.013553 0.997129
Car -1 -1 -10 267.000000 174.000000 442.000000 244.000000 1.729755 1.662330 4.122299 -6.471861 1.753139 17.744608 -3.216680 0.977053
Car -1 -1 -10 840.000000 181.000000 1062.000000 274.000000 1.563341 1.590825 3.724886 6.350757 1.808009 13.365768 -0.023068 0.969282
Car -1 -1 -10 395.000000 176.000000 511.000000 214.000000 1.555272 1.639709 4.061202 -6.185347 1.782948 31.414890 0.029082 0.933008
Car -1 -1 -10 325.000000 176.000000 468.000000 227.000000 1.456841 1.568593 3.843273 -6.164203 1.648682 22.923192 -3.016275 0.924040
Car -1 -1 -10 1.000000 188.000000 139.000000 367.000000 1.528153 1.612412 3.891859 -6.398615 1.690770 6.114692 -3.275496 0.578248
