Pedestrian -1 -1 -10 252.000000 156.000000 329.000000 308.000000 1.817073 0.678201 0.945870 -3.822077 1.467333 8.799554 0.619862 0.993318
Pedestrian -1 -1 -10 304.000000 150.000000 364.000000 299.000000 1.787520 0.689851 0.891993 -3.667143 1.442612 8.966186 0.704291 0.990266
Pedestrian -1 -1 -10 368.000000 161.000000 389.000000 222.000000 1.759411 0.655722 0.776118 -6.730680 1.247105 20.769982 1.588682 0.749297
Pedestrian -1 -1 -10 504.000000 160.000000 513.000000 190.000000 1.758053 0.601106 0.790348 -6.422587 0.680076 46.728743 0.985059 0.670195
Pedestrian -1 -1 -10 1.000000 139.000000 51.000000 348.000000 1.670440 0.571964 0.547275 -9.985941 2.026201 12.367618 1.465370 0.054086
Pedestrian -1 -1 -10 338.000000 164.000000 393.000000 212.000000 1.725619 0.606787 0.746300 -6.925667 1.402637 20.962752 -1.713311 0.010046
Car -1 -1 -10 562.000000 152.000000 610.000000 207.000000 1.725899 1.688500 3.791271 -0.922704 0.843011 27.760397 -1.672521 0.706146
Car -1 -1 -10 0.000000 136.000000 50.000000 349.000000 1.749574 1.660512 3.918421 -7.029279 1.305413 6.445569 -1.646410 0.014751
Cyclist -1 -1 -10 364.000000 163.000000 396.000000 214.000000 1.755693 0.622427 1.749243 -6.876814 1.197294 20.863417 1.300181 0.053939
Cyclist -1 -1 -10 504.000000 160.000000 513.000000 190.000000 1.775403 0.583441 1.785793 -6.456031 0.686630 46.726521 1.553675 0.020777
Cyclist -1 -1 -10 253.000000 156.000000 336.000000 304.000000 1.836666 0.617508 1.728723 -3.820663 1.445799 8.927356 -0.916368 0.011425
