Car -1 -1 -10 644.000000 176.000000 677.000000 203.000000 1.494084 1.652246 3.972749 2.764728 1.686432 41.224462 1.557600 0.999554
Car -1 -1 -10 732.000000 188.000000 941.000000 340.000000 1.470266 1.576601 3.554391 2.514993 1.691289 8.887361 -1.484113 0.999341
Car -1 -1 -10 424.000000 171.000000 534.000000 258.000000 1.640660 1.640236 3.905336 -2.838789 1.664627 16.370914 1.569214 0.999210
Car -1 -1 -10 -3.000000 173.000000 298.000000 289.000000 1.481220 1.642034 4.064373 -6.799807 1.480198 10.213879 -3.139352 0.998597
Car -1 -1 -10 841.000000 187.000000 1252.000000 374.000000 1.534439 1.572391 3.699285 2.536458 1.625273 3.736454 -1.545898 0.883804
Car -1 -1 -10 504.000000 178.000000 561.000000 225.000000 1.512412 1.562842 3.680469 -3.093370 1.627097 23.910387 -2.823664 0.710821
Car -1 -1 -10 526.000000 174.000000 574.000000 240.000000 1.564929 1.647445 3.878266 -2.176721 1.678464 23.823331 -3.126257 0.033247
Car -1 -1 -10 466.000000 173.000000 588.000000 248.000000 1.620050 1.627166 3.851896 -2.616995 1.872216 24.011617 -1.683420 0.026975
Cyclist -1 -1 -10 536.000000 168.000000 579.000000 269.000000 1.742862 0.600804 1.753431 -0.951828 1.635209 12.807653 1.671439 0.999232
Cyclist -1 -1 -10 509.000000 178.000000 568.000000 234.000000 1.688490 0.613836 1.730762 -2.185789 2.067949 22.476447 -0.770099 0.146925
Cyclist -1 -1 -10 541.000000 174.000000 569.000000 241.000000 1.683951 0.524240 1.491877 -1.092999 0.965618 12.831750 -1.675170 0.010362
