Car -1 -1 -10 739.000000 182.000000 954.000000 317.000000 1.448763 1.670011 4.116986 2.870719 1.594198 9.853064 -1.598096 0.999550
Car -1 -1 -10 682.000000 171.000000 739.000000 221.000000 1.517366 1.601745 3.588199 3.326319 1.615964 24.699836 -1.547053 0.997689
Car -1 -1 -10 -5.000000 188.000000 274.000000 372.000000 1.512726 1.622122 4.078341 -5.986247 1.656253 7.183736 -3.111253 0.993631
Car -1 -1 -10 102.000000 181.000000 371.000000 291.000000 1.596761 1.627977 4.043783 -6.471542 1.797214 12.371811 0.078043 0.987528
Car -1 -1 -10 302.000000 182.000000 487.000000 233.000000 1.553452 1.602946 3.894819 -5.625036 1.748780 21.508985 0.145170 0.956595
Car -1 -1 -10 432.000000 175.000000 533.000000 209.000000 1.491373 1.611550 3.839690 -5.969267 1.636960 34.396932 -3.176915 0.946240
Car -1 -1 -10 377.000000 179.000000 502.000000 224.000000 1.570189 1.620017 4.091316 -6.123799 1.709714 28.408427 -3.218653 0.778758
Car -1 -1 -10 471.000000 174.000000 556.000000 203.000000 1.499485 1.562896 3.745302 -5.086846 1.264142 39.703788 -3.090436 0.261218
Car -1 -1 -10 663.000000 173.000000 691.000000 198.000000 1.490492 1.603162 3.770432 3.997930 1.719068 43.682588 -1.495543 0.207014
Car -1 -1 -10 257.000000 180.000000 389.000000 240.000000 1.595410 1.661321 4.040707 -7.604097 1.647744 18.214167 -3.095566 0.190814
Car -1 -1 -10 160.000000 180.000000 291.000000 216.000000 1.474145 1.566197 3.662938 -11.103465 1.044793 20.534336 -2.715546 0.037852
Car -1 -1 -10 674.000000 172.000000 712.000000 206.000000 1.533466 1.590484 3.755286 3.546574 1.501872 30.069669 -1.565210 0.037584
