Pedestrian -1 -1 -10 761.000000 164.000000 806.000000 278.000000 1.623837 0.648730 0.795386 2.528442 1.401528 10.246089 -1.824259 0.964720
Pedestrian -1 -1 -10 732.000000 150.000000 750.000000 223.000000 1.734800 0.609600 0.699585 3.711232 1.250402 19.548507 1.735059 0.159332
Pedestrian -1 -1 -10 455.000000 157.000000 467.000000 189.000000 1.686593 0.614949 0.676761 -7.815052 0.322353 39.677239 -2.341870 0.060024
Pedestrian -1 -1 -10 653.000000 158.000000 671.000000 220.000000 1.765484 0.628729 0.690616 1.636746 1.185847 19.370711 -1.437697 0.051151
Pedestrian -1 -1 -10 753.000000 176.000000 785.000000 279.000000 1.666719 0.606331 0.858467 2.439634 1.590192 10.193378 0.203881 0.042084
Pedestrian -1 -1 -10 804.000000 149.000000 820.000000 225.000000 1.705337 0.544520 0.677059 4.156546 0.823241 14.143647 2.785881 0.033842
Pedestrian -1 -1 -10 585.000000 160.000000 628.000000 234.000000 1.687373 0.674040 0.777590 0.095820 1.345391 15.282398 -1.141397 0.021427
Pedestrian -1 -1 -10 597.000000 154.000000 618.000000 213.000000 1.760141 0.672277 0.711621 0.166600 1.117468 19.383406 -1.640265 0.015824
Pedestrian -1 -1 -10 499.000000 159.000000 509.000000 187.000000 1.683858 0.603315 0.740351 -6.507931 0.276619 48.245587 -1.932086 0.014762
Pedestrian -1 -1 -10 538.000000 158.000000 546.000000 185.000000 1.752226 0.628794 0.696160 -4.134810 0.322816 49.693269 3.025046 0.014035
Pedestrian -1 -1 -10 954.000000 148.000000 975.000000 230.000000 1.682456 0.615545 0.623510 7.985235 1.644104 15.540524 3.000360 0.012888
Pedestrian -1 -1 -10 840.000000 143.000000 863.000000 241.000000 1.714042 0.533478 0.602623 4.417849 1.603681 11.498810 3.321806 0.011096
Pedestrian -1 -1 -10 450.000000 161.000000 479.000000 232.000000 1.690294 0.801670 0.583682 -3.413116 1.295514 18.073122 1.462688 0.010201
Car -1 -1 -10 1034.000000 153.000000 1241.000000 240.000000 1.644092 1.646648 3.878671 10.582696 1.071434 14.148082 3.401145 0.959550
Car -1 -1 -10 1139.000000 182.000000 1239.000000 369.000000 1.482034 1.546419 3.548542 5.761037 1.405950 5.993784 0.629930 0.084879
Car -1 -1 -10 1138.000000 157.000000 1239.000000 251.000000 1.473733 1.561611 3.653234 9.753434 0.938018 10.587701 1.590509 0.029926
Cyclist -1 -1 -10 384.000000 162.000000 432.000000 249.000000 1.709432 0.584479 1.749117 -4.161320 1.306360 15.250894 1.505919 0.999683
Cyclist -1 -1 -10 449.000000 161.000000 482.000000 233.000000 1.716671 0.562292 1.742497 -3.446460 1.293452 17.989577 1.553553 0.999666
Cyclist -1 -1 -10 453.000000 159.000000 470.000000 187.000000 1.750739 0.573941 1.553694 -7.990225 0.424258 40.852302 -1.759574 0.059297
Cyclist -1 -1 -10 1144.000000 181.000000 1240.000000 372.000000 1.676244 0.447170 1.670821 4.788862 1.472562 5.677237 -0.897360 0.042935
