Car -1 -1 -10 555.000000 176.000000 624.000000 241.000000 1.561412 1.669806 3.808708 -0.614549 1.402680 19.956079 -1.612175 0.999156
Car -1 -1 -10 177.000000 196.000000 450.000000 349.000000 1.424300 1.620966 4.098754 -3.244991 1.596147 8.810491 -1.603945 0.998937
Car -1 -1 -10 385.000000 183.000000 505.000000 261.000000 1.495755 1.640126 4.093646 -3.381990 1.438904 15.468104 -1.585949 0.998646
Car -1 -1 -10 247.000000 179.000000 332.000000 229.000000 1.451048 1.548184 3.703166 -7.912114 1.224225 19.048282 1.513316 0.978534
Car -1 -1 -10 513.000000 177.000000 553.000000 212.000000 1.601283 1.603546 3.960216 -3.436120 1.300780 32.659279 -1.569817 0.923388
Car -1 -1 -10 461.000000 179.000000 531.000000 233.000000 1.597089 1.646228 4.120223 -3.565173 1.377193 22.776698 -1.591799 0.773838
Car -1 -1 -10 2.000000 190.000000 172.000000 304.000000 1.470102 1.635391 3.903620 -7.835540 1.610783 9.630623 -1.575197 0.581550
Car -1 -1 -10 390.000000 178.000000 444.000000 209.000000 1.533811 1.612036 3.826371 -7.839776 1.304602 31.071320 -1.796649 0.149138
Car -1 -1 -10 262.000000 185.000000 362.000000 251.000000 1.496883 1.599266 3.800977 -7.887167 1.415782 19.309091 -1.561241 0.066762
Car -1 -1 -10 325.000000 179.000000 388.000000 216.000000 1.497027 1.586309 3.671329 -12.750133 1.325118 37.750608 -1.553968 0.027243
Car -1 -1 -10 7.000000 194.000000 105.000000 370.000000 1.523111 1.575233 3.530655 -3.174865 1.396837 2.084157 -1.539429 0.024643
