Pedestrian -1 -1 -10 746.000000 160.000000 821.000000 353.000000 1.751780 0.690290 0.980294 1.621959 1.511506 6.695942 -1.626164 0.996964
Pedestrian -1 -1 -10 685.000000 160.000000 750.000000 353.000000 1.735585 0.610555 0.750278 1.011871 1.528347 6.553393 -1.876917 0.996930
Pedestrian -1 -1 -10 211.000000 158.000000 284.000000 348.000000 1.771853 0.666163 0.974168 -3.530122 1.565435 7.007122 -1.989203 0.996112
Pedestrian -1 -1 -10 873.000000 159.000000 916.000000 259.000000 1.655490 0.650752 0.627576 4.726302 1.312405 11.716048 1.874608 0.963477
Pedestrian -1 -1 -10 789.000000 158.000000 820.000000 252.000000 1.744672 0.677124 0.729122 4.223308 1.360123 15.443864 1.869365 0.705701
Pedestrian -1 -1 -10 0.000000 148.000000 205.000000 370.000000 1.723714 0.798985 0.702241 -2.312614 1.582143 3.381785 0.976420 0.370438
Pedestrian -1 -1 -10 834.000000 160.000000 853.000000 218.000000 1.754491 0.661779 0.684044 7.546865 1.082436 22.331144 2.256057 0.099103
Pedestrian -1 -1 -10 694.000000 168.000000 719.000000 220.000000 1.769188 0.740881 0.655661 4.656012 1.476397 31.770218 3.044038 0.080879
Pedestrian -1 -1 -10 775.000000 160.000000 829.000000 285.000000 1.690661 0.637555 0.588462 5.248352 1.209968 18.393470 0.412581 0.041444
Pedestrian -1 -1 -10 698.000000 168.000000 734.000000 240.000000 1.683280 0.612588 0.624024 4.881946 1.465837 29.507016 2.681185 0.038831
Pedestrian -1 -1 -10 739.000000 162.000000 764.000000 259.000000 1.708943 0.599924 0.668662 3.638490 1.271549 17.633701 1.756719 0.011628
Car -1 -1 -10 530.000000 167.000000 579.000000 209.000000 1.824983 1.713769 4.170531 -2.385094 1.298167 36.837105 -1.523717 0.022207
Cyclist -1 -1 -10 -3.000000 147.000000 208.000000 377.000000 1.623927 0.633032 1.714268 -2.413992 1.406534 3.191558 1.589243 0.976537
Cyclist -1 -1 -10 403.000000 170.000000 459.000000 241.000000 1.691892 0.536318 1.765211 -4.363655 1.493894 18.250895 0.276483 0.947282
Cyclist -1 -1 -10 869.000000 161.000000 920.000000 260.000000 1.719319 0.540836 1.671965 4.698893 1.342344 11.780957 1.922501 0.691681
Cyclist -1 -1 -10 855.000000 165.000000 982.000000 368.000000 1.683516 0.514543 1.688428 2.451520 1.917828 5.804671 -0.658785 0.225942
Cyclist -1 -1 -10 788.000000 157.000000 822.000000 259.000000 1.781935 0.566974 1.658562 4.057135 1.534059 14.596669 -0.904923 0.163656
Cyclist -1 -1 -10 762.000000 159.000000 832.000000 321.000000 1.735350 0.599158 1.682151 1.618729 1.425600 6.871190 -1.380518 0.058708
Cyclist -1 -1 -10 693.000000 167.000000 724.000000 223.000000 1.687071 0.667623 1.800447 4.901396 1.308538 31.906869 0.292066 0.022593
