Pedestrian -1 -1 -10 609.000000 161.000000 662.000000 309.000000 1.731451 0.667203 0.746423 0.304743 1.532420 8.479834 -1.985105 0.997154
Pedestrian -1 -1 -10 668.000000 161.000000 725.000000 306.000000 1.767180 0.724953 0.988556 1.177056 1.507230 8.774904 -1.565427 0.996353
Pedestrian -1 -1 -10 714.000000 162.000000 736.000000 232.000000 1.755493 0.719069 0.839269 3.366379 1.251941 19.824704 -0.922340 0.500849
Pedestrian -1 -1 -10 197.000000 161.000000 281.000000 349.000000 1.774106 0.618761 0.718455 -4.148085 1.383579 8.150340 2.605448 0.419151
Pedestrian -1 -1 -10 734.000000 163.000000 757.000000 233.000000 1.657896 0.651463 0.688382 3.413332 1.223819 17.228711 -1.425617 0.284628
Pedestrian -1 -1 -10 107.000000 163.000000 268.000000 375.000000 1.649810 0.714010 0.587925 -2.694815 1.521667 4.936890 1.183341 0.067245
Pedestrian -1 -1 -10 370.000000 178.000000 381.000000 212.000000 1.737572 0.614397 0.682220 -10.393679 1.501587 32.826440 0.243627 0.063438
Pedestrian -1 -1 -10 648.000000 168.000000 668.000000 232.000000 1.742864 0.652359 0.866647 1.566558 1.324375 20.063169 -1.594179 0.050295
Pedestrian -1 -1 -10 387.000000 172.000000 396.000000 203.000000 1.725872 0.623247 0.608084 -10.232275 1.042021 34.864799 -1.409858 0.044383
Pedestrian -1 -1 -10 631.000000 164.000000 664.000000 255.000000 1.678123 0.603715 0.673621 1.192799 1.941205 14.510267 0.652556 0.021117
Pedestrian -1 -1 -10 620.000000 169.000000 644.000000 222.000000 1.779239 0.692509 0.771078 1.746417 1.386254 37.660204 2.543673 0.019991
Pedestrian -1 -1 -10 1207.000000 192.000000 1235.000000 258.000000 1.715011 0.556438 0.598879 6.690452 1.579003 7.269116 3.714935 0.015918
Pedestrian -1 -1 -10 614.000000 172.000000 654.000000 244.000000 1.708738 0.625924 0.623227 0.550135 1.519766 8.634737 2.637101 0.011847
Cyclist -1 -1 -10 102.000000 159.000000 296.000000 376.000000 1.648761 0.549997 1.715286 -2.663072 1.522550 4.832939 1.488545 0.999631
Cyclist -1 -1 -10 388.000000 168.000000 456.000000 300.000000 1.710083 0.561212 1.759781 -2.506128 1.592006 10.210383 1.572990 0.999491
Cyclist -1 -1 -10 429.000000 164.000000 472.000000 256.000000 1.752555 0.574938 1.785850 -3.107343 1.444580 14.789741 1.426900 0.990803
Cyclist -1 -1 -10 190.000000 159.000000 284.000000 349.000000 1.637604 0.496835 1.666705 -2.678775 1.462116 4.929986 1.495087 0.712198
Cyclist -1 -1 -10 711.000000 170.000000 849.000000 299.000000 1.669577 0.602533 1.774553 2.322530 1.869814 9.311726 2.791145 0.125913
Cyclist -1 -1 -10 665.000000 160.000000 748.000000 292.000000 1.741362 0.644230 1.734878 1.068463 1.409545 8.820411 -2.979701 0.117267
Cyclist -1 -1 -10 611.000000 164.000000 661.000000 310.000000 1.767129 0.518548 1.723895 0.268137 1.560952 8.657767 -1.423171 0.060927
Cyclist -1 -1 -10 713.000000 161.000000 735.000000 237.000000 1.772626 0.588619 1.776706 3.427940 1.264644 19.855386 -0.908029 0.057700
Cyclist -1 -1 -10 428.000000 169.000000 454.000000 242.000000 1.702790 0.561672 1.667796 -3.194563 1.270023 14.788485 0.788280 0.041787
Cyclist -1 -1 -10 634.000000 168.000000 670.000000 244.000000 1.732592 0.547932 1.700883 1.536921 1.188981 20.340764 2.683647 0.040968
Cyclist -1 -1 -10 138.000000 186.000000 265.000000 325.000000 1.642258 0.591847 1.692462 -2.758486 1.416881 4.965739 1.592047 0.017894
Cyclist -1 -1 -10 613.000000 169.000000 651.000000 236.000000 1.719200 0.528467 1.554744 0.654232 1.527943 10.671166 -0.871780 0.012554
