Pedestrian -1 -1 -10 455.000000 161.000000 474.000000 223.000000 1.729483 0.655663 0.655647 -3.695350 1.436771 18.326470 -1.707442 0.650244
Car -1 -1 -10 369.000000 174.000000 530.000000 288.000000 1.527310 1.627862 4.000676 -2.279088 1.521150 11.312488 -1.577991 0.999444
Car -1 -1 -10 748.000000 164.000000 981.000000 341.000000 1.663067 1.675718 4.028742 2.635873 1.629932 8.781900 -1.547623 0.999227
Car -1 -1 -10 467.000000 173.000000 572.000000 248.000000 1.482236 1.610745 4.041730 -2.051486 1.540733 16.515083 -1.492736 0.997945
Car -1 -1 -10 681.000000 173.000000 726.000000 210.000000 1.482689 1.609648 3.751784 3.739278 1.469650 29.793796 -1.578064 0.997783
Car -1 -1 -10 577.000000 170.000000 610.000000 199.000000 1.531086 1.608611 3.850291 -1.040956 1.496319 43.670752 -1.592533 0.993575
Car -1 -1 -10 715.000000 172.000000 830.000000 265.000000 1.484587 1.594956 3.797204 3.049369 1.586701 13.937819 -1.554164 0.981744
Car -1 -1 -10 670.000000 171.000000 705.000000 201.000000 1.629297 1.618017 3.810537 4.551033 1.632543 42.073886 -1.570615 0.188958
Car -1 -1 -10 665.000000 171.000000 690.000000 196.000000 1.544887 1.630383 4.093060 4.324234 1.328240 42.179077 1.498515 0.037214
Cyclist -1 -1 -10 452.000000 159.000000 477.000000 223.000000 1.681160 0.715883 1.593137 -3.719810 1.229877 18.731607 0.829555 0.078585
Cyclist -1 -1 -10 409.000000 168.000000 446.000000 221.000000 1.637699 0.528022 1.645416 -4.767876 1.067945 17.647797 -1.383338 0.025192
