Pedestrian -1 -1 -10 960.000000 160.000000 992.000000 235.000000 1.758597 0.657065 0.931553 8.485952 1.446837 16.740680 -1.559683 0.840957
Pedestrian -1 -1 -10 927.000000 161.000000 957.000000 232.000000 1.743391 0.602240 0.606127 7.756526 2.194993 16.887182 -1.154155 0.186726
Pedestrian -1 -1 -10 931.000000 162.000000 984.000000 235.000000 1.755930 0.680140 0.733552 8.221412 1.276653 16.749890 -0.989147 0.015040
Cyclist -1 -1 -10 886.000000 159.000000 947.000000 252.000000 1.763312 0.495506 1.711058 5.803097 1.456884 13.880505 -1.564405 0.999662
Cyclist -1 -1 -10 921.000000 162.000000 959.000000 238.000000 1.728623 0.614189 1.661028 6.158207 1.371187 13.523765 -2.018457 0.913639
Cyclist -1 -1 -10 954.000000 162.000000 997.000000 235.000000 1.773114 0.572531 1.735518 8.409578 1.463005 16.833127 -1.587596 0.756459
Cyclist -1 -1 -10 770.000000 169.000000 786.000000 211.000000 1.747606 0.574426 1.766611 6.935870 1.553994 30.489390 -1.777531 0.592038
Cyclist -1 -1 -10 910.000000 163.000000 1006.000000 235.000000 1.751698 0.604850 1.683213 8.088084 1.292385 16.816675 -2.669801 0.399386
Cyclist -1 -1 -10 939.000000 169.000000 966.000000 222.000000 1.697688 0.585412 1.707558 7.768599 1.446599 17.020143 -0.547227 0.089913
Cyclist -1 -1 -10 909.000000 163.000000 942.000000 205.000000 1.710008 0.556558 1.592571 7.036279 1.127713 15.723554 -1.757295 0.071620
Cyclist -1 -1 -10 972.000000 171.000000 1020.000000 226.000000 1.688734 0.491499 1.435786 15.283801 2.544135 28.696593 1.542834 0.020571
Cyclist -1 -1 -10 947.000000 168.000000 980.000000 211.000000 1.673663 0.625987 1.724514 8.422994 1.356774 16.895477 3.180247 0.017081
