Pedestrian -1 -1 -10 0.000000 190.000000 101.000000 376.000000 1.723728 0.650483 0.729940 -4.289122 2.423899 5.284486 -2.676251 0.031498
Car -1 -1 -10 736.000000 193.000000 944.000000 327.000000 1.483555 1.598929 3.618826 2.827343 1.727316 9.631241 -1.600669 0.998775
Car -1 -1 -10 -8.000000 183.000000 298.000000 331.000000 1.549374 1.578355 3.875799 -6.065818 1.677638 9.331251 0.332990 0.998096
Car -1 -1 -10 636.000000 178.000000 668.000000 205.000000 1.512083 1.618766 4.035576 2.480980 1.931917 43.612789 -1.583095 0.997370
Car -1 -1 -10 783.000000 175.000000 1046.000000 262.000000 1.588753 1.656732 4.124176 6.216369 1.770326 14.908064 -0.053937 0.988796
Car -1 -1 -10 280.000000 181.000000 444.000000 242.000000 1.577551 1.601085 3.939214 -6.331977 1.723377 18.674886 -3.275333 0.974980
Car -1 -1 -10 725.000000 180.000000 819.000000 227.000000 1.484083 1.577514 4.035029 6.285027 1.924063 25.433704 2.958963 0.968948
Car -1 -1 -10 744.000000 180.000000 873.000000 236.000000 1.514663 1.544262 3.763988 5.934307 1.428246 20.831434 2.375327 0.967384
Car -1 -1 -10 128.000000 180.000000 386.000000 271.000000 1.635395 1.594202 4.005817 -6.395757 1.728060 13.446012 0.511812 0.847880
Car -1 -1 -10 329.000000 174.000000 477.000000 231.000000 1.687715 1.662654 3.959095 -6.679952 1.858080 23.923892 -3.281566 0.845092
Car -1 -1 -10 450.000000 179.000000 533.000000 209.000000 1.510197 1.547888 3.890274 -6.167770 1.770742 37.944901 -0.050307 0.344308
Car -1 -1 -10 0.000000 191.000000 102.000000 376.000000 1.482355 1.609540 3.982742 -5.659528 1.938578 4.472852 -0.021193 0.327461
