Car -1 -1 -10 722.000000 187.000000 967.000000 332.000000 1.454637 1.682079 4.194139 2.718946 1.677348 9.367585 -1.602777 0.999628
Car -1 -1 -10 734.000000 177.000000 827.000000 219.000000 1.530025 1.664193 4.056644 6.646667 1.645553 26.443358 0.029538 0.987384
Car -1 -1 -10 803.000000 180.000000 1038.000000 264.000000 1.496962 1.632160 4.176184 6.536256 1.599195 14.613124 0.003590 0.986115
Car -1 -1 -10 380.000000 171.000000 506.000000 218.000000 1.797333 1.615366 4.052796 -6.403439 1.846378 26.565717 -1.262849 0.983763
Car -1 -1 -10 5.000000 169.000000 396.000000 290.000000 1.527170 1.666737 4.412966 -5.734149 1.501101 10.704931 -0.125372 0.952241
Car -1 -1 -10 684.000000 175.000000 754.000000 204.000000 1.560360 1.632046 3.804967 5.790437 1.755496 38.118457 -0.015985 0.945737
Car -1 -1 -10 330.000000 173.000000 472.000000 226.000000 1.559712 1.623913 4.171069 -6.414220 1.462463 21.336902 -3.276611 0.939599
Car -1 -1 -10 439.000000 168.000000 521.000000 209.000000 1.578277 1.639837 4.135639 -6.192711 1.329746 32.675625 -3.170961 0.467728
Car -1 -1 -10 0.000000 164.000000 183.000000 323.000000 1.546997 1.569582 3.686166 -7.016666 1.383288 8.332367 -3.268375 0.361760
Car -1 -1 -10 472.000000 170.000000 546.000000 199.000000 1.531148 1.608510 3.763935 -5.387014 1.543403 46.973092 -1.724860 0.204720
Cyclist -1 -1 -10 736.000000 175.000000 829.000000 218.000000 1.675838 0.791756 1.886085 5.740641 1.656709 25.506613 -0.099638 0.016030
