Pedestrian -1 -1 -10 759.000000 141.000000 820.000000 321.000000 1.780160 0.606801 0.908906 1.950137 1.408551 7.918255 2.811451 0.997801
Pedestrian -1 -1 -10 889.000000 146.000000 954.000000 301.000000 1.734071 0.635602 0.726530 3.617186 1.209220 8.187088 -1.626118 0.997404
Pedestrian -1 -1 -10 430.000000 160.000000 480.000000 279.000000 1.807173 0.711010 0.934647 -2.375475 1.512538 11.602113 1.785391 0.995469
Pedestrian -1 -1 -10 576.000000 164.000000 612.000000 272.000000 1.736738 0.499552 0.908621 -0.167736 1.479436 11.917876 2.664326 0.993312
Pedestrian -1 -1 -10 554.000000 167.000000 574.000000 222.000000 1.717447 0.610629 0.865041 -1.251875 1.220449 23.487591 -1.659495 0.924512
Pedestrian -1 -1 -10 221.000000 164.000000 277.000000 312.000000 1.667406 0.610221 0.672403 -4.910292 1.268338 9.951486 1.524027 0.785369
Pedestrian -1 -1 -10 823.000000 149.000000 848.000000 248.000000 1.809392 0.679515 0.801579 4.666570 1.048099 13.975621 1.320621 0.479721
Pedestrian -1 -1 -10 528.000000 168.000000 548.000000 219.000000 1.759698 0.650910 0.865484 -2.201437 1.253844 25.121155 -1.720201 0.467611
Pedestrian -1 -1 -10 595.000000 169.000000 615.000000 221.000000 1.764233 0.673391 0.815645 0.217155 1.331861 25.109906 1.592013 0.108792
Pedestrian -1 -1 -10 495.000000 166.000000 511.000000 203.000000 1.752042 0.634916 0.826442 -3.910699 1.219348 28.094780 1.509361 0.087230
Pedestrian -1 -1 -10 578.000000 165.000000 596.000000 225.000000 1.703735 0.636762 0.735614 -0.408509 1.089073 24.241261 0.089677 0.058939
Pedestrian -1 -1 -10 879.000000 151.000000 895.000000 210.000000 1.710642 0.568708 0.560299 5.056387 1.308452 13.002972 -0.662073 0.047262
Pedestrian -1 -1 -10 498.000000 169.000000 523.000000 203.000000 1.714387 0.621699 0.723220 -3.732005 0.959895 28.075525 -2.248075 0.034669
Pedestrian -1 -1 -10 365.000000 187.000000 396.000000 258.000000 1.677266 0.657668 0.658644 -4.047472 1.718369 13.146524 -1.495994 0.032453
Pedestrian -1 -1 -10 494.000000 167.000000 517.000000 223.000000 1.683495 0.602558 0.592194 -1.687324 1.797767 13.329962 2.466323 0.031239
Pedestrian -1 -1 -10 654.000000 160.000000 678.000000 225.000000 1.699844 0.539602 0.557586 2.112599 1.269612 22.923791 -0.907179 0.024435
Pedestrian -1 -1 -10 329.000000 184.000000 358.000000 261.000000 1.735782 0.644668 0.691988 -4.650426 1.767168 13.125124 -1.432264 0.024414
Pedestrian -1 -1 -10 480.000000 169.000000 500.000000 219.000000 1.780229 0.632629 0.798535 -4.419926 1.209237 28.009235 0.412266 0.017905
Pedestrian -1 -1 -10 487.000000 167.000000 506.000000 214.000000 1.724570 0.594639 0.711066 -4.075067 1.183957 28.133968 1.563623 0.016439
Pedestrian -1 -1 -10 490.000000 167.000000 531.000000 247.000000 1.649032 0.772610 0.446467 -1.811846 1.385065 14.447426 1.490661 0.012780
Pedestrian -1 -1 -10 777.000000 147.000000 851.000000 325.000000 1.656440 0.658676 0.885850 2.063778 1.475766 7.539310 2.871044 0.012115
Pedestrian -1 -1 -10 845.000000 159.000000 862.000000 223.000000 1.749382 0.583158 0.866307 5.951132 1.095680 16.733886 0.924139 0.011392
Cyclist -1 -1 -10 490.000000 168.000000 535.000000 260.000000 1.720290 0.577888 1.726423 -1.871649 1.492999 14.209376 1.493425 0.997870
Cyclist -1 -1 -10 528.000000 167.000000 550.000000 219.000000 1.791879 0.661156 1.770696 -2.305437 1.292747 25.278769 -2.065993 0.367709
Cyclist -1 -1 -10 512.000000 168.000000 546.000000 237.000000 1.733189 0.644792 1.574427 -1.837187 1.070910 14.680794 2.064533 0.106324
Cyclist -1 -1 -10 430.000000 163.000000 481.000000 276.000000 1.805589 0.651109 1.766880 -2.581700 1.535804 11.844282 -1.897131 0.062193
Cyclist -1 -1 -10 480.000000 167.000000 500.000000 220.000000 1.765524 0.514765 1.652047 -4.408926 1.313910 28.171869 2.455072 0.043094
Cyclist -1 -1 -10 498.000000 169.000000 523.000000 203.000000 1.698549 0.515770 1.567546 -5.625173 0.589882 42.245518 -1.058997 0.040596
Cyclist -1 -1 -10 494.000000 167.000000 517.000000 223.000000 1.713238 0.489551 1.297275 -2.425293 1.138211 18.225365 0.832788 0.028298
Cyclist -1 -1 -10 647.000000 164.000000 690.000000 227.000000 1.679090 0.578746 1.657049 1.632508 1.550226 18.552711 0.189476 0.027895
Cyclist -1 -1 -10 448.000000 168.000000 495.000000 243.000000 1.755173 0.547322 1.738395 -3.634959 1.398153 19.453010 -1.747555 0.027578
Cyclist -1 -1 -10 751.000000 141.000000 833.000000 324.000000 1.775315 0.585170 1.844318 1.962690 1.410862 7.784914 -1.803859 0.021961
Cyclist -1 -1 -10 577.000000 164.000000 612.000000 272.000000 1.775463 0.613726 1.719193 -0.301595 1.531984 11.929238 -0.719526 0.021584
Cyclist -1 -1 -10 196.000000 168.000000 290.000000 317.000000 1.670861 0.619996 1.666707 -3.207927 1.681484 6.903548 -2.686271 0.017449
Cyclist -1 -1 -10 495.000000 166.000000 511.000000 203.000000 1.738417 0.692663 1.742100 -3.911465 1.136273 28.266085 0.262859 0.016117
Cyclist -1 -1 -10 474.000000 167.000000 513.000000 234.000000 1.699686 0.516604 1.520373 -3.834535 1.558443 23.207779 -1.129889 0.014362
Cyclist -1 -1 -10 487.000000 167.000000 506.000000 214.000000 1.796747 0.643446 1.723389 -4.079508 1.182180 28.242532 0.230689 0.013355
Cyclist -1 -1 -10 650.000000 162.000000 672.000000 216.000000 1.792770 0.630998 1.442945 1.992496 1.363265 23.010530 0.130939 0.010043
