Pedestrian -1 -1 -10 564.000000 138.000000 602.000000 234.000000 1.780750 0.734560 0.876898 -0.550614 0.966257 13.621279 1.344899 0.998068
Pedestrian -1 -1 -10 605.000000 135.000000 638.000000 231.000000 1.789579 0.680489 0.972888 0.251983 0.909308 13.863716 1.217319 0.997351
Pedestrian -1 -1 -10 816.000000 139.000000 903.000000 368.000000 1.827890 0.751434 0.880145 2.023205 1.456846 5.602082 1.414597 0.995139
Pedestrian -1 -1 -10 525.000000 140.000000 559.000000 222.000000 1.774408 0.690883 0.929634 -1.524604 0.927582 15.579029 1.146357 0.987270
Pedestrian -1 -1 -10 893.000000 135.000000 993.000000 351.000000 1.773611 0.628853 0.891689 2.930559 1.394823 6.173470 -1.631412 0.978279
Pedestrian -1 -1 -10 488.000000 138.000000 514.000000 217.000000 1.783005 0.687651 0.893154 -2.447831 0.841550 16.450183 0.970810 0.943724
Pedestrian -1 -1 -10 687.000000 145.000000 703.000000 204.000000 1.784002 0.647021 0.648150 2.769425 0.776766 21.949014 -1.413446 0.862378
Pedestrian -1 -1 -10 520.000000 139.000000 543.000000 215.000000 1.711868 0.583840 0.647651 -1.819451 0.768002 16.407817 2.006963 0.686313
Pedestrian -1 -1 -10 560.000000 142.000000 587.000000 218.000000 1.750771 0.625444 0.734837 -0.907330 0.763777 16.153811 0.053327 0.557077
Pedestrian -1 -1 -10 438.000000 143.000000 469.000000 220.000000 1.755660 0.676583 0.880338 -3.370900 0.890231 15.405047 0.908709 0.444895
Pedestrian -1 -1 -10 252.000000 134.000000 284.000000 253.000000 1.823475 0.703806 0.907185 -5.851179 1.106417 11.879181 2.261693 0.443826
Pedestrian -1 -1 -10 466.000000 143.000000 494.000000 216.000000 1.733454 0.665408 0.848090 -2.915257 0.866220 16.780143 0.984764 0.399055
Pedestrian -1 -1 -10 265.000000 138.000000 302.000000 242.000000 1.795993 0.710805 0.979320 -5.582620 1.099771 11.871383 0.066855 0.344479
Pedestrian -1 -1 -10 543.000000 140.000000 575.000000 214.000000 1.753436 0.603933 0.779808 -0.952442 0.811100 15.865220 0.503117 0.223828
Pedestrian -1 -1 -10 538.000000 143.000000 561.000000 206.000000 1.683280 0.612588 0.624024 -1.562179 1.601116 20.453840 2.444372 0.202825
Pedestrian -1 -1 -10 502.000000 143.000000 519.000000 206.000000 1.749685 0.616853 0.739614 -2.740516 0.391836 21.702954 -1.733685 0.141127
Pedestrian -1 -1 -10 579.000000 139.000000 600.000000 197.000000 1.740950 0.593774 0.785152 -0.452421 0.346121 22.620248 -1.627770 0.122262
Pedestrian -1 -1 -10 547.000000 141.000000 564.000000 191.000000 1.728195 0.549098 0.702133 -2.094921 0.750237 29.078111 0.562362 0.112723
Cyclist -1 -1 -10 436.000000 143.000000 471.000000 232.000000 1.777139 0.563444 1.782772 -3.356382 0.926112 15.322085 1.891554 0.791356
Cyclist -1 -1 -10 402.000000 145.000000 484.000000 223.000000 1.796498 0.620279 1.767118 -3.376370 0.956859 15.290646 1.752335 0.521461
Cyclist -1 -1 -10 276.000000 139.000000 321.000000 226.000000 1.766920 0.577415 1.557263 -7.621343 1.013476 17.573357 -1.298891 0.343450
Cyclist -1 -1 -10 260.000000 135.000000 295.000000 245.000000 1.752298 0.624780 1.764805 -5.580017 1.037786 11.870784 -2.470873 0.210228
Cyclist -1 -1 -10 466.000000 144.000000 490.000000 214.000000 1.781843 0.683359 1.658426 -3.215737 0.921501 17.175808 0.938442 0.201023
Cyclist -1 -1 -10 385.000000 152.000000 452.000000 208.000000 1.775258 0.472139 1.747446 -6.132441 0.738563 23.761040 0.681634 0.165170
Cyclist -1 -1 -10 289.000000 151.000000 350.000000 207.000000 1.706329 0.501514 1.490171 -7.881398 1.256152 19.320862 -1.349412 0.156401
Cyclist -1 -1 -10 327.000000 151.000000 391.000000 199.000000 1.678277 0.498617 1.359728 -4.702490 0.652904 13.258115 0.647433 0.141880
Cyclist -1 -1 -10 363.000000 149.000000 427.000000 205.000000 1.677954 0.514024 1.434748 -6.082646 0.946615 19.686228 -1.906018 0.090996
Cyclist -1 -1 -10 416.000000 145.000000 437.000000 195.000000 1.659449 0.519854 1.725370 -6.119286 0.567813 23.645827 -2.277003 0.069238
Cyclist -1 -1 -10 402.000000 143.000000 427.000000 190.000000 1.685003 0.560205 1.688472 -6.615335 0.472006 23.908309 -2.305873 0.061299
Cyclist -1 -1 -10 521.000000 140.000000 547.000000 213.000000 1.820537 0.580095 1.756856 -1.628544 0.775560 16.305766 -0.995940 0.052965
Cyclist -1 -1 -10 563.000000 140.000000 601.000000 231.000000 1.811699 0.566171 1.775357 -0.523695 0.994444 13.671261 1.460738 0.021509
Cyclist -1 -1 -10 535.000000 141.000000 560.000000 208.000000 1.698437 0.517681 1.598171 -1.201364 1.311046 18.216950 -1.009519 0.020627
Cyclist -1 -1 -10 545.000000 141.000000 562.000000 188.000000 1.715429 0.647054 1.739115 -1.966391 0.565519 29.173299 2.054629 0.016583
Cyclist -1 -1 -10 579.000000 139.000000 600.000000 197.000000 1.735947 0.657689 1.634168 -0.594495 0.222743 22.880086 0.491731 0.015117
