Car -1 -1 -10 743.000000 205.000000 1122.000000 377.000000 1.464725 1.639097 4.064585 2.774390 1.865463 7.482591 -1.672156 0.999520
Car -1 -1 -10 669.000000 195.000000 850.000000 305.000000 1.461734 1.631996 3.900002 2.146441 1.856379 11.896897 -1.736839 0.995461
Car -1 -1 -10 611.000000 182.000000 714.000000 263.000000 1.626104 1.651632 3.839729 0.990348 1.882138 17.252139 -1.721872 0.994511
Car -1 -1 -10 266.000000 202.000000 397.000000 298.000000 1.551215 1.541565 3.637251 -5.127681 2.141630 13.674731 1.410355 0.994266
Car -1 -1 -10 0.000000 212.000000 317.000000 373.000000 1.501635 1.616911 3.970975 -4.193870 1.951918 7.069818 1.421532 0.988410
Car -1 -1 -10 568.000000 186.000000 618.000000 227.000000 1.458933 1.613251 3.978012 -0.858364 2.109687 29.793166 -1.698918 0.984674
Car -1 -1 -10 587.000000 184.000000 660.000000 241.000000 1.528556 1.543714 3.692000 0.321865 1.947529 24.131260 1.692855 0.945755
Car -1 -1 -10 978.000000 212.000000 1247.000000 374.000000 1.518309 1.618196 3.924446 6.005145 1.391604 6.673915 -1.656238 0.929705
Car -1 -1 -10 448.000000 187.000000 479.000000 212.000000 1.549925 1.581524 3.941184 -9.459764 2.475671 46.450234 1.482093 0.887423
Car -1 -1 -10 384.000000 181.000000 457.000000 240.000000 1.832948 1.720996 4.301329 -6.710852 2.186269 25.260477 -1.759601 0.569709
Car -1 -1 -10 559.000000 186.000000 591.000000 214.000000 1.548468 1.592770 3.801549 -1.998318 2.378934 41.195876 -1.707668 0.272375
