Pedestrian -1 -1 -10 652.000000 167.000000 690.000000 280.000000 1.698819 0.601304 0.833496 0.998058 1.449759 11.210030 -1.806281 0.998217
Pedestrian -1 -1 -10 706.000000 164.000000 744.000000 277.000000 1.752390 0.679592 0.981059 1.880868 1.441680 11.395157 -1.512141 0.986167
Pedestrian -1 -1 -10 352.000000 168.000000 395.000000 286.000000 1.686615 0.681232 1.000900 -3.441660 1.471763 10.826643 -1.466431 0.980004
Pedestrian -1 -1 -10 481.000000 172.000000 501.000000 218.000000 1.710979 0.595646 0.855684 -4.059177 1.352880 26.349461 -1.291150 0.362142
Pedestrian -1 -1 -10 742.000000 164.000000 762.000000 220.000000 1.721070 0.650033 0.728780 4.632148 1.168590 22.393113 -1.722097 0.104164
Pedestrian -1 -1 -10 736.000000 162.000000 754.000000 223.000000 1.832893 0.663167 0.774941 4.666622 1.265927 23.844077 2.226640 0.075658
Pedestrian -1 -1 -10 728.000000 161.000000 747.000000 230.000000 1.763866 0.659633 0.778813 4.546918 1.192615 23.834474 -1.425654 0.029765
Cyclist -1 -1 -10 492.000000 166.000000 533.000000 260.000000 1.758048 0.602916 1.776453 -1.863600 1.470618 15.188161 1.683355 0.999065
Cyclist -1 -1 -10 559.000000 170.000000 592.000000 229.000000 1.735789 0.552304 1.780827 -0.790729 1.432919 21.149150 1.800973 0.993981
Cyclist -1 -1 -10 525.000000 167.000000 552.000000 226.000000 1.778013 0.578405 1.796364 -2.162782 1.400668 23.822208 1.426505 0.762865
Cyclist -1 -1 -10 503.000000 167.000000 555.000000 251.000000 1.707678 0.548484 1.732771 -1.841468 1.414203 15.138364 1.706042 0.362454
Cyclist -1 -1 -10 705.000000 162.000000 746.000000 272.000000 1.836682 0.592316 1.748759 1.765828 1.521615 11.410831 -1.712104 0.176090
Cyclist -1 -1 -10 733.000000 164.000000 762.000000 224.000000 1.734181 0.688974 1.733953 4.740314 1.195823 23.519122 1.324358 0.067428
Cyclist -1 -1 -10 479.000000 171.000000 501.000000 218.000000 1.697465 0.588412 1.732633 -4.048254 1.356221 26.453688 -1.234489 0.067099
Cyclist -1 -1 -10 711.000000 168.000000 780.000000 249.000000 1.698736 0.576464 1.625256 3.181206 1.644094 14.300625 -1.265500 0.052915
Cyclist -1 -1 -10 529.000000 170.000000 562.000000 207.000000 1.677954 0.514024 1.434747 -3.352061 1.074969 45.166843 -1.694872 0.045425
Cyclist -1 -1 -10 349.000000 168.000000 395.000000 285.000000 1.825140 0.615481 1.755255 -3.471474 1.569379 10.877209 -1.498386 0.042094
Cyclist -1 -1 -10 487.000000 169.000000 517.000000 231.000000 1.678285 0.538293 1.464190 -2.057431 1.048688 15.316315 -1.750152 0.028988
Cyclist -1 -1 -10 2.000000 145.000000 65.000000 249.000000 1.788785 0.672832 1.652622 -10.791276 1.275423 13.880334 -0.457081 0.014817
Cyclist -1 -1 -10 654.000000 167.000000 692.000000 280.000000 1.807671 0.566377 1.768191 0.995326 1.540774 11.295683 -1.752784 0.013725
