Pedestrian -1 -1 -10 677.000000 140.000000 737.000000 298.000000 1.808306 0.728661 0.917604 1.137410 1.342186 8.572203 1.333520 0.998577
Pedestrian -1 -1 -10 743.000000 144.000000 812.000000 300.000000 1.700215 0.644709 0.723340 1.945387 1.287318 8.241753 1.396180 0.998127
Pedestrian -1 -1 -10 834.000000 143.000000 891.000000 302.000000 1.745329 0.668718 0.750911 2.923057 1.320678 8.162696 1.417734 0.997461
Pedestrian -1 -1 -10 494.000000 141.000000 543.000000 294.000000 1.799353 0.711245 0.970015 -1.188230 1.292177 8.824793 1.029453 0.997406
Pedestrian -1 -1 -10 1012.000000 126.000000 1135.000000 369.000000 1.729956 0.571493 0.756298 2.783222 1.334439 4.263840 1.271963 0.997006
Pedestrian -1 -1 -10 915.000000 137.000000 1070.000000 368.000000 1.673965 0.671043 0.733620 2.172100 1.440317 4.025172 1.141720 0.994570
Pedestrian -1 -1 -10 565.000000 138.000000 613.000000 280.000000 1.815209 0.717108 0.871668 -0.325802 1.247485 9.656450 1.025294 0.993121
Pedestrian -1 -1 -10 910.000000 143.000000 959.000000 297.000000 1.757292 0.601321 0.743594 3.806764 1.296490 8.258178 1.081206 0.992095
Pedestrian -1 -1 -10 632.000000 138.000000 675.000000 266.000000 1.811572 0.650050 0.866055 0.718236 1.253321 10.488881 1.133264 0.991573
Pedestrian -1 -1 -10 534.000000 146.000000 579.000000 283.000000 1.738526 0.686907 0.835854 -0.662304 1.292203 9.433379 0.912066 0.988211
Pedestrian -1 -1 -10 610.000000 159.000000 654.000000 276.000000 1.711548 0.659074 0.655646 0.399307 1.286446 10.069850 0.478162 0.974244
Pedestrian -1 -1 -10 479.000000 140.000000 507.000000 229.000000 1.818639 0.682947 0.801029 -2.317408 1.010904 14.270451 1.017882 0.958942
Pedestrian -1 -1 -10 252.000000 135.000000 295.000000 260.000000 1.797919 0.758048 0.932292 -5.393664 1.099717 11.588269 0.136137 0.632631
Pedestrian -1 -1 -10 591.000000 138.000000 624.000000 224.000000 1.773671 0.617541 0.803988 -0.029707 0.844447 14.683791 1.652090 0.560631
Pedestrian -1 -1 -10 673.000000 146.000000 692.000000 205.000000 1.742409 0.669437 0.661756 2.370756 0.724714 22.314969 -2.030815 0.559443
Pedestrian -1 -1 -10 960.000000 167.000000 988.000000 224.000000 1.716268 0.602530 0.582445 9.075852 1.130639 17.569737 -0.554550 0.447481
Pedestrian -1 -1 -10 917.000000 149.000000 1003.000000 309.000000 1.703574 0.560197 0.709232 2.114465 1.414168 4.021717 0.996366 0.234633
Pedestrian -1 -1 -10 561.000000 142.000000 580.000000 207.000000 1.733233 0.610750 0.686571 -0.746759 0.802923 14.408590 1.068957 0.170175
Pedestrian -1 -1 -10 247.000000 138.000000 345.000000 251.000000 1.788598 0.631005 0.901042 -5.295123 1.112179 12.250077 0.107726 0.117050
Pedestrian -1 -1 -10 653.000000 144.000000 674.000000 222.000000 1.775949 0.663661 0.736750 1.129938 0.962508 15.057697 1.248499 0.096316
Pedestrian -1 -1 -10 490.000000 139.000000 507.000000 203.000000 1.693388 0.532108 0.581354 -1.952586 1.409553 14.645702 2.843834 0.085572
Pedestrian -1 -1 -10 546.000000 145.000000 565.000000 189.000000 1.683280 0.612588 0.624023 -2.697008 0.770778 36.108553 2.452809 0.060669
Pedestrian -1 -1 -10 518.000000 144.000000 537.000000 197.000000 1.637996 0.569636 0.553470 -1.822074 1.319726 17.891656 2.934081 0.058820
Pedestrian -1 -1 -10 495.000000 141.000000 512.000000 185.000000 1.770033 0.604044 0.674443 -5.321011 -0.172818 36.316431 -3.221274 0.038825
Pedestrian -1 -1 -10 285.000000 141.000000 337.000000 227.000000 1.700974 0.616545 0.656944 -6.233176 1.583781 15.354431 -1.487259 0.019787
Pedestrian -1 -1 -10 842.000000 161.000000 887.000000 225.000000 1.697282 0.584717 0.580969 5.534938 1.156866 15.114609 3.407212 0.010039
Cyclist -1 -1 -10 281.000000 142.000000 342.000000 234.000000 1.685013 0.743609 1.711246 -5.811497 0.924155 13.961749 -0.261442 0.876213
Cyclist -1 -1 -10 248.000000 137.000000 310.000000 262.000000 1.783663 0.599388 1.811082 -5.264850 1.132747 11.561404 0.641241 0.599580
Cyclist -1 -1 -10 334.000000 145.000000 381.000000 198.000000 1.677954 0.514024 1.434748 -8.216221 0.556872 23.458671 -1.953970 0.524998
Cyclist -1 -1 -10 300.000000 148.000000 371.000000 208.000000 1.689478 0.491143 1.516193 -6.083035 1.321518 17.074664 -1.279341 0.253021
Cyclist -1 -1 -10 543.000000 147.000000 568.000000 189.000000 1.685810 0.489117 1.345799 -1.114163 0.821591 15.315851 0.899584 0.163404
Cyclist -1 -1 -10 554.000000 145.000000 576.000000 196.000000 1.666326 0.521574 1.453825 -1.668084 0.228810 28.842900 -1.678719 0.045354
Cyclist -1 -1 -10 589.000000 140.000000 621.000000 222.000000 1.807315 0.662516 1.795374 -0.049302 0.907748 14.749104 1.585607 0.036647
Cyclist -1 -1 -10 478.000000 139.000000 507.000000 231.000000 1.822835 0.638685 1.745108 -2.273280 0.990123 14.352814 1.450677 0.022863
Cyclist -1 -1 -10 513.000000 143.000000 534.000000 187.000000 1.672316 0.527087 1.523731 -3.629583 1.208587 33.287101 -1.711605 0.020345
Cyclist -1 -1 -10 494.000000 140.000000 512.000000 187.000000 1.772711 0.664050 1.665532 -5.493821 -0.278470 36.644750 -3.249920 0.013190
Cyclist -1 -1 -10 493.000000 140.000000 539.000000 291.000000 1.851856 0.624490 1.777163 -1.175995 1.386399 8.981646 1.515895 0.011588
Cyclist -1 -1 -10 569.000000 139.000000 615.000000 265.000000 1.847562 0.704295 1.795557 -0.247812 1.277757 9.696595 1.486366 0.011215
Cyclist -1 -1 -10 960.000000 167.000000 989.000000 225.000000 1.685371 0.556051 1.555252 9.123016 1.038001 17.664498 2.619874 0.011006
