Pedestrian -1 -1 -10 774.000000 166.000000 790.000000 210.000000 1.786251 0.617748 0.892317 12.183874 1.593159 51.046110 -0.856693 0.028457
Pedestrian -1 -1 -10 739.000000 183.000000 843.000000 253.000000 1.671673 0.714199 0.942824 3.461315 1.817909 15.279833 0.262602 0.010542
Car -1 -1 -10 421.000000 184.000000 508.000000 238.000000 1.536830 1.575381 3.614883 -4.255310 1.873967 21.620951 1.571127 0.999528
Car -1 -1 -10 776.000000 180.000000 964.000000 291.000000 1.561540 1.602228 3.674417 4.015443 1.704645 11.677395 -1.608934 0.998144
Car -1 -1 -10 713.000000 179.000000 786.000000 232.000000 1.527158 1.603051 3.820402 4.205603 1.735124 22.442430 -1.510375 0.997187
Car -1 -1 -10 471.000000 182.000000 532.000000 224.000000 1.498838 1.608119 3.885241 -3.911033 1.942478 27.464019 1.645543 0.994792
Car -1 -1 -10 739.000000 181.000000 846.000000 253.000000 1.478514 1.626433 3.868351 4.015926 1.699902 16.802923 -1.513249 0.994617
Car -1 -1 -10 895.000000 199.000000 1235.000000 375.000000 1.506466 1.668280 4.060505 3.963354 1.812766 5.810975 -1.553225 0.977104
Car -1 -1 -10 694.000000 177.000000 745.000000 218.000000 1.536613 1.571538 3.724446 4.277519 1.775453 27.574861 -1.584582 0.973368
Car -1 -1 -10 503.000000 182.000000 550.000000 215.000000 1.447824 1.586399 3.951925 -3.732082 1.912799 32.777361 1.620451 0.928443
Car -1 -1 -10 687.000000 175.000000 721.000000 207.000000 1.591010 1.653453 3.964667 4.956430 1.785417 38.461044 -1.526271 0.150468
Car -1 -1 -10 1004.000000 172.000000 1095.000000 213.000000 1.510081 1.635117 3.984258 17.604878 1.478448 29.718694 1.668131 0.023057
Car -1 -1 -10 947.000000 173.000000 1027.000000 205.000000 1.563879 1.633513 3.866850 18.934058 1.389058 37.428526 3.614106 0.017930
