Car -1 -1 -10 714.000000 181.000000 878.000000 289.000000 1.453037 1.646823 4.042159 2.767212 1.568637 11.711804 -1.631829 0.999705
Car -1 -1 -10 -6.000000 193.000000 331.000000 336.000000 1.485464 1.605724 4.124642 -6.013957 1.772419 8.922456 -3.111870 0.998180
Car -1 -1 -10 670.000000 171.000000 724.000000 216.000000 1.498434 1.597575 3.668830 3.158772 1.584514 26.728489 -1.561189 0.997019
Car -1 -1 -10 164.000000 181.000000 390.000000 272.000000 1.552450 1.602678 3.990018 -6.556416 1.756719 14.217500 0.089511 0.979299
Car -1 -1 -10 361.000000 180.000000 498.000000 226.000000 1.535924 1.621700 3.893263 -5.674600 1.729384 23.511155 -0.135150 0.955812
Car -1 -1 -10 6.000000 196.000000 179.000000 372.000000 1.463478 1.604310 3.878606 -6.272875 1.722222 6.502105 -3.117095 0.878189
Car -1 -1 -10 462.000000 174.000000 546.000000 204.000000 1.520420 1.602849 3.790011 -3.669543 1.473478 40.797723 -0.237258 0.821446
Car -1 -1 -10 425.000000 177.000000 526.000000 209.000000 1.563654 1.609014 3.642821 -5.918742 1.824772 36.116273 -3.298676 0.674132
Car -1 -1 -10 303.000000 183.000000 464.000000 235.000000 1.582202 1.621210 3.918116 -6.358731 1.791312 21.077714 -0.897379 0.372805
Car -1 -1 -10 656.000000 172.000000 692.000000 198.000000 1.437363 1.514489 3.088031 2.440479 1.657240 25.612432 0.937999 0.064796
Car -1 -1 -10 1.000000 206.000000 119.000000 323.000000 1.510945 1.538245 3.763483 -5.177840 1.385327 9.304392 0.200047 0.050717
Car -1 -1 -10 265.000000 182.000000 393.000000 230.000000 1.597135 1.637891 3.896866 -7.537404 1.741890 20.105883 -3.130698 0.049206
