Pedestrian -1 -1 -10 522.000000 165.000000 535.000000 204.000000 1.687522 0.603318 0.679769 -3.393438 0.991622 30.499625 -2.237658 0.697773
Pedestrian -1 -1 -10 413.000000 166.000000 429.000000 210.000000 1.757753 0.674655 0.679399 -7.487759 1.235994 28.961401 -1.769627 0.544681
Pedestrian -1 -1 -10 299.000000 175.000000 310.000000 213.000000 1.718736 0.581968 0.689791 -14.006227 1.525005 32.853315 -2.555841 0.174576
Pedestrian -1 -1 -10 293.000000 175.000000 307.000000 216.000000 1.779022 0.589331 0.871466 -14.079588 1.675034 32.613275 0.295770 0.057486
Pedestrian -1 -1 -10 419.000000 167.000000 440.000000 211.000000 1.705486 0.624492 0.674950 -6.939877 1.209019 27.807031 0.795585 0.035378
Pedestrian -1 -1 -10 429.000000 166.000000 444.000000 209.000000 1.697973 0.639096 0.651143 -6.315776 1.999650 27.124322 2.314161 0.012419
Car -1 -1 -10 463.000000 173.000000 531.000000 222.000000 1.461865 1.603041 3.719702 -3.502843 1.228407 23.303213 -1.600369 0.998676
Car -1 -1 -10 988.000000 149.000000 1084.000000 181.000000 1.629249 1.635081 3.900361 23.981994 0.021106 39.561967 -0.016033 0.558445
Car -1 -1 -10 907.000000 159.000000 987.000000 184.000000 1.525274 1.644669 4.030551 18.997367 0.343990 39.192046 3.481945 0.332658
Car -1 -1 -10 481.000000 171.000000 524.000000 202.000000 1.569712 1.615266 3.803554 -4.774798 0.875497 31.085017 2.495194 0.019818
Cyclist -1 -1 -10 617.000000 161.000000 653.000000 196.000000 1.713906 0.638103 1.770649 1.602051 0.628948 39.285545 0.080177 0.998902
Cyclist -1 -1 -10 722.000000 154.000000 769.000000 200.000000 1.732860 0.773513 1.857310 6.196530 0.703153 31.530224 3.298333 0.997610
Cyclist -1 -1 -10 318.000000 170.000000 361.000000 222.000000 1.804906 0.556204 1.722373 -9.556886 1.448023 25.008858 -1.390443 0.967934
Cyclist -1 -1 -10 783.000000 149.000000 838.000000 201.000000 1.747673 0.612831 1.754099 7.689088 0.705095 27.372551 0.386169 0.136972
