Pedestrian -1 -1 -10 898.000000 166.000000 924.000000 225.000000 1.674162 0.643865 0.984996 8.414251 1.462176 20.274742 -1.593786 0.879946
Pedestrian -1 -1 -10 871.000000 164.000000 894.000000 227.000000 1.683057 0.577073 0.604253 8.466902 1.734600 21.488352 2.507693 0.586336
Pedestrian -1 -1 -10 754.000000 172.000000 766.000000 208.000000 1.661615 0.605792 0.788506 6.781728 1.478968 32.851327 -1.797695 0.050954
Pedestrian -1 -1 -10 879.000000 167.000000 915.000000 225.000000 1.774067 0.744343 0.952860 7.954115 1.394340 20.121072 -1.518529 0.050247
Pedestrian -1 -1 -10 854.000000 164.000000 888.000000 233.000000 1.660511 0.643916 0.747184 5.714387 1.355610 16.374196 -1.599887 0.015479
Pedestrian -1 -1 -10 904.000000 175.000000 930.000000 215.000000 1.733932 0.638251 0.826876 21.368637 3.308585 48.707654 -1.258159 0.010325
Car -1 -1 -10 895.000000 170.000000 927.000000 224.000000 1.648291 1.609953 3.818141 8.659765 1.690993 21.032463 -1.122022 0.019702
Cyclist -1 -1 -10 836.000000 159.000000 882.000000 238.000000 1.740713 0.557591 1.750419 5.674462 1.455099 16.646404 -1.589930 0.999224
Cyclist -1 -1 -10 896.000000 169.000000 925.000000 224.000000 1.691027 0.479056 1.693113 8.377289 1.559410 20.420175 -1.632973 0.707442
Cyclist -1 -1 -10 863.000000 166.000000 894.000000 229.000000 1.693894 0.362977 0.988427 8.669516 1.800118 22.260178 1.371088 0.549375
Cyclist -1 -1 -10 754.000000 172.000000 766.000000 208.000000 1.746972 0.529437 1.731876 6.788209 1.549018 33.102103 -1.763663 0.090381
Cyclist -1 -1 -10 878.000000 166.000000 910.000000 224.000000 1.784448 0.596277 1.685554 7.825792 1.412743 20.331536 -1.236644 0.023916
