Car -1 -1 -10 266.000000 192.000000 434.000000 293.000000 1.442066 1.558312 3.663340 -4.019622 1.538882 11.706423 -1.599637 0.999707
Car -1 -1 -10 561.000000 178.000000 602.000000 215.000000 1.542335 1.616919 3.729993 -1.275790 1.242682 33.060054 -1.615337 0.999542
Car -1 -1 -10 -2.000000 180.000000 311.000000 372.000000 1.532761 1.632455 3.851825 -3.244372 1.602250 3.999644 -1.617527 0.981974
Car -1 -1 -10 204.000000 184.000000 321.000000 246.000000 1.467019 1.596493 3.747478 -8.819149 1.467529 18.957441 -1.559548 0.977686
Car -1 -1 -10 291.000000 178.000000 347.000000 213.000000 1.532662 1.597536 3.812475 -13.135531 1.254452 33.188767 -1.813883 0.456474
Car -1 -1 -10 182.000000 182.000000 265.000000 225.000000 1.492741 1.584104 3.739284 -12.909331 1.377192 24.987471 -1.516183 0.210014
Car -1 -1 -10 21.000000 187.000000 253.000000 284.000000 1.478877 1.593126 3.807088 -7.976973 1.461860 12.189912 -1.593400 0.050692
Car -1 -1 -10 394.000000 190.000000 431.000000 220.000000 1.532313 1.559968 3.861414 -8.193947 1.696443 29.326892 1.532587 0.033042
Car -1 -1 -10 410.000000 187.000000 445.000000 214.000000 1.566045 1.562670 3.635890 -9.126245 1.459425 34.770693 1.481519 0.026857
Car -1 -1 -10 105.000000 190.000000 244.000000 254.000000 1.498815 1.612158 3.825717 -8.233626 1.511222 12.502258 -1.557112 0.022648
Car -1 -1 -10 428.000000 182.000000 470.000000 208.000000 1.596438 1.662129 3.881844 -8.961499 1.214263 41.128767 1.391370 0.012660
