Pedestrian -1 -1 -10 525.000000 180.000000 616.000000 348.000000 1.701307 0.581928 0.913730 -0.377619 1.686134 7.079679 3.066954 0.997591
Pedestrian -1 -1 -10 784.000000 173.000000 867.000000 372.000000 1.656790 0.626470 0.914105 1.842472 1.680028 5.887127 -0.270735 0.996788
Pedestrian -1 -1 -10 767.000000 138.000000 827.000000 356.000000 1.794334 0.621521 0.760570 1.988861 1.395022 7.385843 2.839182 0.974213
Pedestrian -1 -1 -10 752.000000 160.000000 842.000000 286.000000 1.763246 0.635592 0.685307 2.967788 1.199350 11.642876 0.314761 0.450481
Pedestrian -1 -1 -10 1099.000000 140.000000 1236.000000 370.000000 1.741308 0.579997 0.811901 2.860574 1.398485 3.647087 3.244256 0.112095
Pedestrian -1 -1 -10 913.000000 167.000000 930.000000 209.000000 1.714726 0.584972 0.587367 8.819176 1.194056 19.650406 -0.639587 0.047966
Car -1 -1 -10 724.000000 165.000000 1000.000000 265.000000 1.743847 1.720585 4.130300 4.422333 1.376494 12.810509 -0.226042 0.752335
Car -1 -1 -10 738.000000 166.000000 881.000000 300.000000 1.623897 1.613636 3.728350 3.999138 1.301513 12.594371 -0.219116 0.228379
Cyclist -1 -1 -10 750.000000 167.000000 861.000000 291.000000 1.738511 0.718518 1.810305 3.210391 1.197366 11.732957 -0.217401 0.074857
Cyclist -1 -1 -10 1085.000000 155.000000 1234.000000 371.000000 1.633116 0.456184 1.698497 2.866589 1.256015 3.390177 1.799812 0.031541
