Car -1 -1 -10 805.000000 178.000000 1088.000000 370.000000 1.516428 1.589644 3.534961 2.931216 1.610847 7.167144 -1.505479 0.999705
Car -1 -1 -10 104.000000 203.000000 333.000000 324.000000 1.540281 1.600899 3.763248 -6.015013 2.033335 11.585898 1.574395 0.999169
Car -1 -1 -10 455.000000 187.000000 501.000000 219.000000 1.496888 1.561745 3.686478 -6.287117 2.104011 34.298231 1.594136 0.989953
Car -1 -1 -10 644.000000 175.000000 685.000000 206.000000 1.514409 1.634592 3.873899 2.792568 1.684154 37.974945 -1.592923 0.986985
Car -1 -1 -10 476.000000 185.000000 517.000000 213.000000 1.476299 1.536798 3.736669 -6.261415 2.113466 39.632269 1.612477 0.749699
Car -1 -1 -10 202.000000 197.000000 270.000000 223.000000 1.591289 1.655923 3.983828 -21.087166 2.894329 41.139559 -1.576468 0.457259
Car -1 -1 -10 170.000000 200.000000 226.000000 226.000000 1.541389 1.637685 3.859404 -23.576740 2.992602 41.676998 -1.464598 0.365914
Car -1 -1 -10 254.000000 195.000000 318.000000 227.000000 1.544534 1.595075 3.973952 -18.070380 2.773067 41.139761 1.635836 0.299737
Car -1 -1 -10 498.000000 180.000000 531.000000 205.000000 1.628491 1.664238 4.055932 -7.106892 2.030159 47.213004 -3.176403 0.059084
Car -1 -1 -10 137.000000 201.000000 187.000000 228.000000 1.515931 1.525541 3.419581 -25.369778 3.110125 41.927316 -1.572183 0.035720
Cyclist -1 -1 -10 868.000000 176.000000 953.000000 228.000000 1.699120 0.330611 0.981622 9.204545 1.450687 21.512444 -1.124566 0.217364
