Pedestrian -1 -1 -10 307.000000 187.000000 327.000000 218.000000 1.694064 0.627974 0.877643 -15.409096 2.343410 38.170936 -3.419317 0.128766
Pedestrian -1 -1 -10 289.000000 192.000000 302.000000 222.000000 1.625156 0.567591 0.572095 -7.109622 1.438026 16.794983 -0.346798 0.072784
Pedestrian -1 -1 -10 314.000000 191.000000 334.000000 218.000000 1.718045 0.670151 0.868038 -15.342656 2.603488 38.307289 -0.769828 0.029154
Pedestrian -1 -1 -10 280.000000 188.000000 342.000000 220.000000 1.743486 0.634314 0.898266 -15.474309 2.399741 38.042174 -3.487137 0.016852
Pedestrian -1 -1 -10 285.000000 190.000000 296.000000 217.000000 1.788415 0.685483 0.460502 -20.415260 2.881494 45.458542 -2.004106 0.011132
Car -1 -1 -10 109.000000 194.000000 323.000000 294.000000 1.485842 1.653082 4.141296 -6.827523 1.886755 13.043592 1.537998 0.998808
Car -1 -1 -10 441.000000 179.000000 590.000000 232.000000 1.600496 1.628010 4.237224 -2.830561 1.759544 21.901348 2.346226 0.949689
Cyclist -1 -1 -10 306.000000 187.000000 328.000000 218.000000 1.748752 0.648224 1.723939 -15.519275 2.378517 38.275971 2.714244 0.576718
Cyclist -1 -1 -10 280.000000 188.000000 342.000000 220.000000 1.695041 0.696696 1.708011 -15.641544 2.294236 38.124295 2.680271 0.118681
Cyclist -1 -1 -10 287.000000 191.000000 299.000000 222.000000 1.689844 0.507646 1.576027 -20.234418 2.659853 45.330920 -1.413415 0.019631
Cyclist -1 -1 -10 314.000000 191.000000 334.000000 218.000000 1.699017 0.734091 1.779047 -15.365309 2.454810 38.309342 2.696125 0.015380
Cyclist -1 -1 -10 276.000000 193.000000 310.000000 225.000000 1.637004 0.493361 1.637664 -12.614713 2.151598 28.631178 -1.557484 0.011967
