Car -1 -1 -10 709.000000 189.000000 872.000000 297.000000 1.466050 1.633500 3.849632 2.703936 1.736906 11.722746 -1.641734 0.999678
Car -1 -1 -10 3.000000 185.000000 320.000000 305.000000 1.558044 1.644605 4.101730 -6.483291 1.743634 10.222452 0.062187 0.999218
Car -1 -1 -10 662.000000 176.000000 730.000000 236.000000 1.560345 1.651556 3.957532 2.564364 1.757256 22.705338 -1.558500 0.997342
Car -1 -1 -10 322.000000 181.000000 480.000000 238.000000 1.530998 1.549763 3.881863 -6.371061 1.861067 21.991082 0.113302 0.978234
Car -1 -1 -10 182.000000 166.000000 411.000000 261.000000 1.742506 1.706774 4.009512 -6.430594 1.749203 15.199171 -3.108934 0.941797
Car -1 -1 -10 647.000000 180.000000 702.000000 222.000000 1.508170 1.637077 3.887972 2.633192 1.893188 28.663473 -1.572143 0.619315
Car -1 -1 -10 388.000000 182.000000 504.000000 221.000000 1.565105 1.658490 3.945438 -6.454867 1.868903 31.906446 -3.220629 0.336185
Car -1 -1 -10 485.000000 180.000000 547.000000 205.000000 1.513832 1.589768 3.864199 -6.016177 2.262712 47.677283 -3.225413 0.118980
Car -1 -1 -10 -3.000000 186.000000 128.000000 263.000000 1.524240 1.504203 3.205061 -18.546621 1.599875 24.110255 0.934634 0.115313
Car -1 -1 -10 438.000000 180.000000 526.000000 214.000000 1.443472 1.600695 3.966561 -5.718767 2.226454 34.801709 1.948972 0.113859
Car -1 -1 -10 639.000000 177.000000 679.000000 211.000000 1.558923 1.585578 3.723528 2.374160 1.796539 37.807272 -1.629923 0.097555
