Car -1 -1 -10 775.000000 175.000000 923.000000 235.000000 1.475498 1.559674 3.757348 6.201757 1.556522 18.947108 -2.096251 0.997109
Car -1 -1 -10 629.000000 175.000000 681.000000 211.000000 1.464340 1.564195 3.431550 1.896570 1.621902 31.061546 -1.718659 0.994923
Car -1 -1 -10 349.000000 175.000000 481.000000 216.000000 1.505643 1.603390 3.781928 -6.557878 1.570970 28.239386 -2.498415 0.993972
Car -1 -1 -10 0.000000 173.000000 259.000000 300.000000 1.614840 1.648252 3.815284 -6.960394 1.680917 10.249663 -3.142934 0.931460
Car -1 -1 -10 131.000000 178.000000 337.000000 276.000000 1.540466 1.610497 3.976785 -7.060793 1.655239 12.162911 -3.208235 0.801452
Car -1 -1 -10 301.000000 175.000000 439.000000 229.000000 1.493518 1.605521 3.873935 -7.578147 1.594425 22.034764 -3.044354 0.374546
Car -1 -1 -10 430.000000 174.000000 519.000000 201.000000 1.559903 1.644377 3.962014 -8.055615 1.750788 43.356526 -3.208039 0.258158
Car -1 -1 -10 165.000000 163.000000 419.000000 256.000000 1.826545 1.760017 4.198783 -6.541279 1.619267 14.709101 -3.148059 0.192079
Car -1 -1 -10 612.000000 173.000000 654.000000 201.000000 1.529081 1.603952 4.051369 1.133563 1.610660 40.948876 -1.634070 0.134300
Car -1 -1 -10 398.000000 173.000000 495.000000 207.000000 1.526724 1.604612 3.843936 -7.336908 1.640383 34.246585 -3.105028 0.068824
Car -1 -1 -10 320.000000 192.000000 404.000000 222.000000 1.521245 1.506236 3.250103 -5.536411 1.804374 17.108905 -1.211689 0.053634
