Pedestrian -1 -1 -10 458.000000 172.000000 468.000000 200.000000 1.714717 0.658104 0.602799 -7.231345 1.167390 34.782398 -1.239854 0.134459
Car -1 -1 -10 430.000000 180.000000 499.000000 232.000000 1.506012 1.615545 3.854117 -4.687050 1.785401 23.469353 1.511088 0.999181
Car -1 -1 -10 683.000000 178.000000 774.000000 250.000000 1.512719 1.651277 4.039644 2.610224 1.658587 16.888892 -1.583217 0.999094
Car -1 -1 -10 761.000000 185.000000 973.000000 331.000000 1.489331 1.565073 3.398583 3.033671 1.667151 9.182353 -1.598809 0.998315
Car -1 -1 -10 837.000000 199.000000 1262.000000 376.000000 1.499470 1.601698 3.770491 2.938935 1.704940 4.719703 -1.534035 0.979161
Car -1 -1 -10 667.000000 178.000000 733.000000 231.000000 1.519124 1.598686 3.641284 2.765991 1.664273 23.046895 -1.570077 0.978970
Car -1 -1 -10 466.000000 173.000000 520.000000 221.000000 1.724253 1.622036 3.888032 -4.760295 1.755925 28.976902 1.555339 0.969525
Car -1 -1 -10 1.000000 205.000000 242.000000 376.000000 1.529021 1.626633 3.916439 -4.396462 1.820282 5.232976 1.535742 0.935582
Car -1 -1 -10 175.000000 177.000000 325.000000 240.000000 1.528383 1.615150 4.075475 -9.651396 1.611749 18.878471 0.071640 0.929977
Car -1 -1 -10 650.000000 176.000000 696.000000 212.000000 1.537210 1.595965 3.766057 2.760684 1.713148 31.612915 -1.570716 0.909555
Car -1 -1 -10 494.000000 174.000000 535.000000 212.000000 1.556388 1.633554 3.954411 -4.567841 1.858936 34.219119 1.542950 0.588289
