Pedestrian -1 -1 -10 579.000000 158.000000 606.000000 234.000000 1.737651 0.634085 1.015422 -0.235824 1.181208 16.936545 -1.550142 0.994561
Pedestrian -1 -1 -10 146.000000 167.000000 229.000000 360.000000 1.725712 0.577892 0.712166 -3.655216 1.568415 6.243889 0.044802 0.993083
Pedestrian -1 -1 -10 1005.000000 153.000000 1074.000000 304.000000 1.633705 0.677832 0.726692 4.831585 1.312361 7.903675 -0.526519 0.951607
Pedestrian -1 -1 -10 809.000000 155.000000 851.000000 251.000000 1.714615 0.623922 0.799315 4.023585 1.183475 12.621871 -1.676688 0.918313
Pedestrian -1 -1 -10 548.000000 158.000000 573.000000 220.000000 1.783331 0.685125 0.904633 -1.204145 1.081333 21.005367 1.388582 0.856483
Pedestrian -1 -1 -10 397.000000 162.000000 466.000000 301.000000 1.656491 0.788238 0.601648 -2.296867 1.387240 9.465458 1.498556 0.823267
Pedestrian -1 -1 -10 0.000000 188.000000 109.000000 374.000000 1.738675 0.647364 0.774920 -2.701119 1.657330 3.266950 -2.314257 0.619444
Pedestrian -1 -1 -10 606.000000 159.000000 622.000000 204.000000 1.758803 0.635888 0.789396 0.473589 0.947643 29.061585 -2.137550 0.516928
Pedestrian -1 -1 -10 1057.000000 148.000000 1085.000000 239.000000 1.693851 0.524262 0.573541 8.168953 1.540675 11.936101 3.577290 0.339631
Pedestrian -1 -1 -10 503.000000 156.000000 524.000000 231.000000 1.770292 0.672882 0.730597 -2.285952 1.200602 18.177644 1.934159 0.250864
Pedestrian -1 -1 -10 621.000000 158.000000 635.000000 204.000000 1.701431 0.621748 0.802189 1.109230 0.866643 28.131426 -1.133475 0.237378
Pedestrian -1 -1 -10 575.000000 159.000000 592.000000 211.000000 1.782393 0.686141 0.660201 -0.816889 0.785895 29.627747 0.121222 0.087183
Pedestrian -1 -1 -10 678.000000 154.000000 699.000000 207.000000 1.843365 0.588114 0.671789 3.977576 0.906600 31.052278 -0.893437 0.082397
Pedestrian -1 -1 -10 697.000000 153.000000 751.000000 239.000000 1.758039 0.624395 0.917487 2.498719 1.232232 14.618939 2.789993 0.058731
Pedestrian -1 -1 -10 592.000000 159.000000 608.000000 213.000000 1.661049 0.512468 0.565342 -0.051807 0.816456 27.892391 2.546669 0.052099
Pedestrian -1 -1 -10 665.000000 156.000000 683.000000 200.000000 1.773040 0.621075 0.703644 3.236984 0.634768 31.754240 -2.501590 0.021452
Car -1 -1 -10 1.000000 196.000000 106.000000 373.000000 1.494570 1.607994 3.830993 -4.123223 1.200436 3.908679 -2.233161 0.012078
Cyclist -1 -1 -10 697.000000 152.000000 754.000000 241.000000 1.740494 0.612898 1.845517 2.443806 1.209182 14.521703 1.291707 0.981015
Cyclist -1 -1 -10 394.000000 160.000000 468.000000 306.000000 1.733156 0.582603 1.766519 -2.305834 1.455800 9.413497 1.470997 0.975865
Cyclist -1 -1 -10 124.000000 172.000000 242.000000 334.000000 1.728856 0.530786 1.663733 -3.724233 1.470877 6.374076 -1.575160 0.940150
Cyclist -1 -1 -10 925.000000 187.000000 1067.000000 371.000000 1.629043 0.537591 1.671922 2.684076 1.674668 5.399988 3.140449 0.935016
Cyclist -1 -1 -10 982.000000 160.000000 1070.000000 320.000000 1.726588 0.538314 1.701103 4.761903 1.366135 8.055518 -1.519883 0.760731
Cyclist -1 -1 -10 0.000000 192.000000 112.000000 375.000000 1.672734 0.658502 1.695809 -2.943698 1.432448 3.194315 2.472427 0.395092
Cyclist -1 -1 -10 677.000000 156.000000 698.000000 206.000000 1.742360 0.514464 1.399953 2.932024 1.407117 26.428798 -0.802944 0.239551
Cyclist -1 -1 -10 666.000000 156.000000 689.000000 205.000000 1.723765 0.607107 1.570263 2.185255 1.343831 24.189645 -0.801515 0.178395
Cyclist -1 -1 -10 808.000000 151.000000 862.000000 322.000000 1.710189 0.660445 1.590783 1.862579 1.738729 6.186466 -1.263333 0.147122
Cyclist -1 -1 -10 816.000000 164.000000 901.000000 359.000000 1.684698 0.530539 1.739138 2.157750 1.571444 5.561240 -1.609647 0.108285
