Car -1 -1 -10 581.000000 177.000000 622.000000 214.000000 1.556008 1.639216 3.800631 -0.268614 1.220736 33.071319 -1.582128 0.999718
Car -1 -1 -10 284.000000 184.000000 467.000000 296.000000 1.489284 1.607150 3.803019 -3.553626 1.490360 11.703906 -1.553276 0.999418
Car -1 -1 -10 476.000000 184.000000 540.000000 228.000000 1.411590 1.610954 3.957382 -3.310906 1.365142 23.965692 -1.579078 0.998809
Car -1 -1 -10 241.000000 183.000000 358.000000 247.000000 1.460761 1.622877 3.891875 -7.442398 1.540521 18.596916 -1.469169 0.992947
Car -1 -1 -10 -1.000000 174.000000 244.000000 298.000000 1.705672 1.637373 3.935248 -7.711025 1.548680 11.748444 -1.561813 0.992460
Car -1 -1 -10 145.000000 182.000000 269.000000 237.000000 1.529424 1.634707 3.766619 -11.561711 1.545689 20.265822 -1.571303 0.809160
Car -1 -1 -10 438.000000 179.000000 481.000000 209.000000 1.581576 1.647548 4.082565 -7.767958 1.284721 37.942661 -1.714491 0.366449
Car -1 -1 -10 486.000000 181.000000 535.000000 208.000000 1.524240 1.504203 3.205061 -4.112087 1.114473 38.207501 1.448518 0.208927
Car -1 -1 -10 232.000000 183.000000 309.000000 220.000000 1.557808 1.625119 3.920811 -12.203694 1.175451 26.969700 -1.425508 0.146933
Car -1 -1 -10 578.000000 177.000000 609.000000 202.000000 1.517074 1.597533 3.877909 -0.188598 0.936135 32.980408 -1.550885 0.084710
Car -1 -1 -10 293.000000 183.000000 397.000000 233.000000 1.615569 1.603278 3.856784 -12.673250 1.249259 37.113135 0.151429 0.021830
