Car -1 -1 -10 724.000000 170.000000 905.000000 313.000000 1.638050 1.667670 4.014810 2.670047 1.679023 10.592755 -1.609159 0.998085
Car -1 -1 -10 682.000000 182.000000 773.000000 256.000000 1.449400 1.629732 4.006345 2.668835 1.681614 16.560407 -1.606000 0.993646
Car -1 -1 -10 17.000000 194.000000 326.000000 308.000000 1.562096 1.616354 3.949071 -6.227306 1.771046 10.597710 -3.222682 0.992919
Car -1 -1 -10 642.000000 179.000000 677.000000 205.000000 1.494105 1.548646 3.625135 2.565910 1.809081 39.423228 -1.563278 0.989468
Car -1 -1 -10 658.000000 173.000000 712.000000 225.000000 1.587075 1.601600 3.666792 2.617374 1.641111 25.661763 -1.632419 0.970136
Car -1 -1 -10 125.000000 192.000000 370.000000 280.000000 1.467296 1.597268 3.963188 -6.363321 1.747061 13.397842 -3.101817 0.865140
Car -1 -1 -10 2.000000 213.000000 109.000000 376.000000 1.460531 1.629476 4.033026 -6.136831 1.834713 6.365727 0.518757 0.604351
Car -1 -1 -10 388.000000 186.000000 494.000000 225.000000 1.447298 1.560147 3.695236 -5.382493 1.750270 27.999641 0.935018 0.357189
Car -1 -1 -10 1.000000 201.000000 207.000000 354.000000 1.498877 1.543291 3.909562 -6.418354 1.765617 7.653567 -3.244094 0.316227
Car -1 -1 -10 432.000000 178.000000 526.000000 212.000000 1.498866 1.592481 3.906198 -5.848679 1.970672 35.462109 0.885775 0.287013
Car -1 -1 -10 792.000000 174.000000 902.000000 256.000000 1.493020 1.601443 3.904074 7.156506 1.726078 14.567701 -1.759062 0.093408
