Car -1 -1 -10 387.000000 189.000000 472.000000 239.000000 1.442431 1.607397 3.969166 -5.818244 2.046513 24.007032 1.617157 0.998128
Car -1 -1 -10 264.000000 195.000000 405.000000 270.000000 1.488662 1.610369 3.980530 -5.986709 2.033573 16.401632 1.560984 0.998053
Car -1 -1 -10 699.000000 176.000000 792.000000 239.000000 1.440861 1.621178 3.949563 3.137203 1.535534 18.366223 -1.587421 0.997554
Car -1 -1 -10 64.000000 205.000000 309.000000 336.000000 1.461116 1.568395 3.642731 -5.946794 1.985036 10.491085 1.580299 0.997403
Car -1 -1 -10 678.000000 176.000000 749.000000 227.000000 1.534222 1.613824 3.785699 3.165791 1.590137 23.786053 -1.568545 0.992361
Car -1 -1 -10 991.000000 136.000000 1242.000000 233.000000 1.526531 1.599535 4.027198 9.170932 0.963913 12.304281 3.179353 0.982678
Car -1 -1 -10 659.000000 177.000000 711.000000 212.000000 1.483705 1.594092 3.826479 3.262538 1.734452 33.696876 1.525035 0.914674
Car -1 -1 -10 824.000000 155.000000 992.000000 215.000000 1.568543 1.665428 4.084537 8.395411 1.137560 20.175715 3.094774 0.870403
Car -1 -1 -10 895.000000 151.000000 1082.000000 218.000000 1.569591 1.611406 4.051221 9.132091 1.077570 17.356340 3.126353 0.867261
Car -1 -1 -10 1.000000 227.000000 125.000000 372.000000 1.470949 1.614047 3.824241 -5.878150 1.996856 5.837294 1.559566 0.828370
Car -1 -1 -10 437.000000 186.000000 497.000000 226.000000 1.479351 1.559956 3.670407 -5.789775 2.087930 29.707362 1.596823 0.729049
Car -1 -1 -10 483.000000 184.000000 528.000000 213.000000 1.541142 1.569806 3.882153 -5.710687 2.101718 39.004089 1.678646 0.608156
Car -1 -1 -10 646.000000 179.000000 691.000000 206.000000 1.512914 1.620554 3.799799 3.544881 1.824067 38.741586 1.531794 0.336827
Car -1 -1 -10 219.000000 190.000000 302.000000 226.000000 1.560510 1.393413 2.786361 -13.077420 2.031723 28.973010 -2.053096 0.023628
