Car -1 -1 -10 721.000000 180.000000 808.000000 254.000000 1.554667 1.597917 3.649208 3.511301 1.816777 17.355808 -1.523363 0.998975
Car -1 -1 -10 173.000000 185.000000 441.000000 268.000000 1.552242 1.655268 4.154005 -5.665539 1.724518 14.311776 0.120896 0.994708
Car -1 -1 -10 312.000000 182.000000 486.000000 235.000000 1.520956 1.646260 4.052460 -6.012538 1.795138 21.036154 -3.211886 0.987243
Car -1 -1 -10 440.000000 178.000000 537.000000 219.000000 1.664816 1.610686 4.005723 -5.498313 1.891441 31.183226 -3.090960 0.987047
Car -1 -1 -10 679.000000 182.000000 722.000000 212.000000 1.497440 1.540930 3.561015 4.350437 1.974630 35.759407 -1.531431 0.973119
Car -1 -1 -10 699.000000 178.000000 767.000000 235.000000 1.538787 1.616360 3.844251 3.786117 1.726703 22.467816 -1.543302 0.969350
Car -1 -1 -10 384.000000 180.000000 511.000000 224.000000 1.528675 1.638379 4.031018 -6.161745 1.807303 26.377454 -3.122755 0.959639
Car -1 -1 -10 965.000000 190.000000 1245.000000 371.000000 1.464247 1.622339 3.773406 2.872475 1.731279 2.526743 -1.600668 0.817186
Car -1 -1 -10 0.000000 184.000000 392.000000 285.000000 1.670438 1.729874 4.418876 -6.118801 1.731781 11.119591 -1.472678 0.723994
Car -1 -1 -10 143.000000 187.000000 288.000000 273.000000 1.513463 1.550199 3.605688 -6.041731 1.309494 14.392434 0.470630 0.163457
Car -1 -1 -10 476.000000 178.000000 557.000000 211.000000 1.546151 1.603909 4.154003 -4.470216 1.835184 35.475014 -3.039731 0.145663
Car -1 -1 -10 9.000000 183.000000 165.000000 232.000000 1.534741 1.533134 3.221636 -10.154794 1.793031 14.788699 1.797208 0.072774
Car -1 -1 -10 0.000000 239.000000 45.000000 372.000000 1.488044 1.593082 3.887724 -6.050568 1.953277 5.054253 -3.189339 0.051099
