Pedestrian -1 -1 -10 127.000000 170.000000 160.000000 256.000000 1.795279 0.617345 0.904569 -10.314593 1.670748 15.791352 -2.607172 0.994420
Pedestrian -1 -1 -10 592.000000 155.000000 623.000000 236.000000 1.778379 0.643026 0.660736 -0.048467 1.176891 16.963404 1.085481 0.994366
Pedestrian -1 -1 -10 170.000000 178.000000 205.000000 246.000000 1.728412 0.591873 0.895684 -10.416850 1.693762 17.598476 -3.166753 0.865368
Pedestrian -1 -1 -10 400.000000 159.000000 425.000000 229.000000 1.707652 0.613836 0.866954 -3.958255 1.209529 14.745845 0.254807 0.628310
Pedestrian -1 -1 -10 297.000000 162.000000 340.000000 249.000000 1.686694 0.741138 0.771437 -6.229780 1.256161 15.325186 -1.793855 0.579863
Pedestrian -1 -1 -10 272.000000 160.000000 303.000000 240.000000 1.804706 0.687964 0.819541 -7.904621 1.432832 17.374434 0.788303 0.283014
Pedestrian -1 -1 -10 886.000000 150.000000 916.000000 200.000000 1.728283 0.566719 0.863087 10.522187 0.649572 25.056641 -1.214672 0.061219
Pedestrian -1 -1 -10 279.000000 163.000000 324.000000 244.000000 1.765106 0.703669 0.838487 -7.552847 1.448387 17.151262 -1.593673 0.058228
Pedestrian -1 -1 -10 321.000000 163.000000 344.000000 242.000000 1.715273 0.608637 0.743414 -6.203451 1.242720 16.252487 0.229153 0.043221
Pedestrian -1 -1 -10 155.000000 177.000000 184.000000 245.000000 1.789418 0.582797 0.710335 -10.938359 1.712393 17.994835 1.527919 0.016021
Pedestrian -1 -1 -10 862.000000 152.000000 909.000000 199.000000 1.795017 0.637102 0.705710 10.168246 0.604738 25.613592 2.993776 0.012286
Pedestrian -1 -1 -10 289.000000 173.000000 369.000000 231.000000 1.727998 0.779427 0.890250 -6.059573 1.366335 15.201063 -1.848578 0.010135
Car -1 -1 -10 265.000000 180.000000 461.000000 307.000000 1.454346 1.579297 3.740503 -3.222769 1.483331 10.033779 -1.559201 0.999092
Car -1 -1 -10 268.000000 164.000000 389.000000 241.000000 1.921479 1.573706 3.729506 -6.647882 1.595520 16.906777 -1.908954 0.187208
Car -1 -1 -10 318.000000 178.000000 386.000000 230.000000 1.571170 1.570705 3.696839 -7.714350 0.951013 21.865546 1.368733 0.013398
Car -1 -1 -10 289.000000 163.000000 344.000000 249.000000 1.551224 1.557673 3.720388 -6.654345 1.194145 16.977374 -1.884764 0.010053
Cyclist -1 -1 -10 1101.000000 135.000000 1211.000000 209.000000 1.661482 0.538549 1.623996 14.118379 0.155228 18.128102 -0.905043 0.962530
Cyclist -1 -1 -10 885.000000 151.000000 916.000000 200.000000 1.790558 0.570381 1.763030 10.533842 0.701753 25.115961 -0.825211 0.924439
Cyclist -1 -1 -10 278.000000 166.000000 353.000000 241.000000 1.717962 0.672128 1.704980 -6.744542 1.275903 16.056435 -1.428826 0.733434
Cyclist -1 -1 -10 397.000000 164.000000 426.000000 226.000000 1.681364 0.548986 1.484580 -6.243959 0.966930 21.231753 -1.860155 0.426276
Cyclist -1 -1 -10 862.000000 152.000000 910.000000 199.000000 1.757197 0.523874 1.725457 10.126698 0.674497 25.452222 -1.754354 0.321208
Cyclist -1 -1 -10 273.000000 162.000000 305.000000 239.000000 1.755075 0.647662 1.706716 -7.871837 1.358766 17.348972 0.662901 0.228346
Cyclist -1 -1 -10 371.000000 172.000000 440.000000 224.000000 1.702226 0.685655 1.649290 -6.436014 1.359198 21.248900 1.871309 0.050278
Cyclist -1 -1 -10 307.000000 174.000000 369.000000 233.000000 1.647309 0.578161 1.570393 -6.267541 1.128152 16.472836 -1.418235 0.036305
Cyclist -1 -1 -10 318.000000 162.000000 349.000000 246.000000 1.686955 0.573611 1.616931 -6.293184 0.992455 16.212849 -1.489635 0.020966
Cyclist -1 -1 -10 291.000000 173.000000 322.000000 243.000000 1.677341 0.617726 1.616064 -6.642410 1.142402 15.871888 0.129579 0.019945
