Car -1 -1 -10 692.000000 173.000000 890.000000 307.000000 1.452655 1.654151 4.037631 2.200377 1.488284 9.906892 -1.653649 0.999387
Car -1 -1 -10 -3.000000 188.000000 227.000000 276.000000 1.470265 1.572039 3.786906 -9.164891 1.731762 13.404803 -3.140255 0.999341
Car -1 -1 -10 639.000000 172.000000 717.000000 225.000000 1.550459 1.643788 3.961988 2.010937 1.518407 22.420750 -1.701220 0.998177
Car -1 -1 -10 471.000000 171.000000 534.000000 227.000000 1.586520 1.630162 3.795965 -3.356236 1.643329 23.292559 -1.620263 0.998115
Car -1 -1 -10 631.000000 172.000000 680.000000 214.000000 1.539847 1.591819 3.750341 1.770846 1.484126 28.486783 -1.634160 0.761992
Car -1 -1 -10 619.000000 168.000000 659.000000 202.000000 1.702387 1.655769 3.836840 1.621714 1.503999 38.922816 -1.661683 0.674008
Car -1 -1 -10 522.000000 175.000000 551.000000 206.000000 1.549770 1.601535 3.683032 -3.871863 1.720369 37.067685 -1.618710 0.510811
Car -1 -1 -10 490.000000 170.000000 531.000000 211.000000 1.491233 1.571060 3.727978 -3.781079 1.110131 27.476897 1.871612 0.093212
Car -1 -1 -10 613.000000 168.000000 640.000000 196.000000 1.389919 1.528215 3.292924 0.587367 1.147564 21.691319 0.785154 0.038934
Car -1 -1 -10 504.000000 174.000000 545.000000 209.000000 1.545480 1.635510 3.762232 -3.159923 1.817078 36.945373 -1.696182 0.030295
