Pedestrian -1 -1 -10 797.000000 152.000000 825.000000 244.000000 1.687023 0.764610 0.915803 5.473777 1.237669 19.525650 -1.753756 0.595400
Pedestrian -1 -1 -10 778.000000 153.000000 800.000000 240.000000 1.680216 0.726884 0.873959 5.019664 1.253535 20.019821 -1.350844 0.146981
Pedestrian -1 -1 -10 779.000000 164.000000 838.000000 239.000000 1.709738 0.744593 0.901676 5.366994 1.436320 19.569628 -1.233013 0.014410
Car -1 -1 -10 90.000000 194.000000 328.000000 320.000000 1.540013 1.589340 3.765233 -5.868383 1.914511 10.996064 1.567099 0.999241
Car -1 -1 -10 738.000000 184.000000 955.000000 311.000000 1.485009 1.574904 3.537434 3.032909 1.623306 10.154994 -1.655183 0.997564
Car -1 -1 -10 283.000000 192.000000 407.000000 267.000000 1.492383 1.551130 3.701201 -5.821959 1.939663 16.105654 1.543408 0.997087
Car -1 -1 -10 713.000000 183.000000 809.000000 254.000000 1.468370 1.589106 3.773806 3.249485 1.692502 15.931031 -1.575289 0.993453
Car -1 -1 -10 845.000000 190.000000 1220.000000 373.000000 1.490529 1.648147 3.951253 3.077149 1.673018 4.949168 -1.592279 0.970531
Car -1 -1 -10 354.000000 178.000000 442.000000 221.000000 1.708728 1.679822 4.225680 -11.866930 2.031891 40.570547 -3.055781 0.215580
Car -1 -1 -10 801.000000 186.000000 1048.000000 359.000000 1.493016 1.652414 4.004264 3.071079 1.709072 4.863145 -1.587712 0.011005
Cyclist -1 -1 -10 714.000000 184.000000 815.000000 251.000000 1.660972 0.582482 1.806831 2.741173 1.712532 15.042162 -1.764344 0.071748
Cyclist -1 -1 -10 793.000000 168.000000 831.000000 236.000000 1.703010 0.729367 1.773867 5.370640 1.181980 19.636771 3.298984 0.070471
Cyclist -1 -1 -10 773.000000 175.000000 847.000000 229.000000 1.722211 0.623145 1.647414 5.328428 1.520582 19.693663 2.374507 0.045472
Cyclist -1 -1 -10 789.000000 184.000000 817.000000 237.000000 1.686050 0.537985 1.618575 5.181887 1.661652 19.865211 -2.315485 0.012963
Cyclist -1 -1 -10 809.000000 184.000000 843.000000 224.000000 1.688754 0.660289 1.629411 5.790462 1.673070 19.551665 0.865010 0.011818
