Car -1 -1 -10 184.000000 196.000000 357.000000 289.000000 1.475855 1.588350 3.783662 -6.229223 1.978117 13.787535 1.566556 0.999508
Car -1 -1 -10 674.000000 180.000000 755.000000 236.000000 1.482212 1.619966 3.919841 2.808025 1.687162 20.372106 -1.572539 0.998975
Car -1 -1 -10 923.000000 159.000000 1217.000000 248.000000 1.494872 1.682554 4.202790 8.181581 1.382030 13.229688 3.181491 0.998219
Car -1 -1 -10 463.000000 183.000000 508.000000 215.000000 1.519703 1.590921 3.812967 -6.194479 2.130077 35.881261 1.555205 0.995192
Car -1 -1 -10 8.000000 218.000000 236.000000 374.000000 1.504431 1.628901 3.883819 -3.826568 1.858998 4.192632 1.581465 0.974738
Car -1 -1 -10 369.000000 183.000000 466.000000 240.000000 1.657010 1.690091 4.286860 -6.461792 2.113507 24.058055 -1.634538 0.961387
Car -1 -1 -10 799.000000 161.000000 956.000000 214.000000 1.554328 1.671668 4.033085 8.243506 1.215570 22.574375 3.171492 0.674502
Car -1 -1 -10 870.000000 156.000000 1103.000000 235.000000 1.671364 1.666104 3.976091 8.019600 1.246719 16.308746 3.157119 0.488748
Car -1 -1 -10 481.000000 183.000000 519.000000 210.000000 1.553367 1.557347 3.802720 -6.394849 2.128021 41.179962 1.557380 0.157726
Car -1 -1 -10 702.000000 167.000000 774.000000 192.000000 1.587591 1.629944 3.998143 8.870464 1.227932 48.158825 3.161761 0.087068
Car -1 -1 -10 1054.000000 149.000000 1161.000000 184.000000 1.503175 1.557911 3.673824 21.804170 0.332999 31.941902 3.280837 0.029200
