Pedestrian -1 -1 -10 1003.000000 136.000000 1100.000000 292.000000 1.823701 0.635711 1.061564 5.501874 1.370572 8.775314 0.553155 0.998566
Pedestrian -1 -1 -10 635.000000 144.000000 711.000000 317.000000 1.793685 0.651430 1.058859 0.637221 1.455247 7.940241 0.154222 0.995016
Pedestrian -1 -1 -10 178.000000 172.000000 224.000000 281.000000 1.738803 0.608381 0.734436 -6.803900 1.625572 11.778745 0.000032 0.973512
Pedestrian -1 -1 -10 627.000000 155.000000 676.000000 308.000000 1.769063 0.640156 0.841711 0.430624 1.404723 8.294005 -0.470281 0.683823
Pedestrian -1 -1 -10 1000.000000 147.000000 1026.000000 208.000000 1.700000 0.550343 0.722238 10.422405 0.902989 18.354741 3.071853 0.187555
Pedestrian -1 -1 -10 1005.000000 150.000000 1077.000000 211.000000 1.697954 0.523270 0.577253 8.072768 1.480732 12.553042 3.547649 0.104563
Pedestrian -1 -1 -10 851.000000 155.000000 877.000000 201.000000 1.728282 0.628879 0.783355 13.204343 0.570240 36.204771 -0.989443 0.075360
Pedestrian -1 -1 -10 1045.000000 152.000000 1072.000000 199.000000 1.727562 0.537229 0.613433 7.327762 1.268754 10.928089 3.555533 0.043785
Pedestrian -1 -1 -10 1018.000000 158.000000 1060.000000 203.000000 1.726064 0.539914 0.617811 7.074703 1.245533 10.984055 3.528858 0.036774
Pedestrian -1 -1 -10 985.000000 151.000000 1044.000000 202.000000 1.653825 0.603565 0.620933 6.207143 0.689416 10.710647 0.595216 0.024787
Pedestrian -1 -1 -10 1024.000000 151.000000 1091.000000 194.000000 1.793300 0.624079 0.947340 17.968804 0.537520 27.558293 -1.407731 0.012613
Pedestrian -1 -1 -10 1029.000000 144.000000 1080.000000 258.000000 1.714181 0.653518 0.888710 5.610457 1.174488 8.876952 1.009233 0.011981
Car -1 -1 -10 448.000000 173.000000 481.000000 198.000000 1.619285 1.656217 3.975275 -8.515918 1.096286 43.950509 1.477728 0.996878
Car -1 -1 -10 -3.000000 202.000000 300.000000 365.000000 1.544671 1.629199 3.843061 -3.186827 1.705753 3.680413 -1.556064 0.985177
Car -1 -1 -10 980.000000 154.000000 1091.000000 199.000000 1.644313 1.676719 4.104134 17.413436 0.614620 28.792089 3.278449 0.144314
Car -1 -1 -10 1041.000000 156.000000 1092.000000 190.000000 1.543241 1.606104 3.823369 17.941118 0.683117 29.009343 3.155962 0.014719
Car -1 -1 -10 998.000000 152.000000 1053.000000 207.000000 1.544227 1.550926 3.298905 10.176654 1.327373 16.721270 3.008469 0.012812
Cyclist -1 -1 -10 817.000000 152.000000 942.000000 268.000000 1.734644 0.615631 1.767360 4.295060 1.335221 11.464914 0.008918 0.999945
Cyclist -1 -1 -10 996.000000 150.000000 1043.000000 210.000000 1.672009 0.500059 1.686182 10.354988 0.886131 18.453813 -1.216559 0.527680
Cyclist -1 -1 -10 1003.000000 154.000000 1087.000000 203.000000 1.693607 0.507121 1.475555 8.945336 1.152764 13.864883 -1.642197 0.378416
Cyclist -1 -1 -10 846.000000 157.000000 884.000000 200.000000 1.723829 0.661636 1.554761 13.343151 0.859414 35.132061 0.437717 0.215406
Cyclist -1 -1 -10 1004.000000 141.000000 1097.000000 279.000000 1.754948 0.663545 1.766360 5.686304 1.255733 9.189685 0.679840 0.132019
Cyclist -1 -1 -10 171.000000 173.000000 227.000000 287.000000 1.781671 0.544059 1.696399 -6.761383 1.633793 11.891114 -1.604977 0.032335
Cyclist -1 -1 -10 1012.000000 145.000000 1059.000000 220.000000 1.693908 0.505249 1.479324 8.817108 1.160982 13.978831 -1.652638 0.031903
Cyclist -1 -1 -10 837.000000 158.000000 901.000000 214.000000 1.680593 0.490806 1.349301 5.213060 0.734545 14.107725 1.337649 0.029701
Cyclist -1 -1 -10 630.000000 154.000000 687.000000 306.000000 1.774908 0.556728 1.742705 0.543787 1.442528 8.288674 -1.862453 0.028216
Cyclist -1 -1 -10 -5.000000 201.000000 285.000000 361.000000 1.669981 0.703772 1.840559 -2.729711 1.712422 3.847891 -1.541168 0.021088
Cyclist -1 -1 -10 1024.000000 154.000000 1053.000000 206.000000 1.703772 0.502723 1.513418 8.522321 1.023363 13.264786 -0.365276 0.020718
Cyclist -1 -1 -10 1046.000000 150.000000 1073.000000 197.000000 1.691527 0.490021 1.492221 9.806412 1.261292 14.799281 -1.628807 0.015509
