Pedestrian -1 -1 -10 776.000000 166.000000 821.000000 296.000000 1.799536 0.633546 0.957856 2.686712 1.612615 10.238854 -2.373779 0.999232
Pedestrian -1 -1 -10 1004.000000 152.000000 1098.000000 322.000000 1.761148 0.531753 1.013929 4.920620 1.538956 7.997632 3.686448 0.996624
Pedestrian -1 -1 -10 499.000000 179.000000 516.000000 231.000000 1.767747 0.615246 0.750972 -3.439699 1.709020 25.736544 1.315626 0.948538
Pedestrian -1 -1 -10 254.000000 172.000000 302.000000 344.000000 1.665247 0.651726 0.706901 -3.238629 1.499446 7.310867 -2.457659 0.896147
Pedestrian -1 -1 -10 329.000000 183.000000 357.000000 265.000000 1.741464 0.515475 0.804479 -5.394877 1.932329 14.513349 0.169366 0.756546
Pedestrian -1 -1 -10 990.000000 158.000000 1036.000000 265.000000 1.761639 0.659232 0.864967 7.289784 1.288133 12.827920 -1.118085 0.537032
Pedestrian -1 -1 -10 580.000000 180.000000 601.000000 237.000000 1.721826 0.616185 0.754216 -0.416480 1.743307 23.740631 -1.644980 0.528493
Pedestrian -1 -1 -10 606.000000 178.000000 625.000000 234.000000 1.765358 0.718681 0.897376 0.438561 1.698462 23.858687 -1.720590 0.356459
Pedestrian -1 -1 -10 269.000000 181.000000 317.000000 319.000000 1.721786 0.580722 0.601258 -4.170870 1.620127 9.721941 -2.013925 0.296491
Pedestrian -1 -1 -10 300.000000 181.000000 333.000000 266.000000 1.766141 0.579515 0.923415 -5.637992 1.743988 14.330517 -3.053962 0.279354
Pedestrian -1 -1 -10 701.000000 195.000000 727.000000 255.000000 1.611477 0.583866 0.587470 3.393526 2.188944 19.804864 2.594206 0.185204
Pedestrian -1 -1 -10 290.000000 179.000000 317.000000 271.000000 1.714648 0.643320 0.838262 -5.740420 1.681187 13.598207 -1.959345 0.088862
Pedestrian -1 -1 -10 734.000000 196.000000 759.000000 250.000000 1.683280 0.612588 0.624024 3.220108 1.768828 17.034351 2.722320 0.036491
Pedestrian -1 -1 -10 791.000000 175.000000 814.000000 243.000000 1.751961 0.610655 0.678254 4.390072 1.335931 15.102939 2.820267 0.027368
Pedestrian -1 -1 -10 217.000000 165.000000 335.000000 358.000000 1.695244 0.629616 0.859568 -3.212183 1.625820 7.196015 -3.165519 0.023010
Car -1 -1 -10 362.000000 171.000000 469.000000 251.000000 2.037007 1.790562 4.406839 -5.039684 1.693047 19.691190 1.484268 0.983025
Car -1 -1 -10 -6.000000 160.000000 318.000000 367.000000 1.532657 1.601994 3.724541 -2.610037 1.442151 2.741614 1.559612 0.753925
Car -1 -1 -10 421.000000 175.000000 497.000000 235.000000 1.757035 1.648703 4.079850 -5.029066 1.634010 26.529217 1.526826 0.597571
Car -1 -1 -10 232.000000 176.000000 328.000000 353.000000 1.498787 1.584287 3.610110 -4.461945 1.375058 7.887534 -1.908431 0.034612
Cyclist -1 -1 -10 249.000000 172.000000 318.000000 354.000000 1.721511 0.596270 1.684138 -3.354167 1.584660 7.337880 -1.949117 0.213636
Cyclist -1 -1 -10 299.000000 180.000000 331.000000 270.000000 1.760780 0.505771 1.706006 -5.777036 1.671670 14.285648 -2.994201 0.017441
Cyclist -1 -1 -10 276.000000 178.000000 320.000000 281.000000 1.706534 0.542805 1.702319 -5.756232 1.577205 13.728438 0.120529 0.012577
Cyclist -1 -1 -10 498.000000 180.000000 517.000000 231.000000 1.790219 0.605284 1.777508 -3.469783 1.760475 25.690572 1.265636 0.012225
