Pedestrian -1 -1 -10 144.000000 185.000000 187.000000 288.000000 1.727242 0.654108 0.670948 -6.269450 1.819573 10.142581 -1.742952 0.922973
Car -1 -1 -10 783.000000 179.000000 1185.000000 376.000000 1.520931 1.600802 3.750687 2.973886 1.585988 6.542162 -1.580335 0.999229
Car -1 -1 -10 129.000000 177.000000 398.000000 349.000000 1.667121 1.622838 3.914134 -4.246747 1.796851 9.523250 1.599958 0.997438
Car -1 -1 -10 717.000000 170.000000 889.000000 274.000000 1.554654 1.647617 3.946747 3.118204 1.488366 12.569724 -1.646374 0.996362
Car -1 -1 -10 493.000000 179.000000 529.000000 204.000000 1.486595 1.592727 3.804976 -6.190790 1.889062 44.557797 -1.803022 0.863721
Car -1 -1 -10 -1.000000 186.000000 165.000000 374.000000 1.525720 1.608311 3.771196 -4.470499 1.644995 4.252620 1.544731 0.575166
Car -1 -1 -10 630.000000 173.000000 670.000000 201.000000 1.579862 1.615214 3.856659 2.034149 1.569189 42.144443 -1.532429 0.227946
Car -1 -1 -10 654.000000 172.000000 706.000000 212.000000 1.646147 1.391403 2.703068 2.735191 1.564157 29.462709 -1.609739 0.220734
Car -1 -1 -10 -1.000000 186.000000 132.000000 292.000000 1.513194 1.586623 3.696435 -7.799528 1.919574 7.770502 -1.530906 0.014140
Cyclist -1 -1 -10 142.000000 183.000000 190.000000 289.000000 1.664812 0.565252 1.591343 -7.140102 1.701648 11.631245 0.496117 0.019419
Cyclist -1 -1 -10 -5.000000 187.000000 177.000000 369.000000 1.683421 0.556298 1.761769 -4.086290 1.685171 5.189333 -1.613434 0.015861
