Pedestrian -1 -1 -10 1023.000000 131.000000 1150.000000 337.000000 1.777974 0.526833 1.000018 4.215036 1.350236 6.236802 -2.494800 0.998672
Pedestrian -1 -1 -10 779.000000 150.000000 828.000000 298.000000 1.769338 0.663821 0.765932 2.380252 1.337259 8.734131 1.757910 0.993050
Pedestrian -1 -1 -10 225.000000 157.000000 274.000000 294.000000 1.754953 0.652125 0.715467 -4.826516 1.442825 9.712741 1.247085 0.992831
Pedestrian -1 -1 -10 27.000000 152.000000 167.000000 373.000000 1.713001 0.627639 0.971542 -3.745098 1.557253 5.187715 -3.204257 0.991878
Pedestrian -1 -1 -10 512.000000 161.000000 531.000000 218.000000 1.764004 0.646864 0.734514 -2.568469 1.108122 22.181112 1.392340 0.984907
Pedestrian -1 -1 -10 179.000000 159.000000 214.000000 274.000000 1.746371 0.552347 0.800794 -6.612063 1.475818 11.573797 -3.636656 0.854156
Pedestrian -1 -1 -10 596.000000 157.000000 619.000000 219.000000 1.754653 0.607702 0.769640 0.152834 1.130161 22.559587 -2.051230 0.724409
Pedestrian -1 -1 -10 1154.000000 122.000000 1211.000000 253.000000 1.724244 0.584374 0.746332 7.838781 1.004330 9.693252 -1.903031 0.618698
Pedestrian -1 -1 -10 621.000000 159.000000 640.000000 220.000000 1.789346 0.659920 0.909015 0.784710 1.099011 21.786955 -2.585939 0.308860
Pedestrian -1 -1 -10 124.000000 158.000000 154.000000 249.000000 1.841200 0.723827 0.871976 -9.829394 1.350292 15.187838 -0.466376 0.207104
Pedestrian -1 -1 -10 63.000000 180.000000 140.000000 333.000000 1.798079 0.604183 0.823460 -5.455976 1.679820 7.894228 -2.222355 0.128135
Pedestrian -1 -1 -10 743.000000 175.000000 773.000000 248.000000 1.717849 0.651460 0.430529 3.381254 1.540266 15.468973 -1.359577 0.122626
Pedestrian -1 -1 -10 355.000000 159.000000 375.000000 225.000000 1.673298 0.630590 0.615402 -6.441554 1.103681 19.195530 -2.405291 0.071579
Pedestrian -1 -1 -10 81.000000 175.000000 127.000000 290.000000 1.681562 0.578334 0.659224 -9.672102 1.014766 13.795529 -1.680826 0.070398
Pedestrian -1 -1 -10 718.000000 174.000000 737.000000 222.000000 1.701725 0.605839 0.756242 4.026494 1.039144 21.416804 -0.936773 0.058068
Car -1 -1 -10 356.000000 149.000000 483.000000 243.000000 1.932230 1.757720 4.305090 -4.218989 1.227680 17.403269 1.507617 0.979638
Car -1 -1 -10 430.000000 155.000000 514.000000 217.000000 1.782294 1.666450 4.226962 -4.161812 0.937022 24.502525 1.533018 0.400671
Cyclist -1 -1 -10 596.000000 158.000000 618.000000 219.000000 1.801218 0.578367 1.775496 0.029059 1.167470 22.676234 -2.012015 0.053754
Cyclist -1 -1 -10 176.000000 157.000000 215.000000 275.000000 1.763630 0.652644 1.744908 -6.756525 1.479591 11.452622 2.568644 0.017275
