Car -1 -1 -10 579.000000 177.000000 616.000000 211.000000 1.549477 1.638340 3.883828 -0.546824 1.189994 36.131516 -1.603780 0.999782
Car -1 -1 -10 405.000000 186.000000 511.000000 255.000000 1.426808 1.613907 4.025546 -3.362026 1.469226 16.470238 -1.582742 0.999501
Car -1 -1 -10 272.000000 186.000000 383.000000 244.000000 1.437898 1.585897 3.826307 -7.531537 1.467354 19.591096 -1.595562 0.998339
Car -1 -1 -10 2.000000 195.000000 280.000000 373.000000 1.497478 1.632422 3.863494 -3.588037 1.617834 4.354323 -1.572307 0.983827
Car -1 -1 -10 382.000000 178.000000 433.000000 219.000000 1.518757 1.643672 3.866716 -7.901772 1.377900 29.017488 -1.664432 0.979329
Car -1 -1 -10 240.000000 183.000000 316.000000 223.000000 1.478805 1.623542 3.989835 -12.109664 1.459886 27.753585 -1.503709 0.959857
Car -1 -1 -10 473.000000 182.000000 523.000000 215.000000 1.438580 1.567884 3.853857 -4.815530 1.272689 31.795354 -1.598927 0.953128
Car -1 -1 -10 -6.000000 185.000000 180.000000 263.000000 1.502315 1.620658 3.930892 -12.295974 1.493751 17.039237 -1.594762 0.870051
Car -1 -1 -10 310.000000 178.000000 368.000000 204.000000 1.469821 1.607264 3.825308 -15.735068 0.804059 40.942307 1.712459 0.756381
Cyclist -1 -1 -10 -3.000000 186.000000 173.000000 261.000000 1.678905 0.754880 1.861754 -11.791509 1.545163 16.381116 -1.586373 0.015012
