Pedestrian -1 -1 -10 342.000000 168.000000 391.000000 295.000000 1.692171 0.596708 0.880079 -3.135360 1.498075 9.651456 -2.239471 0.995454
Pedestrian -1 -1 -10 623.000000 152.000000 688.000000 368.000000 1.787891 0.615305 1.018035 0.362418 1.540683 6.099776 -2.605668 0.994436
Pedestrian -1 -1 -10 446.000000 164.000000 512.000000 319.000000 1.783446 0.635526 0.990300 -1.444347 1.534922 7.991850 -2.228860 0.994174
Pedestrian -1 -1 -10 518.000000 167.000000 566.000000 288.000000 1.742407 0.682233 0.924844 -0.840382 1.516254 10.273143 0.998719 0.993918
Pedestrian -1 -1 -10 572.000000 161.000000 613.000000 286.000000 1.714561 0.627388 0.752540 -0.171020 1.380517 10.370681 -2.614480 0.953391
Pedestrian -1 -1 -10 400.000000 169.000000 434.000000 261.000000 1.682455 0.624743 0.761106 -3.480211 1.523328 13.262010 0.919515 0.895629
Pedestrian -1 -1 -10 604.000000 161.000000 661.000000 328.000000 1.783840 0.629889 0.795178 0.310682 1.493704 7.069982 2.655256 0.859320
Pedestrian -1 -1 -10 428.000000 161.000000 477.000000 280.000000 1.793557 0.591092 0.876502 -2.556959 1.467517 11.590840 0.851783 0.841987
Pedestrian -1 -1 -10 469.000000 169.000000 515.000000 275.000000 1.748375 0.634012 0.728334 -1.821427 1.384251 13.221119 -1.808299 0.626383
Pedestrian -1 -1 -10 398.000000 164.000000 420.000000 242.000000 1.683280 0.612588 0.624024 -4.329695 1.995649 16.013783 2.261356 0.474035
Pedestrian -1 -1 -10 370.000000 165.000000 403.000000 257.000000 1.728719 0.606327 0.786452 -3.945016 1.502183 13.650632 2.435344 0.457440
Pedestrian -1 -1 -10 665.000000 159.000000 683.000000 216.000000 1.739217 0.585342 0.635914 2.769813 0.776513 27.160300 -1.450105 0.344961
Pedestrian -1 -1 -10 586.000000 161.000000 641.000000 297.000000 1.754839 0.639801 0.688063 0.090365 1.504887 10.261184 -2.069893 0.305252
Pedestrian -1 -1 -10 385.000000 165.000000 414.000000 246.000000 1.764863 0.625160 0.806568 -4.064443 1.402094 13.896164 -0.135071 0.252702
Cyclist -1 -1 -10 278.000000 158.000000 344.000000 260.000000 1.725322 0.576674 1.761557 -5.728896 1.342654 14.049991 1.052797 0.991411
Cyclist -1 -1 -10 425.000000 163.000000 476.000000 274.000000 1.762800 0.566079 1.721669 -2.663420 1.417645 11.705944 0.865594 0.072000
Cyclist -1 -1 -10 470.000000 164.000000 519.000000 285.000000 1.800989 0.622398 1.748865 -1.912474 1.349116 13.298872 -1.662712 0.056720
Cyclist -1 -1 -10 398.000000 169.000000 437.000000 258.000000 1.711925 0.595089 1.701639 -3.501141 1.475846 13.248435 1.372199 0.052693
Cyclist -1 -1 -10 337.000000 166.000000 393.000000 289.000000 1.773527 0.605904 1.711189 -3.227325 1.485778 9.732106 -2.254986 0.047875
Cyclist -1 -1 -10 415.000000 173.000000 456.000000 236.000000 1.680890 0.476937 1.632468 -3.748850 1.434504 16.751719 -1.299558 0.035126
Cyclist -1 -1 -10 366.000000 170.000000 398.000000 248.000000 1.712850 0.544425 1.727137 -4.139881 1.304556 13.672624 -1.386066 0.034298
Cyclist -1 -1 -10 387.000000 166.000000 410.000000 244.000000 1.679858 0.584399 1.658639 -4.240216 1.304462 14.393403 -1.719238 0.033463
Cyclist -1 -1 -10 349.000000 172.000000 386.000000 235.000000 1.675046 0.562893 1.560507 -6.901430 0.893603 21.209599 -1.882497 0.022722
Cyclist -1 -1 -10 595.000000 155.000000 685.000000 336.000000 1.733499 0.498948 1.705407 0.358492 1.480590 6.289960 -1.479000 0.021364
Cyclist -1 -1 -10 443.000000 167.000000 500.000000 292.000000 1.686327 0.678857 1.618744 -1.868502 1.409579 10.056095 0.868666 0.016070
Cyclist -1 -1 -10 398.000000 165.000000 424.000000 227.000000 1.687908 0.559923 1.548935 -5.462342 0.858034 20.991704 -2.806953 0.010740
