Pedestrian -1 -1 -10 69.000000 180.000000 91.000000 231.000000 1.752662 0.606760 0.689912 -19.941625 2.039236 27.232361 -2.002587 0.758474
Pedestrian -1 -1 -10 104.000000 183.000000 120.000000 228.000000 1.683280 0.612588 0.624025 -18.685310 1.579944 27.354052 1.918828 0.554324
Pedestrian -1 -1 -10 101.000000 185.000000 134.000000 223.000000 1.769227 0.630580 0.575513 -18.580258 2.128898 27.349509 -2.118222 0.081647
Pedestrian -1 -1 -10 76.000000 185.000000 126.000000 227.000000 1.709254 0.633167 0.624784 -16.052270 2.011192 22.930466 -1.660503 0.016623
Pedestrian -1 -1 -10 51.000000 186.000000 114.000000 234.000000 1.718876 0.613228 0.592850 -19.777027 1.931068 27.230954 1.947609 0.011105
Pedestrian -1 -1 -10 36.000000 194.000000 151.000000 249.000000 1.690320 0.797850 0.809137 -15.674204 2.587514 21.951997 1.448484 0.010351
Car -1 -1 -10 598.000000 173.000000 631.000000 202.000000 1.531046 1.668430 4.021183 0.189395 1.646384 44.256578 -1.609448 0.999140
Car -1 -1 -10 29.000000 198.000000 161.000000 250.000000 1.523343 1.588981 3.789438 -16.058394 2.311622 22.978047 1.582145 0.996096
Car -1 -1 -10 54.000000 191.000000 138.000000 234.000000 1.483017 1.558910 3.584501 -16.416445 1.963391 23.318189 0.896888 0.011384
Car -1 -1 -10 61.000000 189.000000 101.000000 228.000000 1.530641 1.614699 3.906352 -19.644734 1.542571 28.861925 -0.764182 0.010513
Cyclist -1 -1 -10 33.000000 197.000000 160.000000 250.000000 1.705744 0.699754 1.766693 -15.803576 2.505068 22.511944 1.509868 0.025062
Cyclist -1 -1 -10 99.000000 184.000000 125.000000 225.000000 1.725030 0.474740 1.299115 -11.407884 1.885537 16.984438 0.379088 0.024141
Cyclist -1 -1 -10 65.000000 185.000000 96.000000 228.000000 1.723530 0.636489 1.695986 -19.918700 1.919290 27.384888 1.518914 0.023912
