Pedestrian -1 -1 -10 730.000000 165.000000 777.000000 277.000000 1.679847 0.679419 0.933668 2.265054 1.438772 10.790114 1.765193 0.982015
Pedestrian -1 -1 -10 432.000000 172.000000 451.000000 230.000000 1.801281 0.666238 0.893785 -5.098569 1.549389 22.669372 1.470964 0.650445
Pedestrian -1 -1 -10 287.000000 177.000000 326.000000 258.000000 1.690745 0.701320 0.724198 -6.362106 1.407352 15.574023 0.823669 0.585971
Pedestrian -1 -1 -10 1148.000000 137.000000 1235.000000 378.000000 1.676151 0.596825 0.601346 3.311876 1.278949 3.820236 -0.359806 0.576447
Pedestrian -1 -1 -10 395.000000 176.000000 418.000000 263.000000 1.761038 0.601669 0.628675 -6.106597 1.659290 22.577891 -1.807643 0.501045
Pedestrian -1 -1 -10 337.000000 157.000000 360.000000 266.000000 1.644916 0.589812 0.838773 -4.558824 1.084163 12.803316 -2.010505 0.446570
Pedestrian -1 -1 -10 361.000000 174.000000 393.000000 271.000000 1.688426 0.800664 0.691372 -4.695028 1.493534 15.182406 -1.458467 0.263731
Pedestrian -1 -1 -10 319.000000 180.000000 428.000000 284.000000 1.710853 0.614095 0.605216 -4.772903 1.730488 12.489128 -1.342857 0.094083
Pedestrian -1 -1 -10 365.000000 167.000000 386.000000 243.000000 1.750964 0.650763 0.673069 -5.043457 2.033952 16.077294 -1.436243 0.080190
Pedestrian -1 -1 -10 365.000000 184.000000 422.000000 270.000000 1.638363 0.569920 0.576298 -5.674557 1.666720 20.655104 -0.199648 0.058736
Pedestrian -1 -1 -10 559.000000 174.000000 571.000000 206.000000 1.689096 0.636233 0.736256 -2.060149 1.142964 41.974120 -2.029650 0.040337
Pedestrian -1 -1 -10 279.000000 179.000000 363.000000 275.000000 1.713775 0.632757 0.648485 -6.384072 1.676084 15.740939 1.148554 0.033233
Pedestrian -1 -1 -10 356.000000 168.000000 374.000000 272.000000 1.692733 0.651909 0.728973 -4.316369 1.139508 12.919030 -0.221889 0.028116
Pedestrian -1 -1 -10 574.000000 174.000000 585.000000 205.000000 1.778008 0.642109 0.700726 -1.360450 1.444124 42.847029 3.047877 0.018415
Car -1 -1 -10 -9.000000 197.000000 476.000000 374.000000 1.555644 1.615469 3.887059 -2.533176 1.722322 5.425458 0.452294 0.957346
Car -1 -1 -10 277.000000 188.000000 454.000000 323.000000 1.515662 1.571744 3.682915 -1.954955 1.594932 4.448499 1.737939 0.023175
Car -1 -1 -10 4.000000 209.000000 227.000000 319.000000 1.586984 1.591994 3.972268 -8.523040 1.798064 13.397600 0.417421 0.012557
Cyclist -1 -1 -10 345.000000 186.000000 432.000000 266.000000 1.710490 0.678742 1.795655 -6.753174 1.565507 22.890938 -2.511140 0.802346
Cyclist -1 -1 -10 275.000000 180.000000 339.000000 267.000000 1.661674 0.783447 1.826232 -6.454837 1.474110 15.670915 2.526389 0.779658
Cyclist -1 -1 -10 390.000000 178.000000 422.000000 263.000000 1.759637 0.561005 1.702842 -6.324519 1.531131 22.631684 -1.848634 0.564803
Cyclist -1 -1 -10 297.000000 181.000000 404.000000 284.000000 1.702946 0.774889 1.769673 -5.458995 1.815783 16.415824 -2.465812 0.355882
Cyclist -1 -1 -10 503.000000 174.000000 522.000000 216.000000 1.759982 0.659706 1.751554 -4.067300 1.464501 31.870686 1.512772 0.237854
Cyclist -1 -1 -10 358.000000 179.000000 396.000000 277.000000 1.740038 0.557722 1.673751 -4.894994 1.887192 16.266472 -1.340241 0.200764
Cyclist -1 -1 -10 1145.000000 133.000000 1234.000000 373.000000 1.704234 0.629048 1.610579 3.580584 1.371213 3.778187 -0.869437 0.129116
Cyclist -1 -1 -10 290.000000 170.000000 320.000000 263.000000 1.692856 0.726564 1.738915 -6.497076 1.368274 15.528784 2.193654 0.089661
Cyclist -1 -1 -10 319.000000 181.000000 351.000000 275.000000 1.672147 0.526948 1.537855 -4.577799 1.111182 12.680965 0.708462 0.089316
Cyclist -1 -1 -10 334.000000 160.000000 362.000000 279.000000 1.710528 0.575435 1.721976 -4.645380 1.057798 12.894641 -1.843805 0.075234
Cyclist -1 -1 -10 407.000000 175.000000 442.000000 261.000000 1.715744 0.454847 1.239097 -4.800906 2.224455 20.838999 0.765251 0.073944
Cyclist -1 -1 -10 430.000000 172.000000 452.000000 236.000000 1.859068 0.661489 1.782437 -5.231935 1.615122 22.733628 1.386765 0.035997
Cyclist -1 -1 -10 356.000000 168.000000 374.000000 272.000000 1.698963 0.502902 1.699374 -4.465749 1.057185 13.113974 -1.869214 0.028641
Cyclist -1 -1 -10 92.000000 201.000000 466.000000 371.000000 1.669268 0.716066 1.823207 -1.725172 1.665327 4.599204 1.668145 0.016820
Cyclist -1 -1 -10 463.000000 177.000000 487.000000 214.000000 1.717753 0.571915 1.693424 -5.976704 1.441220 33.857638 2.875637 0.012741
Cyclist -1 -1 -10 277.000000 188.000000 454.000000 323.000000 1.602356 0.643735 1.750961 -1.655151 1.552254 4.510523 -1.452886 0.010637
