Pedestrian -1 -1 -10 751.000000 162.000000 791.000000 270.000000 1.661851 0.613770 0.862956 2.533288 1.361127 10.867482 1.271325 0.982723
Pedestrian -1 -1 -10 456.000000 166.000000 474.000000 241.000000 1.742060 0.646668 0.751669 -4.682093 1.268250 24.290345 1.485674 0.662960
Pedestrian -1 -1 -10 472.000000 171.000000 490.000000 234.000000 1.776924 0.663303 0.773572 -5.860639 1.369128 34.914992 -1.870412 0.557044
Pedestrian -1 -1 -10 459.000000 169.000000 498.000000 237.000000 1.758601 0.658951 0.614118 -5.305403 1.956219 31.635445 -1.557969 0.150319
Pedestrian -1 -1 -10 509.000000 170.000000 525.000000 212.000000 1.729852 0.616764 0.842802 -3.736068 1.255952 31.951871 1.803012 0.118267
Pedestrian -1 -1 -10 442.000000 171.000000 484.000000 239.000000 1.731800 0.654743 0.710133 -4.664250 1.335897 24.321187 1.772687 0.051762
Pedestrian -1 -1 -10 389.000000 168.000000 408.000000 249.000000 1.768251 0.606730 0.744988 -7.081320 1.117628 24.865886 2.230193 0.033280
Pedestrian -1 -1 -10 568.000000 170.000000 580.000000 202.000000 1.769043 0.614829 0.676929 -1.687709 1.105073 41.713336 -1.618308 0.031320
Pedestrian -1 -1 -10 585.000000 169.000000 594.000000 202.000000 1.804680 0.631858 0.807293 -0.691301 1.060661 42.021913 1.139925 0.025140
Pedestrian -1 -1 -10 408.000000 175.000000 424.000000 240.000000 1.746433 0.600144 0.592605 -5.777392 1.492734 22.499783 2.356177 0.014749
Car -1 -1 -10 247.000000 184.000000 527.000000 374.000000 1.563347 1.646200 4.075863 -1.940118 1.622292 7.377216 1.599971 0.997594
Car -1 -1 -10 1179.000000 223.000000 1234.000000 371.000000 1.544037 1.552053 3.254293 3.596447 1.738916 4.008571 -0.188682 0.042324
Car -1 -1 -10 353.000000 186.000000 438.000000 236.000000 1.574524 1.631337 3.824341 -6.982070 1.595829 29.454480 0.781628 0.014913
Cyclist -1 -1 -10 450.000000 173.000000 503.000000 233.000000 1.657131 0.560183 1.661045 -5.324623 1.858893 31.804292 1.461819 0.382038
Cyclist -1 -1 -10 470.000000 173.000000 495.000000 232.000000 1.659696 0.575129 1.642780 -5.447234 1.481106 32.166806 0.857539 0.148488
Cyclist -1 -1 -10 437.000000 169.000000 476.000000 241.000000 1.695377 0.660643 1.716320 -4.768517 1.140224 24.462104 0.849058 0.084117
Cyclist -1 -1 -10 462.000000 168.000000 478.000000 246.000000 1.741601 0.680351 1.678046 -4.752683 1.071522 24.453942 0.778201 0.053473
Cyclist -1 -1 -10 787.000000 177.000000 823.000000 238.000000 1.589948 0.457326 1.651564 4.103437 1.373788 14.655046 1.398184 0.044798
Cyclist -1 -1 -10 748.000000 160.000000 792.000000 271.000000 1.769299 0.564635 1.734607 2.447300 1.415872 10.939932 1.211063 0.034561
Cyclist -1 -1 -10 479.000000 180.000000 504.000000 232.000000 1.677093 0.642876 1.674725 -5.603622 1.449964 34.918362 -1.164257 0.023008
Cyclist -1 -1 -10 376.000000 173.000000 430.000000 241.000000 1.722192 0.756295 1.806708 -6.623889 1.112514 24.647403 2.375736 0.022168
Cyclist -1 -1 -10 408.000000 175.000000 424.000000 240.000000 1.717191 0.644749 1.669469 -5.963442 1.285984 22.670169 -1.918354 0.015059
