Pedestrian -1 -1 -10 717.000000 179.000000 728.000000 210.000000 1.741083 0.635167 0.651346 4.735517 2.020748 30.376730 -1.390277 0.542232
Pedestrian -1 -1 -10 701.000000 171.000000 709.000000 213.000000 1.718641 0.559753 0.646904 5.275002 1.499696 39.577834 -0.845980 0.114665
Pedestrian -1 -1 -10 714.000000 179.000000 735.000000 216.000000 1.722102 0.648142 0.700895 4.841016 1.887340 30.480453 -1.553309 0.057775
Pedestrian -1 -1 -10 713.000000 177.000000 722.000000 213.000000 1.697044 0.548001 0.582897 4.659356 1.742946 30.425907 2.705186 0.019226
Car -1 -1 -10 529.000000 177.000000 575.000000 213.000000 1.496086 1.637989 4.149713 -2.554202 1.684153 32.122111 1.582842 0.999369
Car -1 -1 -10 690.000000 184.000000 802.000000 266.000000 1.479044 1.628612 3.828853 2.663114 1.691809 14.886212 -1.556410 0.999118
Car -1 -1 -10 654.000000 179.000000 706.000000 220.000000 1.520516 1.633024 3.926084 2.805963 1.728204 27.572966 1.536847 0.997129
Car -1 -1 -10 -3.000000 194.000000 442.000000 373.000000 1.572118 1.661410 4.132587 -2.689530 1.760220 5.434384 1.560030 0.989725
Car -1 -1 -10 641.000000 174.000000 670.000000 202.000000 1.568029 1.628207 3.800591 3.334871 1.736754 47.302484 -0.022226 0.286980
Cyclist -1 -1 -10 716.000000 178.000000 731.000000 215.000000 1.740476 0.605591 1.487145 4.962793 1.536784 32.232458 3.199411 0.018397
