Pedestrian -1 -1 -10 16.000000 162.000000 57.000000 262.000000 1.735928 0.674525 0.707955 -12.066565 1.473337 15.246173 1.825313 0.281875
Car -1 -1 -10 665.000000 175.000000 749.000000 243.000000 1.712662 1.704772 4.131390 2.613093 1.858714 20.860360 -1.631701 0.997210
Car -1 -1 -10 295.000000 183.000000 456.000000 245.000000 1.533622 1.576360 3.940508 -6.042568 1.816757 19.432271 0.067383 0.987994
Car -1 -1 -10 337.000000 175.000000 483.000000 230.000000 1.549906 1.591986 3.874654 -6.834648 1.794838 24.561224 -3.142538 0.982744
Car -1 -1 -10 183.000000 184.000000 414.000000 264.000000 1.513704 1.622648 4.026819 -6.578426 1.790385 15.568591 -3.099088 0.966995
Car -1 -1 -10 652.000000 182.000000 696.000000 221.000000 1.525851 1.595668 3.767631 2.581018 1.943153 31.743928 -1.573860 0.794934
Car -1 -1 -10 634.000000 181.000000 665.000000 206.000000 1.522045 1.579862 3.846297 2.499155 1.976486 43.761258 -1.605776 0.649676
Car -1 -1 -10 395.000000 176.000000 512.000000 217.000000 1.567257 1.586076 3.748836 -6.398580 1.493658 29.669127 -3.225001 0.223484
Car -1 -1 -10 459.000000 178.000000 537.000000 207.000000 1.634682 1.667150 4.007865 -6.026569 1.960955 47.472446 -3.257417 0.136745
Car -1 -1 -10 905.000000 258.000000 1170.000000 373.000000 1.481357 1.563638 3.722105 3.880157 1.812704 5.961797 -0.417305 0.012857
Cyclist -1 -1 -10 990.000000 277.000000 1174.000000 371.000000 1.615624 0.764644 1.673122 3.205397 2.119369 4.383764 0.542142 0.123793
Cyclist -1 -1 -10 11.000000 164.000000 60.000000 264.000000 1.720909 0.476693 1.622011 -11.869121 1.256251 15.152652 -2.829165 0.064149
Cyclist -1 -1 -10 876.000000 229.000000 1157.000000 368.000000 1.739084 0.642263 1.816966 2.899126 1.980342 5.629013 -2.160629 0.044418
