Pedestrian -1 -1 -10 154.000000 169.000000 220.000000 322.000000 1.692754 0.645125 0.854657 -4.948820 1.629731 8.594307 -2.064393 0.997489
Pedestrian -1 -1 -10 337.000000 162.000000 434.000000 371.000000 1.726072 0.613735 0.898470 -1.721817 1.571805 5.920723 0.876475 0.994404
Pedestrian -1 -1 -10 229.000000 165.000000 308.000000 359.000000 1.761674 0.658200 1.014446 -3.209344 1.676290 6.749660 -2.492786 0.988856
Pedestrian -1 -1 -10 419.000000 160.000000 470.000000 305.000000 1.755663 0.642534 0.796469 -2.017984 1.517978 9.156925 0.925422 0.978946
Pedestrian -1 -1 -10 312.000000 168.000000 355.000000 290.000000 1.773304 0.658474 0.838494 -3.967552 1.585120 10.492158 1.129120 0.957745
Pedestrian -1 -1 -10 532.000000 171.000000 548.000000 215.000000 1.742249 0.631292 0.821138 -2.390982 1.279145 28.023304 -1.720872 0.857515
Pedestrian -1 -1 -10 261.000000 176.000000 312.000000 322.000000 1.713122 0.589092 0.827277 -3.590829 1.617768 8.297692 -2.488198 0.777864
Pedestrian -1 -1 -10 392.000000 167.000000 446.000000 313.000000 1.763777 0.654934 0.602069 -2.051685 1.522592 7.861596 1.325790 0.645932
Pedestrian -1 -1 -10 230.000000 162.000000 265.000000 269.000000 1.794813 0.609536 0.816875 -6.422349 1.467180 12.717894 -0.064268 0.558158
Pedestrian -1 -1 -10 547.000000 174.000000 562.000000 217.000000 1.768607 0.641976 0.925372 -1.869679 1.305469 28.217915 -1.766329 0.286382
Pedestrian -1 -1 -10 285.000000 170.000000 339.000000 288.000000 1.778155 0.711816 0.921606 -4.120349 1.522639 10.676601 0.661309 0.239750
Cyclist -1 -1 -10 480.000000 165.000000 509.000000 221.000000 1.732835 0.569705 1.769284 -3.462203 1.260427 22.792794 1.367282 0.962134
Cyclist -1 -1 -10 232.000000 169.000000 312.000000 338.000000 1.757740 0.670196 1.721723 -3.487447 1.635299 7.186149 0.674107 0.058702
Cyclist -1 -1 -10 225.000000 171.000000 290.000000 261.000000 1.745320 0.589997 1.661802 -6.368612 1.448656 12.904829 -2.555318 0.033093
Cyclist -1 -1 -10 361.000000 171.000000 442.000000 356.000000 1.739280 0.571659 1.745251 -1.843201 1.605535 6.183973 -1.492028 0.012489
