Car -1 -1 -10 555.000000 176.000000 622.000000 238.000000 1.552198 1.662105 3.490102 -0.561398 1.381350 20.142080 -1.608031 0.999268
Car -1 -1 -10 29.000000 209.000000 419.000000 372.000000 1.416568 1.639275 4.118299 -3.208513 1.626461 7.100575 -1.610802 0.998969
Car -1 -1 -10 357.000000 183.000000 495.000000 273.000000 1.478074 1.655900 4.138178 -3.383960 1.466215 13.836599 -1.596831 0.998380
Car -1 -1 -10 510.000000 177.000000 549.000000 213.000000 1.476927 1.593152 3.685016 -3.572428 1.237826 31.438036 -1.698823 0.895947
Car -1 -1 -10 458.000000 187.000000 526.000000 238.000000 1.557357 1.653194 4.009939 -3.470236 1.400207 21.208182 -1.588970 0.859965
Car -1 -1 -10 231.000000 180.000000 320.000000 242.000000 1.489465 1.594348 3.837915 -8.004783 1.317247 18.317120 -1.606812 0.161282
Car -1 -1 -10 0.000000 165.000000 122.000000 321.000000 1.507432 1.575472 3.771661 -2.624780 1.671506 6.054696 1.767307 0.149151
Car -1 -1 -10 332.000000 181.000000 370.000000 209.000000 1.484677 1.614705 3.833339 -12.907546 1.232593 36.905847 -1.566924 0.088985
Car -1 -1 -10 236.000000 177.000000 300.000000 208.000000 1.497109 1.554898 3.792884 -17.428515 1.000801 34.091906 1.549264 0.058338
Car -1 -1 -10 319.000000 195.000000 351.000000 226.000000 1.518705 1.498536 3.264437 -13.451268 2.113178 35.893541 0.754923 0.049939
Car -1 -1 -10 383.000000 179.000000 441.000000 220.000000 1.564060 1.540732 3.522371 -8.311146 0.687120 29.981840 1.666039 0.030581
Car -1 -1 -10 228.000000 176.000000 370.000000 276.000000 1.470909 1.590318 3.725581 -7.881595 1.300190 18.150569 -1.560105 0.024757
Car -1 -1 -10 378.000000 181.000000 469.000000 240.000000 1.554822 1.557097 3.310413 -5.193505 1.515449 20.584610 2.219679 0.017398
Car -1 -1 -10 386.000000 178.000000 426.000000 203.000000 1.581787 1.622825 3.863337 -8.333810 0.834703 30.190325 1.342371 0.015384
Car -1 -1 -10 293.000000 187.000000 352.000000 230.000000 1.524118 1.619964 3.786088 -7.801355 1.416543 18.201232 -1.614025 0.014942
Car -1 -1 -10 260.000000 189.000000 350.000000 248.000000 1.495442 1.620326 3.908407 -7.946319 1.359030 18.322617 -1.566134 0.014782
