Pedestrian -1 -1 -10 334.000000 180.000000 347.000000 213.000000 1.728073 0.596939 0.817492 -15.617649 1.863485 41.678159 -2.459718 0.062333
Pedestrian -1 -1 -10 435.000000 173.000000 462.000000 223.000000 1.652569 0.677348 0.862866 -5.523270 1.390157 24.402989 -1.423876 0.031300
Pedestrian -1 -1 -10 536.000000 166.000000 549.000000 202.000000 1.754291 0.645541 0.664872 -3.501693 0.948756 38.424107 -1.743770 0.029376
Pedestrian -1 -1 -10 477.000000 169.000000 486.000000 202.000000 1.683280 0.612588 0.624025 -6.240768 1.933203 35.397228 2.349827 0.021689
Car -1 -1 -10 501.000000 175.000000 546.000000 209.000000 1.496921 1.592585 3.732995 -3.725049 1.236984 32.486975 -1.581955 0.999394
Car -1 -1 -10 1050.000000 134.000000 1224.000000 198.000000 1.516787 1.542422 3.714164 13.914446 0.326008 18.377374 3.102570 0.966041
Car -1 -1 -10 919.000000 150.000000 985.000000 175.000000 1.529422 1.594230 3.785002 15.087566 0.201977 30.740618 0.282389 0.023767
Car -1 -1 -10 494.000000 176.000000 527.000000 203.000000 1.524240 1.504203 3.205061 -4.815343 1.147004 34.071824 1.450555 0.014334
Cyclist -1 -1 -10 625.000000 163.000000 660.000000 197.000000 1.714646 0.610009 1.800063 1.985457 0.849783 40.523253 0.030787 0.995113
Cyclist -1 -1 -10 685.000000 161.000000 720.000000 194.000000 1.742508 0.742628 1.814141 5.043130 0.741696 37.166814 0.344168 0.989948
Cyclist -1 -1 -10 360.000000 176.000000 386.000000 219.000000 1.725666 0.511999 1.697070 -10.363387 1.668263 31.303472 -1.513110 0.949438
Cyclist -1 -1 -10 435.000000 173.000000 461.000000 223.000000 1.758485 0.569684 1.682629 -5.590582 1.463677 24.496363 -2.238898 0.169429
