Pedestrian -1 -1 -10 654.000000 171.000000 675.000000 236.000000 1.716991 0.635502 0.792837 1.733155 1.448086 20.134038 1.717725 0.987102
Pedestrian -1 -1 -10 675.000000 170.000000 700.000000 235.000000 1.790629 0.704286 0.952505 2.412309 1.471779 20.370847 -1.401876 0.957244
Pedestrian -1 -1 -10 484.000000 168.000000 507.000000 233.000000 1.727617 0.676841 0.944901 -2.883699 1.350309 19.498302 -1.688562 0.933484
Pedestrian -1 -1 -10 865.000000 190.000000 902.000000 306.000000 1.715410 0.617710 0.656853 4.032927 1.780418 10.591952 0.979916 0.278519
Pedestrian -1 -1 -10 936.000000 186.000000 998.000000 321.000000 1.715515 0.590767 0.685498 3.736266 1.560669 7.620264 3.051693 0.236645
Pedestrian -1 -1 -10 886.000000 204.000000 925.000000 323.000000 1.742995 0.669675 0.660257 4.134412 1.940821 10.053551 -0.739436 0.223655
Pedestrian -1 -1 -10 441.000000 171.000000 452.000000 205.000000 1.753120 0.612609 0.625903 -6.488495 1.211113 29.889380 -3.330902 0.088847
Pedestrian -1 -1 -10 561.000000 173.000000 573.000000 208.000000 1.778927 0.624171 0.884764 -1.768189 1.362591 36.237175 -2.084655 0.086139
Pedestrian -1 -1 -10 580.000000 172.000000 592.000000 204.000000 1.787298 0.636343 0.903197 -0.931576 1.282160 42.116730 1.128746 0.057905
Pedestrian -1 -1 -10 843.000000 190.000000 937.000000 308.000000 1.819563 0.691775 0.451058 4.026138 1.863986 10.220721 -1.210292 0.057195
Pedestrian -1 -1 -10 886.000000 201.000000 1004.000000 365.000000 1.690578 0.672162 0.861081 2.519291 1.858380 5.316138 0.315524 0.042015
Pedestrian -1 -1 -10 1187.000000 212.000000 1237.000000 363.000000 1.734877 0.596222 0.585894 5.252965 1.926844 6.242172 3.324481 0.025330
Cyclist -1 -1 -10 863.000000 195.000000 917.000000 311.000000 1.659876 0.629539 1.651759 4.064983 1.619218 10.583279 1.418630 0.209550
Cyclist -1 -1 -10 854.000000 189.000000 896.000000 301.000000 1.689388 0.651421 1.637134 4.079158 1.552735 10.818109 2.475287 0.034817
Cyclist -1 -1 -10 484.000000 168.000000 507.000000 234.000000 1.828725 0.627642 1.755500 -2.978751 1.452830 19.595118 -1.796578 0.028903
Cyclist -1 -1 -10 886.000000 204.000000 925.000000 323.000000 1.629786 0.417611 1.491609 4.296093 1.680559 10.567518 -1.688697 0.027630
Cyclist -1 -1 -10 930.000000 182.000000 1001.000000 342.000000 1.649761 0.556563 1.567712 3.042805 1.567863 5.965220 2.519995 0.018826
Cyclist -1 -1 -10 860.000000 192.000000 986.000000 325.000000 1.727487 0.804776 1.822880 2.593603 1.735248 5.474870 0.472551 0.013016
Cyclist -1 -1 -10 1203.000000 186.000000 1237.000000 360.000000 1.699571 0.614639 1.581718 5.297174 1.744334 6.443994 1.766410 0.013005
