Pedestrian -1 -1 -10 1180.000000 183.000000 1239.000000 362.000000 1.733018 0.581413 0.587445 7.757994 1.809279 9.211757 -0.375873 0.029061
Car -1 -1 -10 3.000000 179.000000 339.000000 298.000000 1.547430 1.649278 4.021373 -6.325596 1.640913 10.408273 -3.169226 0.997253
Car -1 -1 -10 238.000000 163.000000 449.000000 254.000000 1.745893 1.698507 3.979405 -5.892854 1.626135 15.424967 -3.329631 0.981466
Car -1 -1 -10 450.000000 176.000000 522.000000 209.000000 1.622852 1.572388 3.780746 -6.393526 1.790854 34.213438 -3.149346 0.955288
Car -1 -1 -10 410.000000 172.000000 485.000000 212.000000 1.619675 1.625602 3.869793 -6.789528 1.679624 31.612076 -3.171638 0.916685
Car -1 -1 -10 674.000000 173.000000 775.000000 237.000000 1.460619 1.580530 3.760938 2.973286 1.651929 21.342623 1.548081 0.157916
Car -1 -1 -10 687.000000 138.000000 831.000000 250.000000 2.025379 1.758404 4.372868 2.707106 1.426499 14.979104 -1.607046 0.026060
Car -1 -1 -10 635.000000 173.000000 686.000000 207.000000 1.402004 1.504962 3.164776 1.660849 1.286738 22.712545 0.877129 0.022300
Car -1 -1 -10 651.000000 161.000000 709.000000 214.000000 1.991091 1.805726 4.190930 3.562259 1.509384 30.026787 0.079939 0.018516
Car -1 -1 -10 656.000000 158.000000 752.000000 221.000000 1.706454 1.634982 4.024450 2.808690 1.464824 28.674783 -0.849208 0.016913
Car -1 -1 -10 478.000000 176.000000 539.000000 203.000000 1.541347 1.596531 3.704604 -5.132278 2.170617 41.573320 1.940032 0.012629
Car -1 -1 -10 64.000000 175.000000 190.000000 222.000000 1.662496 1.669012 4.018771 -17.790626 1.537122 27.253882 0.325408 0.011170
