Pedestrian -1 -1 -10 686.000000 169.000000 705.000000 217.000000 1.766566 0.661342 0.978085 3.309739 1.713312 28.083938 -0.421127 0.924435
Pedestrian -1 -1 -10 1169.000000 177.000000 1196.000000 222.000000 1.690517 0.581252 0.592016 16.734473 1.842379 21.035434 2.780339 0.021748
Car -1 -1 -10 454.000000 182.000000 504.000000 219.000000 1.479693 1.554638 3.651353 -5.288671 1.791849 28.950289 1.266029 0.999313
Car -1 -1 -10 336.000000 183.000000 419.000000 211.000000 1.523589 1.625924 3.880832 -11.813944 2.139449 36.723771 0.512287 0.996594
Car -1 -1 -10 53.000000 180.000000 185.000000 239.000000 1.625877 1.611473 3.886677 -15.190797 1.871865 22.592647 1.311556 0.990327
Car -1 -1 -10 995.000000 200.000000 1239.000000 368.000000 1.503278 1.634450 3.854589 2.847952 1.613469 1.593517 -1.604418 0.844942
Car -1 -1 -10 2.000000 183.000000 107.000000 239.000000 1.510285 1.622487 3.762534 -17.206121 1.874061 23.087836 -0.150655 0.630485
Car -1 -1 -10 0.000000 197.000000 102.000000 372.000000 1.517231 1.612916 3.765464 -5.916855 1.778996 5.382947 1.578421 0.403710
Car -1 -1 -10 108.000000 183.000000 189.000000 226.000000 1.489414 1.480549 3.364875 -16.144234 1.551884 24.790816 1.476791 0.024806
Car -1 -1 -10 489.000000 172.000000 526.000000 197.000000 1.627064 1.649450 3.799530 -8.117829 1.737051 58.173272 -3.078266 0.012337
Cyclist -1 -1 -10 1006.000000 187.000000 1245.000000 373.000000 1.589144 0.543425 1.615310 2.477661 1.744963 2.243903 -1.610049 0.018734
Cyclist -1 -1 -10 1166.000000 174.000000 1197.000000 223.000000 1.677953 0.514024 1.434747 16.701928 1.429506 20.993034 -0.947186 0.015910
