Pedestrian -1 -1 -10 742.000000 159.000000 836.000000 372.000000 1.765134 0.633714 1.018064 1.487205 1.538893 6.000587 -2.357749 0.998063
Pedestrian -1 -1 -10 421.000000 164.000000 471.000000 295.000000 1.690509 0.670768 0.764855 -2.082330 1.478157 9.672936 -2.209884 0.997627
Pedestrian -1 -1 -10 537.000000 163.000000 599.000000 318.000000 1.750348 0.640372 0.875643 -0.352299 1.551614 8.598861 1.126860 0.994002
Pedestrian -1 -1 -10 639.000000 160.000000 681.000000 283.000000 1.713513 0.597342 0.893770 0.822138 1.366489 10.382892 -2.450258 0.993852
Pedestrian -1 -1 -10 505.000000 160.000000 546.000000 270.000000 1.744874 0.633398 0.895992 -1.317503 1.421541 11.745463 -2.162509 0.986579
Pedestrian -1 -1 -10 704.000000 157.000000 759.000000 332.000000 1.751161 0.630564 0.822879 1.273208 1.531300 7.457084 -1.961810 0.984458
Pedestrian -1 -1 -10 592.000000 166.000000 637.000000 289.000000 1.679424 0.618420 0.763745 0.186366 1.454401 10.322214 1.099818 0.960352
Pedestrian -1 -1 -10 313.000000 157.000000 365.000000 268.000000 1.717828 0.566365 0.595643 -5.193755 1.275570 14.160066 -1.948940 0.634687
Pedestrian -1 -1 -10 441.000000 170.000000 478.000000 271.000000 1.749919 0.642888 0.682243 -2.620854 1.472841 13.305319 -1.807990 0.190011
Pedestrian -1 -1 -10 725.000000 161.000000 792.000000 355.000000 1.804679 0.688622 1.107143 1.407249 1.548818 5.977653 0.313646 0.180594
Pedestrian -1 -1 -10 424.000000 170.000000 506.000000 260.000000 1.738895 0.645564 0.716760 -2.626670 1.429229 13.379229 2.840360 0.055159
Pedestrian -1 -1 -10 525.000000 158.000000 565.000000 282.000000 1.786750 0.667502 0.734648 -0.940029 1.167075 11.361363 -1.192923 0.052014
Pedestrian -1 -1 -10 554.000000 164.000000 591.000000 236.000000 1.695277 0.519286 0.586320 -0.127796 1.631452 12.305940 2.936006 0.050662
Pedestrian -1 -1 -10 682.000000 159.000000 700.000000 207.000000 1.715816 0.617239 0.694195 3.600942 0.857040 28.571122 2.098493 0.049570
Pedestrian -1 -1 -10 440.000000 165.000000 460.000000 216.000000 1.760589 0.692439 0.773808 -4.740490 1.054347 22.469176 -1.409171 0.047173
Car -1 -1 -10 447.000000 171.000000 520.000000 238.000000 1.536717 1.597281 3.918227 -3.032235 1.340745 18.562431 1.506517 0.625902
Car -1 -1 -10 416.000000 174.000000 486.000000 266.000000 1.645304 1.610602 3.777528 -2.612385 1.465824 15.035580 -1.295014 0.070041
Cyclist -1 -1 -10 424.000000 166.000000 478.000000 289.000000 1.746718 0.541718 1.728543 -2.259127 1.490684 9.693430 -2.212198 0.076226
Cyclist -1 -1 -10 448.000000 171.000000 520.000000 239.000000 1.679310 0.580433 1.705731 -2.709433 1.440812 17.431365 1.416554 0.027853
Cyclist -1 -1 -10 553.000000 163.000000 593.000000 294.000000 1.732930 0.566875 1.709721 -0.442959 1.453609 9.306926 1.615760 0.020579
Cyclist -1 -1 -10 436.000000 174.000000 479.000000 246.000000 1.673906 0.608203 1.583067 -3.164911 1.125433 14.241488 0.289587 0.016155
Cyclist -1 -1 -10 440.000000 170.000000 465.000000 225.000000 1.676844 0.585354 1.619468 -4.754226 1.005069 22.634221 1.889387 0.013978
