Pedestrian -1 -1 -10 661.000000 168.000000 671.000000 200.000000 1.771938 0.520127 0.570587 3.693222 1.854186 47.538123 2.182865 0.045368
Car -1 -1 -10 563.000000 171.000000 646.000000 241.000000 1.580028 1.634038 3.730554 -0.048979 1.590816 18.388994 -1.514741 0.999006
Car -1 -1 -10 781.000000 169.000000 897.000000 244.000000 1.558615 1.658301 3.983418 5.166799 1.446234 16.648675 -1.562083 0.998857
Car -1 -1 -10 1.000000 195.000000 211.000000 325.000000 1.499066 1.581958 3.618241 -7.317477 1.821255 9.629585 -2.893659 0.997600
Car -1 -1 -10 923.000000 169.000000 1237.000000 377.000000 1.509790 1.652871 4.049063 3.355034 1.554361 3.961899 -1.442015 0.959533
Car -1 -1 -10 747.000000 164.000000 793.000000 206.000000 1.806764 1.670591 4.028257 7.238286 1.520592 33.283981 -1.475616 0.947771
Car -1 -1 -10 762.000000 169.000000 837.000000 226.000000 1.502628 1.614873 3.871966 5.750258 1.515020 22.739645 -1.436877 0.934719
Car -1 -1 -10 628.000000 175.000000 666.000000 210.000000 1.485520 1.575138 3.616770 1.671367 1.613188 32.088646 -1.475093 0.884778
Car -1 -1 -10 734.000000 165.000000 771.000000 198.000000 1.390907 1.525670 3.370727 4.104273 0.976479 20.438783 0.936183 0.394131
Car -1 -1 -10 590.000000 167.000000 644.000000 220.000000 1.625528 1.631394 3.907253 0.273475 1.677913 23.496942 -1.533417 0.149942
