Pedestrian -1 -1 -10 805.000000 168.000000 840.000000 252.000000 1.730933 0.727841 0.964200 4.351239 1.646492 14.918378 1.381384 0.987628
Pedestrian -1 -1 -10 802.000000 174.000000 825.000000 225.000000 1.687936 0.618231 0.593378 4.568369 1.331481 15.114135 -0.678639 0.058252
Pedestrian -1 -1 -10 53.000000 206.000000 87.000000 278.000000 1.691793 0.479530 0.645223 -12.058416 2.346647 15.867312 -0.002257 0.042742
Car -1 -1 -10 342.000000 190.000000 431.000000 254.000000 1.452975 1.626922 3.964260 -5.653015 1.827741 17.912741 1.148477 0.999719
Car -1 -1 -10 0.000000 203.000000 327.000000 372.000000 1.458960 1.582752 3.739126 -3.736740 1.792472 6.110574 1.488250 0.992853
Car -1 -1 -10 485.000000 178.000000 579.000000 211.000000 1.617425 1.654001 4.104320 -3.937918 1.912689 35.354389 -0.692053 0.987979
Car -1 -1 -10 621.000000 177.000000 711.000000 206.000000 1.537733 1.656073 4.192506 3.018519 1.772549 38.767540 2.747624 0.978643
Car -1 -1 -10 163.000000 185.000000 291.000000 227.000000 1.619830 1.625950 4.045741 -14.737538 2.068511 28.004900 -0.001020 0.941421
Car -1 -1 -10 221.000000 190.000000 294.000000 218.000000 1.513037 1.637070 4.056122 -14.609772 1.948917 28.776573 1.692782 0.022292
Cyclist -1 -1 -10 47.000000 204.000000 91.000000 278.000000 1.709093 0.716967 1.762047 -11.813053 2.134490 15.650553 0.402342 0.455449
Cyclist -1 -1 -10 806.000000 168.000000 839.000000 252.000000 1.819494 0.678343 1.777508 4.285732 1.644609 14.941243 1.815384 0.193888
Cyclist -1 -1 -10 802.000000 174.000000 825.000000 225.000000 1.709085 0.592516 1.520500 10.622283 1.362547 38.619305 1.247153 0.038975
Cyclist -1 -1 -10 158.000000 182.000000 291.000000 225.000000 1.866590 0.788532 1.902429 -14.913043 2.183213 27.756162 -0.087240 0.019667
