Pedestrian -1 -1 -10 817.000000 148.000000 826.000000 182.000000 1.634965 0.597337 0.626067 4.176691 0.895843 14.066059 0.353342 0.010701
Car -1 -1 -10 759.000000 168.000000 1087.000000 366.000000 1.561402 1.609761 3.576188 2.883031 1.477913 7.390425 -1.697176 0.999564
Car -1 -1 -10 606.000000 163.000000 683.000000 215.000000 1.523628 1.589784 3.482589 0.991991 1.209867 22.125408 -1.741712 0.998843
Car -1 -1 -10 548.000000 156.000000 621.000000 188.000000 1.512250 1.621954 3.961807 -1.107594 0.743319 37.764961 -0.696406 0.991722
Car -1 -1 -10 667.000000 157.000000 757.000000 190.000000 1.507832 1.576972 4.059816 4.721988 0.761568 33.724565 2.417471 0.989491
Car -1 -1 -10 729.000000 157.000000 812.000000 186.000000 1.567496 1.617181 3.953677 8.166080 0.685453 36.800555 -0.704657 0.965159
Car -1 -1 -10 790.000000 157.000000 858.000000 185.000000 1.494420 1.598257 3.867132 11.990011 0.662019 39.881490 -0.680945 0.621561
Car -1 -1 -10 901.000000 160.000000 1016.000000 210.000000 1.518335 1.598730 3.790130 17.576150 0.862015 35.909955 -2.612652 0.076719
Car -1 -1 -10 652.000000 158.000000 698.000000 185.000000 1.522354 1.538781 3.286034 2.572912 1.315111 24.274521 1.104899 0.031819
Car -1 -1 -10 848.000000 160.000000 1065.000000 288.000000 1.498819 1.594847 3.743723 2.898139 1.315642 7.625666 -1.723164 0.023356
Car -1 -1 -10 817.000000 154.000000 873.000000 194.000000 1.520818 1.645777 3.951397 11.818785 0.771818 39.847586 -0.660786 0.020360
Car -1 -1 -10 903.000000 156.000000 972.000000 197.000000 1.405361 1.525576 3.314098 8.841447 1.074594 19.408882 1.196522 0.016946
Car -1 -1 -10 2.000000 173.000000 67.000000 376.000000 1.505995 1.564105 3.496331 -3.237808 1.631662 4.583499 -2.208408 0.012943
Car -1 -1 -10 844.000000 165.000000 986.000000 215.000000 1.564640 1.668502 4.304163 13.868080 1.441766 32.580944 3.503314 0.011400
Cyclist -1 -1 -10 861.000000 161.000000 1036.000000 227.000000 1.691832 0.806094 1.628656 15.804239 1.313167 33.154891 3.362549 0.109208
Cyclist -1 -1 -10 1.000000 181.000000 67.000000 376.000000 1.688545 0.580092 1.641046 -2.890101 1.807106 3.389836 -2.210426 0.101488
Cyclist -1 -1 -10 816.000000 156.000000 896.000000 204.000000 1.707327 0.483029 1.314909 6.369614 1.242752 18.489329 1.300783 0.080074
Cyclist -1 -1 -10 844.000000 164.000000 928.000000 213.000000 1.690676 0.959166 1.955302 11.390881 1.474431 30.388732 0.873356 0.026238
