Car -1 -1 -10 199.000000 175.000000 422.000000 248.000000 1.589890 1.695560 4.237843 -6.530899 1.608491 16.294950 -3.155636 0.997523
Car -1 -1 -10 882.000000 161.000000 1248.000000 303.000000 1.751812 1.702849 4.177828 6.325325 1.683234 10.178121 3.184968 0.983781
Car -1 -1 -10 -2.000000 183.000000 228.000000 323.000000 1.488884 1.604951 3.782926 -6.892425 1.585026 8.904814 -3.227734 0.942973
Car -1 -1 -10 298.000000 169.000000 485.000000 230.000000 1.763038 1.704977 3.969054 -6.089590 1.618993 21.411963 -3.347568 0.902592
Car -1 -1 -10 665.000000 134.000000 778.000000 240.000000 2.317179 1.839261 4.623364 2.901861 1.642144 19.640971 -1.647703 0.751291
Car -1 -1 -10 422.000000 172.000000 512.000000 205.000000 1.526131 1.600404 3.845442 -7.223760 1.582382 37.149639 -2.819487 0.386985
Car -1 -1 -10 461.000000 172.000000 529.000000 202.000000 1.505901 1.568362 3.886561 -6.835748 1.604673 39.242983 -2.896452 0.379431
Car -1 -1 -10 658.000000 174.000000 711.000000 220.000000 1.570288 1.556283 3.630780 3.033802 1.749852 26.541878 -1.919779 0.074879
Car -1 -1 -10 642.000000 167.000000 690.000000 204.000000 1.631685 1.666889 3.493479 2.873708 1.411763 35.502437 0.094106 0.045221
Car -1 -1 -10 1073.000000 155.000000 1244.000000 254.000000 1.484069 1.582337 3.741659 7.439894 1.298328 10.490718 0.003334 0.027048
Car -1 -1 -10 643.000000 158.000000 718.000000 210.000000 1.864985 1.662076 3.640996 2.591635 1.546271 35.557009 -1.631874 0.020682
