Car -1 -1 -10 26.000000 183.000000 296.000000 292.000000 1.554987 1.625355 3.732165 -6.866173 1.724589 11.561263 -3.123820 0.999062
Car -1 -1 -10 648.000000 182.000000 697.000000 221.000000 1.463805 1.667170 4.017264 2.478447 1.919582 30.070422 -1.597523 0.998723
Car -1 -1 -10 151.000000 183.000000 407.000000 267.000000 1.611496 1.663335 4.235053 -6.596347 1.763589 14.393949 0.008695 0.994246
Car -1 -1 -10 344.000000 184.000000 482.000000 232.000000 1.417739 1.575829 3.931358 -6.518166 1.693562 25.086869 0.662735 0.952091
Car -1 -1 -10 1017.000000 218.000000 1240.000000 374.000000 1.533181 1.612270 3.787290 2.925745 1.633793 1.739339 1.569267 0.859261
Car -1 -1 -10 274.000000 186.000000 437.000000 244.000000 1.568564 1.609965 3.978662 -6.133928 1.745002 17.470060 -3.339393 0.849671
Car -1 -1 -10 415.000000 182.000000 520.000000 218.000000 1.577503 1.615354 3.955420 -5.683925 1.936434 32.563518 0.799631 0.448681
Car -1 -1 -10 685.000000 105.000000 929.000000 290.000000 2.256044 1.845212 4.509167 2.989177 1.670502 11.757176 -1.633348 0.384488
Car -1 -1 -10 456.000000 181.000000 542.000000 209.000000 1.533210 1.636742 3.799353 -5.588461 2.193543 44.725217 -1.705912 0.134176
Car -1 -1 -10 696.000000 177.000000 790.000000 233.000000 1.520663 1.574466 3.651606 3.083974 1.092283 14.775181 1.144604 0.039140
Car -1 -1 -10 694.000000 147.000000 853.000000 272.000000 1.892576 1.728941 4.214932 2.589273 1.389294 12.940169 -1.624206 0.025032
Car -1 -1 -10 671.000000 178.000000 720.000000 213.000000 1.535917 1.629881 3.903565 4.869718 1.632899 47.848464 1.726996 0.021367
Car -1 -1 -10 486.000000 178.000000 550.000000 203.000000 1.598465 1.652228 3.934763 -5.225505 1.799363 45.255913 -1.652595 0.014653
