Pedestrian -1 -1 -10 806.000000 129.000000 864.000000 326.000000 1.821013 0.696595 0.901568 2.273445 1.395735 7.276934 1.410402 0.998821
Pedestrian -1 -1 -10 644.000000 142.000000 687.000000 261.000000 1.759108 0.613119 0.796616 0.854839 1.117800 10.725859 1.686432 0.998343
Pedestrian -1 -1 -10 710.000000 136.000000 782.000000 334.000000 1.794321 0.698498 0.873509 1.285675 1.450728 6.988631 1.339751 0.998066
Pedestrian -1 -1 -10 605.000000 139.000000 656.000000 258.000000 1.805310 0.676486 0.875309 0.397467 1.208598 10.866738 1.612560 0.997038
Pedestrian -1 -1 -10 568.000000 141.000000 607.000000 247.000000 1.771833 0.672667 0.746278 -0.387709 1.091680 12.536654 -0.567483 0.994303
Pedestrian -1 -1 -10 477.000000 139.000000 516.000000 262.000000 1.788078 0.699149 0.927535 -1.752353 1.162507 10.900920 0.926996 0.993895
Pedestrian -1 -1 -10 774.000000 143.000000 811.000000 255.000000 1.714373 0.599376 0.699895 2.977075 1.104759 11.399137 1.354290 0.992440
Pedestrian -1 -1 -10 532.000000 138.000000 568.000000 252.000000 1.775368 0.704673 0.818324 -1.066841 1.100734 11.755552 1.083965 0.990836
Pedestrian -1 -1 -10 681.000000 147.000000 700.000000 201.000000 1.760685 0.667623 0.588180 2.628738 0.669909 22.391980 -2.000798 0.965528
Pedestrian -1 -1 -10 504.000000 146.000000 535.000000 255.000000 1.724596 0.617285 0.642285 -1.418013 1.163627 11.540825 0.404324 0.960859
Pedestrian -1 -1 -10 456.000000 141.000000 482.000000 221.000000 1.806234 0.718533 0.913837 -3.230314 0.888808 16.530577 1.215516 0.740515
Pedestrian -1 -1 -10 607.000000 139.000000 637.000000 224.000000 1.759831 0.624043 0.726764 0.319929 0.688636 17.286842 2.007365 0.627640
Pedestrian -1 -1 -10 513.000000 146.000000 549.000000 233.000000 1.813006 0.659474 0.835450 -1.742026 0.922283 16.960942 0.456499 0.462058
Pedestrian -1 -1 -10 722.000000 146.000000 747.000000 199.000000 1.714470 0.607967 0.636828 4.366929 0.679266 23.839764 -0.871190 0.319226
Pedestrian -1 -1 -10 524.000000 140.000000 544.000000 218.000000 1.765960 0.643673 0.789036 -1.742949 0.855399 17.124238 1.443656 0.285657
Pedestrian -1 -1 -10 560.000000 139.000000 580.000000 210.000000 1.714278 0.612806 0.689754 -0.917996 0.569088 17.149323 -1.555694 0.260699
Pedestrian -1 -1 -10 1102.000000 185.000000 1148.000000 274.000000 1.764990 0.626850 0.937902 12.782526 1.971305 17.426436 3.261039 0.251374
Pedestrian -1 -1 -10 266.000000 137.000000 307.000000 224.000000 1.724628 0.557723 0.721716 -5.438140 0.875172 12.109562 0.659690 0.101090
Pedestrian -1 -1 -10 491.000000 142.000000 512.000000 200.000000 1.751863 0.608923 0.712569 -5.235033 -0.036528 36.115106 1.911045 0.100895
Pedestrian -1 -1 -10 280.000000 142.000000 326.000000 221.000000 1.734063 0.637588 0.695239 -6.836692 1.039324 16.422625 -1.472590 0.052802
Pedestrian -1 -1 -10 661.000000 150.000000 684.000000 215.000000 1.683280 0.612588 0.624024 1.862980 1.681438 18.303972 2.617891 0.037340
Pedestrian -1 -1 -10 669.000000 147.000000 690.000000 205.000000 1.780724 0.661384 0.740836 2.540681 0.617701 22.405994 2.712070 0.031273
Pedestrian -1 -1 -10 511.000000 149.000000 535.000000 212.000000 1.765816 0.637137 0.619344 -1.786954 0.759645 16.953417 0.456107 0.031166
Pedestrian -1 -1 -10 573.000000 141.000000 601.000000 201.000000 1.683280 0.612588 0.624024 -0.470528 0.199640 28.638203 2.497244 0.028999
Cyclist -1 -1 -10 259.000000 140.000000 338.000000 238.000000 1.807307 0.551033 1.644584 -5.514831 1.094393 12.763488 -1.426714 0.921353
Cyclist -1 -1 -10 268.000000 139.000000 310.000000 220.000000 1.677954 0.514024 1.434748 -7.743063 0.252847 17.347512 -2.037438 0.387112
Cyclist -1 -1 -10 294.000000 151.000000 364.000000 211.000000 1.732166 0.575233 1.645621 -7.383514 1.000954 18.064415 -1.369178 0.301554
Cyclist -1 -1 -10 375.000000 144.000000 419.000000 193.000000 1.662795 0.588169 1.615500 -7.188819 0.674292 24.579435 0.705971 0.257693
Cyclist -1 -1 -10 335.000000 151.000000 398.000000 198.000000 1.676941 0.504759 1.355945 -4.540819 0.615283 13.041773 0.660588 0.257085
Cyclist -1 -1 -10 283.000000 144.000000 329.000000 218.000000 1.772648 0.512850 1.543208 -7.327497 0.922858 17.577631 -1.355616 0.213564
Cyclist -1 -1 -10 520.000000 144.000000 541.000000 216.000000 1.809036 0.635632 1.720039 -1.717550 0.802727 17.208294 -1.667512 0.053276
Cyclist -1 -1 -10 454.000000 141.000000 482.000000 225.000000 1.833127 0.657315 1.778244 -3.286451 0.914126 16.592843 1.322554 0.036822
Cyclist -1 -1 -10 567.000000 140.000000 604.000000 230.000000 1.734154 0.619281 1.830540 -0.423341 1.017951 12.783480 -1.624618 0.029914
Cyclist -1 -1 -10 608.000000 139.000000 637.000000 218.000000 1.855969 0.629402 1.731717 0.385569 0.815072 17.369252 1.081830 0.023812
Cyclist -1 -1 -10 500.000000 147.000000 536.000000 240.000000 1.732287 0.547490 1.703666 -1.450470 1.104627 11.633759 1.545430 0.019435
Cyclist -1 -1 -10 488.000000 139.000000 509.000000 191.000000 1.716153 0.421237 1.673430 -5.697253 -0.244736 36.694984 -2.269272 0.012401
