Pedestrian -1 -1 -10 284.000000 168.000000 322.000000 272.000000 1.715973 0.659841 0.646583 -4.575998 1.627400 10.832348 -1.614599 0.957206
Pedestrian -1 -1 -10 333.000000 169.000000 364.000000 291.000000 1.708426 0.633284 0.704466 -5.089000 1.478243 13.860917 2.272493 0.849079
Pedestrian -1 -1 -10 307.000000 171.000000 380.000000 289.000000 1.772418 0.644643 0.833355 -5.203157 1.609860 13.654654 2.234836 0.357873
Pedestrian -1 -1 -10 279.000000 169.000000 453.000000 288.000000 1.740256 0.653506 0.783373 -2.172103 1.951101 6.048818 -2.029169 0.078446
Pedestrian -1 -1 -10 335.000000 175.000000 414.000000 284.000000 1.708009 0.712548 0.570303 -4.639592 1.435616 13.013146 -1.478054 0.052074
Pedestrian -1 -1 -10 256.000000 174.000000 331.000000 297.000000 1.730417 0.671980 0.668218 -4.573022 1.656692 10.831794 -1.637715 0.051576
Pedestrian -1 -1 -10 105.000000 186.000000 474.000000 373.000000 1.697395 0.843477 0.965452 -2.197319 1.896580 6.006439 -1.483745 0.022632
Pedestrian -1 -1 -10 312.000000 181.000000 348.000000 291.000000 1.715454 0.586071 0.626043 -4.449724 1.459875 10.873593 -1.424345 0.012860
Car -1 -1 -10 662.000000 179.000000 734.000000 234.000000 1.455206 1.636126 3.884939 2.402277 1.596503 20.899509 -1.602057 0.999023
Car -1 -1 -10 118.000000 194.000000 457.000000 372.000000 1.499504 1.611211 3.822402 -2.786852 1.700484 7.159194 -1.528454 0.996662
Car -1 -1 -10 527.000000 179.000000 566.000000 215.000000 1.556175 1.647002 3.994266 -3.070224 1.882012 34.698113 -1.636990 0.995811
Car -1 -1 -10 783.000000 187.000000 1238.000000 377.000000 1.481968 1.626357 3.918047 2.523189 1.607166 5.171018 -1.591838 0.980912
Car -1 -1 -10 639.000000 179.000000 687.000000 214.000000 1.482819 1.613458 3.814508 2.344762 1.749668 33.385582 -1.683978 0.974771
Car -1 -1 -10 1.000000 200.000000 281.000000 375.000000 1.532893 1.610974 3.764877 -2.780172 1.638618 2.657511 -1.584299 0.956563
Car -1 -1 -10 308.000000 186.000000 474.000000 282.000000 1.532467 1.606495 3.703510 -3.608368 1.789996 12.090466 -1.578281 0.954209
Car -1 -1 -10 631.000000 178.000000 665.000000 207.000000 1.572736 1.617652 3.907115 1.792438 1.808368 39.326636 -1.540684 0.473103
Car -1 -1 -10 206.000000 178.000000 402.000000 325.000000 1.511380 1.568634 3.863701 -3.710666 1.483508 7.052719 -3.126435 0.024029
Cyclist -1 -1 -10 332.000000 180.000000 451.000000 283.000000 1.686543 0.509273 1.516418 -4.362220 1.487521 15.776225 -1.204262 0.285705
Cyclist -1 -1 -10 327.000000 173.000000 376.000000 287.000000 1.646828 0.488072 1.680845 -4.942968 1.232006 13.724536 1.152261 0.088088
Cyclist -1 -1 -10 246.000000 189.000000 433.000000 275.000000 1.625672 0.698769 1.696000 -5.230471 1.633399 13.631197 2.359258 0.054391
Cyclist -1 -1 -10 256.000000 174.000000 331.000000 297.000000 1.708574 0.612324 1.642888 -4.637370 1.487643 10.926312 0.602633 0.030911
Cyclist -1 -1 -10 117.000000 191.000000 464.000000 375.000000 1.673536 0.714573 1.843585 -2.291536 1.828308 6.192295 -1.397405 0.013105
