Pedestrian -1 -1 -10 153.000000 169.000000 196.000000 223.000000 1.728061 0.656540 0.681653 -11.071784 1.565617 18.201706 -1.842409 0.011736
Car -1 -1 -10 56.000000 175.000000 379.000000 273.000000 1.623958 1.675539 4.327644 -6.576404 1.667267 12.395977 -3.184232 0.998043
Car -1 -1 -10 404.000000 172.000000 491.000000 210.000000 1.533783 1.620384 3.882763 -7.187785 1.599942 33.202160 -2.784962 0.859759
Car -1 -1 -10 277.000000 169.000000 465.000000 244.000000 1.688171 1.691409 4.002222 -6.006941 1.559979 17.377329 -3.135166 0.849767
Car -1 -1 -10 454.000000 175.000000 524.000000 206.000000 1.494719 1.605477 4.009416 -6.412029 1.662414 35.854852 0.834126 0.799187
Car -1 -1 -10 672.000000 126.000000 829.000000 250.000000 2.169998 1.807305 4.500093 2.932198 1.565100 15.718846 -1.623100 0.491233
Car -1 -1 -10 1030.000000 165.000000 1239.000000 374.000000 1.531946 1.640719 4.175535 6.425230 1.695394 6.226807 3.132878 0.434664
Car -1 -1 -10 669.000000 169.000000 759.000000 234.000000 1.487050 1.544197 3.634835 2.955023 1.619895 23.329590 -1.532913 0.319247
Car -1 -1 -10 338.000000 173.000000 468.000000 218.000000 1.454238 1.537113 3.492093 -5.485103 1.134778 19.628791 -2.767291 0.041052
Car -1 -1 -10 637.000000 171.000000 684.000000 206.000000 1.652636 1.526938 3.295408 2.565923 1.589441 35.222876 -1.639832 0.023388
