Pedestrian -1 -1 -10 362.000000 155.000000 423.000000 315.000000 1.792585 0.682579 0.840013 -2.526114 1.492682 8.655310 1.657937 0.997407
Pedestrian -1 -1 -10 600.000000 167.000000 642.000000 289.000000 1.744672 0.576581 0.915296 0.207310 1.518310 10.288230 -0.943750 0.994732
Pedestrian -1 -1 -10 830.000000 128.000000 909.000000 362.000000 1.739627 0.604202 0.882228 1.974272 1.354916 5.688335 -0.187441 0.993145
Pedestrian -1 -1 -10 947.000000 138.000000 1025.000000 330.000000 1.738125 0.626464 0.979042 3.558104 1.337166 6.751165 -1.551383 0.986703
Pedestrian -1 -1 -10 550.000000 168.000000 571.000000 226.000000 1.745401 0.669693 0.825026 -1.310133 1.296238 22.229121 -1.609827 0.970640
Pedestrian -1 -1 -10 516.000000 169.000000 539.000000 222.000000 1.665789 0.627029 0.702622 -2.432667 1.204984 23.871511 -1.811400 0.891981
Pedestrian -1 -1 -10 576.000000 170.000000 593.000000 221.000000 1.811150 0.645156 0.844726 -0.647728 1.370997 23.149061 2.032358 0.481967
Pedestrian -1 -1 -10 584.000000 171.000000 601.000000 224.000000 1.756154 0.635142 0.840703 -0.293377 1.393334 22.342320 -1.984071 0.442385
Pedestrian -1 -1 -10 596.000000 168.000000 618.000000 225.000000 1.710281 0.638896 0.709682 0.137528 1.267697 23.703009 -1.983027 0.158270
Pedestrian -1 -1 -10 781.000000 147.000000 959.000000 363.000000 1.839841 0.701897 1.021899 2.004226 1.587060 5.794182 0.871179 0.132174
Pedestrian -1 -1 -10 487.000000 166.000000 509.000000 219.000000 1.794986 0.703684 0.837223 -3.650564 1.356805 25.160834 1.350198 0.119308
Pedestrian -1 -1 -10 880.000000 149.000000 909.000000 230.000000 1.740291 0.671954 0.726643 5.486465 1.095861 13.310142 1.890270 0.085722
Pedestrian -1 -1 -10 464.000000 172.000000 494.000000 209.000000 1.745077 0.653683 0.768092 -4.369385 1.459201 25.226233 -1.583837 0.046516
Pedestrian -1 -1 -10 473.000000 170.000000 504.000000 223.000000 1.715922 0.573513 0.612023 -3.816637 1.564981 25.125940 2.426823 0.039957
Pedestrian -1 -1 -10 455.000000 170.000000 475.000000 214.000000 1.737674 0.476139 0.560544 -5.403909 1.560548 29.437571 2.422744 0.026431
Pedestrian -1 -1 -10 316.000000 190.000000 356.000000 271.000000 1.693137 0.599922 0.481236 -6.920417 1.890400 19.489107 2.118374 0.026107
Pedestrian -1 -1 -10 267.000000 195.000000 310.000000 277.000000 1.740295 0.638678 0.661468 -5.671955 1.858507 13.213834 -1.439191 0.018984
Pedestrian -1 -1 -10 454.000000 173.000000 498.000000 230.000000 1.694935 0.579977 0.599646 -1.710469 1.635254 11.593736 -1.121238 0.017888
Pedestrian -1 -1 -10 624.000000 166.000000 642.000000 218.000000 1.751722 0.626312 0.677286 1.342501 0.939316 30.760491 2.569575 0.014526
Pedestrian -1 -1 -10 244.000000 198.000000 279.000000 270.000000 1.683280 0.612588 0.624024 -6.630074 1.632297 13.734608 2.081291 0.011074
Cyclist -1 -1 -10 445.000000 170.000000 508.000000 294.000000 1.702111 0.572242 1.721618 -1.829987 1.559084 10.425508 1.581794 0.999309
Cyclist -1 -1 -10 473.000000 170.000000 504.000000 223.000000 1.699692 0.522553 1.628495 -3.638513 1.142523 25.174160 0.942601 0.379399
Cyclist -1 -1 -10 3.000000 158.000000 166.000000 372.000000 1.627362 0.661133 1.748350 -3.382469 1.781681 4.675919 -2.675422 0.245628
Cyclist -1 -1 -10 487.000000 166.000000 509.000000 219.000000 1.753531 0.666733 1.754534 -3.689289 1.270418 25.300890 0.957585 0.241585
Cyclist -1 -1 -10 806.000000 140.000000 951.000000 369.000000 1.744307 0.545478 1.827614 1.864778 1.404572 5.732213 1.366614 0.133835
Cyclist -1 -1 -10 455.000000 170.000000 475.000000 214.000000 1.761403 0.552074 1.314592 -7.382210 1.514841 38.299425 0.855448 0.133747
Cyclist -1 -1 -10 454.000000 173.000000 498.000000 230.000000 1.677214 0.507139 1.509858 -3.627137 1.917765 20.873341 -0.094801 0.112390
Cyclist -1 -1 -10 516.000000 169.000000 540.000000 223.000000 1.770224 0.642703 1.745359 -2.529900 1.297227 23.954172 -1.661652 0.105762
Cyclist -1 -1 -10 464.000000 172.000000 494.000000 209.000000 1.680264 0.529772 1.522300 -4.225197 1.406260 25.428905 -1.758804 0.105414
Cyclist -1 -1 -10 874.000000 158.000000 907.000000 223.000000 1.708429 0.564969 1.712422 5.631509 0.998515 13.913855 1.494307 0.011522
