Car -1 -1 -10 694.000000 187.000000 796.000000 256.000000 1.480513 1.592507 3.566399 2.996431 1.806262 16.950727 -1.615425 0.997361
Car -1 -1 -10 -6.000000 183.000000 356.000000 293.000000 1.651971 1.640181 4.139555 -6.013292 1.677752 10.958832 -0.072282 0.995716
Car -1 -1 -10 229.000000 175.000000 429.000000 260.000000 1.646614 1.614491 4.008957 -6.069661 1.722633 16.253251 0.028789 0.989891
Car -1 -1 -10 311.000000 175.000000 470.000000 233.000000 1.572552 1.625423 3.859083 -6.510412 1.647382 21.578515 -3.274221 0.980388
Car -1 -1 -10 913.000000 182.000000 1238.000000 373.000000 1.536448 1.613855 3.850008 3.157324 1.665819 3.348713 -1.582435 0.966418
Car -1 -1 -10 4.000000 186.000000 205.000000 343.000000 1.613930 1.639907 3.969212 -6.875501 1.642715 7.283180 -3.147089 0.965692
Car -1 -1 -10 754.000000 185.000000 871.000000 228.000000 1.476551 1.597527 3.867220 6.994826 1.921529 24.277956 -0.059453 0.953871
Car -1 -1 -10 383.000000 174.000000 504.000000 221.000000 1.468262 1.506248 3.589301 -5.641325 1.997624 28.898104 1.810444 0.805201
Car -1 -1 -10 466.000000 177.000000 534.000000 204.000000 1.580119 1.667227 3.729827 -6.035364 2.099117 46.262547 -1.710637 0.770952
Car -1 -1 -10 691.000000 180.000000 822.000000 227.000000 1.454293 1.580485 3.955635 6.233809 1.756308 26.573424 1.197952 0.248213
