Pedestrian -1 -1 -10 703.000000 163.000000 716.000000 210.000000 1.792949 0.641494 0.873288 4.296036 1.559167 31.291804 -1.787998 0.186304
Pedestrian -1 -1 -10 529.000000 171.000000 543.000000 209.000000 1.738788 0.597104 0.724628 -3.584526 1.789966 34.810729 0.970504 0.066983
Pedestrian -1 -1 -10 477.000000 173.000000 497.000000 225.000000 1.666024 0.778058 0.530663 -3.499301 1.726304 20.552479 1.509096 0.014149
Car -1 -1 -10 94.000000 186.000000 355.000000 335.000000 1.612113 1.613491 3.884641 -4.968994 1.804949 9.891717 1.567627 0.999705
Car -1 -1 -10 773.000000 167.000000 1151.000000 376.000000 1.522361 1.611317 3.758424 2.642401 1.621517 6.388450 -1.583435 0.995305
Car -1 -1 -10 426.000000 183.000000 494.000000 230.000000 1.502218 1.649922 4.018327 -5.395601 1.848687 25.690967 1.394721 0.967344
Car -1 -1 -10 825.000000 175.000000 935.000000 254.000000 1.509242 1.597936 3.777035 6.478461 1.043104 15.156840 1.393705 0.303158
Car -1 -1 -10 510.000000 176.000000 547.000000 206.000000 1.616172 1.596336 3.889350 -5.053443 2.053422 44.574957 1.704813 0.031824
Car -1 -1 -10 814.000000 176.000000 1033.000000 272.000000 1.464327 1.560997 3.833827 6.412172 1.243985 14.290987 1.328834 0.023809
Car -1 -1 -10 527.000000 173.000000 544.000000 206.000000 1.432239 1.533775 3.576675 -1.641282 0.632210 16.412853 0.570957 0.015561
Cyclist -1 -1 -10 498.000000 171.000000 528.000000 238.000000 1.724573 0.597630 1.774403 -2.786573 1.768434 20.884086 1.616783 0.999402
Cyclist -1 -1 -10 471.000000 172.000000 502.000000 241.000000 1.766254 0.653805 1.773371 -3.520223 1.846577 20.421217 1.590805 0.997772
Cyclist -1 -1 -10 432.000000 180.000000 496.000000 232.000000 1.662961 0.539437 1.649458 -4.992108 2.235557 24.414892 -0.600807 0.582548
Cyclist -1 -1 -10 530.000000 171.000000 543.000000 209.000000 1.770456 0.648672 1.772304 -3.592751 1.807818 34.859172 1.442323 0.103125
Cyclist -1 -1 -10 505.000000 176.000000 542.000000 208.000000 1.677294 0.534213 1.483462 -4.973694 2.552236 42.529114 2.981056 0.063658
Cyclist -1 -1 -10 822.000000 177.000000 938.000000 257.000000 1.704201 0.583539 1.736249 5.439021 1.367583 14.783240 -2.186995 0.012928
