Pedestrian -1 -1 -10 1148.000000 177.000000 1241.000000 379.000000 1.738574 0.656266 0.712894 5.109597 1.807322 6.257266 2.709790 0.031714
Car -1 -1 -10 752.000000 179.000000 933.000000 247.000000 1.504826 1.633493 3.807309 5.567747 1.761119 17.647902 -0.071636 0.999406
Car -1 -1 -10 637.000000 180.000000 679.000000 214.000000 1.426660 1.612181 3.812068 2.058271 1.805274 31.991956 -1.596174 0.998741
Car -1 -1 -10 3.000000 180.000000 316.000000 316.000000 1.600412 1.633418 4.098026 -6.124825 1.664218 10.143390 -0.103340 0.998051
Car -1 -1 -10 987.000000 177.000000 1242.000000 354.000000 1.536784 1.605773 3.793357 6.443542 1.688375 7.717906 -0.005940 0.994089
Car -1 -1 -10 345.000000 179.000000 488.000000 224.000000 1.589179 1.657446 4.170718 -6.599721 1.790880 25.682709 -0.003187 0.980842
Car -1 -1 -10 78.000000 177.000000 393.000000 272.000000 1.679285 1.666925 3.950822 -6.503317 1.699002 12.269043 -3.236128 0.954840
Car -1 -1 -10 256.000000 181.000000 428.000000 245.000000 1.508068 1.565002 3.665972 -6.301067 1.777924 17.464978 -3.089770 0.942257
Car -1 -1 -10 1142.000000 184.000000 1241.000000 368.000000 1.523254 1.605917 3.885772 6.032045 1.619923 6.748286 2.117635 0.389302
Car -1 -1 -10 445.000000 177.000000 527.000000 207.000000 1.623284 1.691633 4.085119 -6.535881 1.909153 38.794560 -2.369644 0.251021
Car -1 -1 -10 396.000000 176.000000 502.000000 214.000000 1.661170 1.671772 4.127165 -7.495640 1.763175 33.550455 -0.042267 0.184586
