Pedestrian -1 -1 -10 468.000000 183.000000 486.000000 228.000000 1.717461 0.794007 0.711429 -5.206581 2.149438 28.325204 1.411730 0.014040
Car -1 -1 -10 645.000000 184.000000 716.000000 236.000000 1.487222 1.598163 3.582005 1.976237 1.837683 22.219470 -1.696117 0.997513
Car -1 -1 -10 705.000000 182.000000 837.000000 280.000000 1.489082 1.603834 3.845430 2.887683 1.710684 13.072378 1.485367 0.992373
Car -1 -1 -10 405.000000 192.000000 461.000000 239.000000 1.501497 1.636832 3.774160 -6.075468 2.125843 24.747984 -1.785421 0.986789
Car -1 -1 -10 757.000000 152.000000 1040.000000 357.000000 1.804555 1.664023 4.173295 2.845998 1.641560 7.943215 -1.597973 0.963037
Car -1 -1 -10 563.000000 185.000000 602.000000 215.000000 1.522546 1.590634 3.664578 -1.638353 2.281352 41.188329 -1.756216 0.596008
Car -1 -1 -10 607.000000 187.000000 675.000000 223.000000 1.489530 1.607761 3.736839 1.018245 1.832061 29.127886 -1.758625 0.351177
Car -1 -1 -10 1017.000000 151.000000 1240.000000 367.000000 1.537900 1.606231 3.806674 2.582830 1.229446 1.313029 1.578741 0.096704
Car -1 -1 -10 732.000000 173.000000 929.000000 301.000000 1.521563 1.571539 3.587185 3.296019 1.679420 11.768952 1.655385 0.042105
Car -1 -1 -10 710.000000 187.000000 786.000000 248.000000 1.550898 1.593856 3.794920 2.989171 1.652106 16.405907 -1.463780 0.022994
Car -1 -1 -10 423.000000 190.000000 465.000000 224.000000 1.559423 1.612127 3.821255 -7.517226 2.412042 30.833288 -1.769835 0.016219
Cyclist -1 -1 -10 487.000000 182.000000 508.000000 226.000000 1.681428 0.526503 1.743995 -4.748773 2.052190 30.154278 1.406194 0.517243
Cyclist -1 -1 -10 467.000000 183.000000 487.000000 228.000000 1.784841 0.614458 1.756453 -5.325554 2.191201 28.175909 1.454439 0.133314
