Pedestrian -1 -1 -10 661.000000 170.000000 680.000000 218.000000 1.851476 0.634257 0.699333 1.932974 1.564283 22.560726 1.105127 0.232120
Pedestrian -1 -1 -10 675.000000 167.000000 704.000000 227.000000 1.793427 0.664657 0.747574 2.116697 1.544965 20.945075 2.119706 0.059185
Pedestrian -1 -1 -10 668.000000 169.000000 693.000000 215.000000 1.616194 0.617367 0.708726 2.015883 1.275623 20.871157 -1.900330 0.015209
Pedestrian -1 -1 -10 659.000000 171.000000 675.000000 203.000000 1.747855 0.573013 0.545551 1.764305 1.641020 22.762050 2.670854 0.010862
Pedestrian -1 -1 -10 692.000000 161.000000 714.000000 192.000000 1.724945 0.585632 0.616783 3.165674 1.542220 22.422604 -1.407065 0.010547
Car -1 -1 -10 376.000000 177.000000 515.000000 280.000000 1.574188 1.622922 3.835239 -2.896179 1.624609 13.153922 -1.603094 0.999578
Car -1 -1 -10 587.000000 173.000000 614.000000 200.000000 1.541609 1.614866 3.815968 -0.777026 1.719629 46.686851 -1.652417 0.996117
Car -1 -1 -10 135.000000 191.000000 256.000000 249.000000 1.499728 1.579393 3.748640 -12.393282 2.145947 22.091254 1.559623 0.995880
Cyclist -1 -1 -10 671.000000 160.000000 742.000000 229.000000 1.720963 0.691119 1.769678 2.350332 1.491575 19.559306 0.252750 0.999662
Cyclist -1 -1 -10 668.000000 166.000000 708.000000 224.000000 1.804836 0.632061 1.802770 2.027866 1.476365 21.171346 1.760608 0.940614
Cyclist -1 -1 -10 662.000000 170.000000 690.000000 216.000000 1.702604 0.615087 1.748355 1.969501 1.337667 21.079757 -1.420878 0.610584
Cyclist -1 -1 -10 801.000000 181.000000 819.000000 211.000000 1.647714 0.546426 1.591123 7.199049 1.516622 26.125782 1.305017 0.115487
Cyclist -1 -1 -10 672.000000 171.000000 684.000000 215.000000 1.714029 0.608125 1.722795 1.935422 1.347847 21.014540 -1.316721 0.058217
Cyclist -1 -1 -10 664.000000 169.000000 677.000000 220.000000 1.802036 0.683619 1.756422 1.964114 1.556629 22.957254 2.181782 0.032449
Cyclist -1 -1 -10 684.000000 166.000000 710.000000 208.000000 1.719043 0.624222 1.647902 2.561753 1.301033 22.071798 -0.929717 0.022265
Cyclist -1 -1 -10 689.000000 165.000000 722.000000 192.000000 1.674547 0.385113 1.095784 2.979105 1.188576 21.255166 -1.411364 0.021769
Cyclist -1 -1 -10 688.000000 159.000000 717.000000 225.000000 1.752036 0.456920 1.706150 2.483846 1.504496 19.293186 -2.092505 0.018156
