Pedestrian -1 -1 -10 1026.000000 150.000000 1116.000000 343.000000 1.649019 0.681762 0.914226 4.233183 1.360558 6.494818 -1.061784 0.995903
Pedestrian -1 -1 -10 514.000000 170.000000 535.000000 230.000000 1.733096 0.609654 0.848808 -2.170735 1.380144 20.255209 1.921398 0.976609
Pedestrian -1 -1 -10 342.000000 162.000000 386.000000 267.000000 1.686099 0.578442 0.599579 -3.476758 0.945386 10.356440 -1.365822 0.966090
Pedestrian -1 -1 -10 661.000000 166.000000 686.000000 220.000000 1.681202 0.632137 0.919616 2.310159 1.403005 23.160306 -0.899866 0.964700
Pedestrian -1 -1 -10 571.000000 167.000000 589.000000 217.000000 1.753800 0.589385 0.778429 -0.815288 1.245798 26.211817 2.542761 0.941065
Pedestrian -1 -1 -10 400.000000 159.000000 428.000000 241.000000 1.813915 0.660171 0.862717 -4.600944 1.395049 17.073982 -2.317314 0.898278
Pedestrian -1 -1 -10 627.000000 165.000000 643.000000 210.000000 1.771869 0.583485 0.887519 1.288969 1.174397 28.285929 -1.440724 0.677170
Pedestrian -1 -1 -10 656.000000 163.000000 675.000000 210.000000 1.709963 0.638974 0.853420 2.198982 1.311317 23.039399 2.676033 0.076567
Car -1 -1 -10 141.000000 253.000000 297.000000 361.000000 1.494437 1.562512 3.824948 -2.669290 1.577467 6.925630 -0.976137 0.130328
Cyclist -1 -1 -10 569.000000 167.000000 589.000000 216.000000 1.740304 0.595154 1.767755 -0.948487 1.238339 26.331976 -2.065755 0.072516
Cyclist -1 -1 -10 513.000000 171.000000 536.000000 228.000000 1.761468 0.541782 1.669141 -2.381312 1.466279 20.234925 -1.654061 0.053532
