Car -1 -1 -10 779.000000 179.000000 1010.000000 340.000000 1.482480 1.605912 3.636272 2.979557 1.596897 8.305242 -1.527532 0.999775
Car -1 -1 -10 154.000000 198.000000 351.000000 311.000000 1.505037 1.592748 3.793961 -6.043384 2.032817 12.611892 1.574484 0.999102
Car -1 -1 -10 460.000000 187.000000 505.000000 218.000000 1.508495 1.540714 3.589563 -6.316833 2.142983 35.332029 1.598998 0.989323
Car -1 -1 -10 643.000000 175.000000 682.000000 205.000000 1.509393 1.630528 3.843498 2.748000 1.734997 39.049443 -1.586448 0.932317
Car -1 -1 -10 217.000000 196.000000 279.000000 224.000000 1.549296 1.647603 4.106749 -21.050659 2.898314 42.170658 -1.594234 0.819624
Car -1 -1 -10 1008.000000 173.000000 1242.000000 369.000000 1.588364 1.657963 3.760339 2.938531 1.520519 2.116343 -1.600155 0.723105
Car -1 -1 -10 479.000000 186.000000 520.000000 213.000000 1.470210 1.557201 3.808874 -6.231081 2.154889 40.744709 1.611792 0.679615
Car -1 -1 -10 263.000000 196.000000 326.000000 222.000000 1.552647 1.553585 3.673682 -18.429913 2.775992 42.306193 1.593492 0.166637
Car -1 -1 -10 178.000000 199.000000 244.000000 225.000000 1.486739 1.588545 3.715650 -23.401469 3.138944 42.583352 -1.416945 0.064519
Car -1 -1 -10 501.000000 179.000000 533.000000 205.000000 1.627830 1.670963 4.067872 -7.106527 2.088972 48.613075 -3.184445 0.050744
Cyclist -1 -1 -10 828.000000 181.000000 935.000000 226.000000 1.700421 0.525387 1.370678 5.740850 0.814397 15.467797 1.362861 0.067474
