Car -1 -1 -10 573.000000 175.000000 615.000000 213.000000 1.538437 1.633152 3.766657 -0.671894 1.124042 32.654895 -1.605563 0.999564
Car -1 -1 -10 -1.000000 198.000000 342.000000 374.000000 1.490043 1.599089 3.733347 -4.347831 1.601136 7.650473 -1.586338 0.998974
Car -1 -1 -10 290.000000 181.000000 429.000000 259.000000 1.468982 1.607224 3.819154 -5.191859 1.415726 15.543541 -1.543780 0.998890
Car -1 -1 -10 110.000000 186.000000 262.000000 265.000000 1.500599 1.569578 3.786184 -9.037989 1.590833 15.161387 -1.540858 0.910574
Car -1 -1 -10 315.000000 172.000000 390.000000 216.000000 1.504924 1.565433 3.724715 -8.467978 1.015652 23.462707 1.593798 0.292505
Car -1 -1 -10 219.000000 181.000000 312.000000 226.000000 1.513735 1.618246 3.806613 -11.936204 1.384844 25.182141 -1.563645 0.116231
Car -1 -1 -10 495.000000 174.000000 539.000000 207.000000 1.524971 1.624950 3.903317 -4.922769 1.051069 42.923348 -1.692454 0.061824
Car -1 -1 -10 531.000000 164.000000 559.000000 195.000000 1.793903 1.663051 3.899831 -5.478975 0.179435 65.849907 -1.644231 0.029290
Car -1 -1 -10 184.000000 185.000000 290.000000 234.000000 1.539354 1.625153 3.946766 -11.840144 1.442879 25.310497 -1.550631 0.026930
Car -1 -1 -10 366.000000 183.000000 429.000000 216.000000 1.508595 1.571981 3.550644 -8.948044 1.346124 31.238931 1.507629 0.021781
Car -1 -1 -10 43.000000 196.000000 280.000000 292.000000 1.515044 1.612080 3.817202 -8.839826 1.607335 15.589310 -1.588677 0.016128
