Pedestrian -1 -1 -10 548.000000 160.000000 576.000000 222.000000 1.766739 0.648297 0.791669 -1.467291 1.262022 22.102062 1.028266 0.983252
Pedestrian -1 -1 -10 410.000000 165.000000 431.000000 213.000000 1.718380 0.655519 0.646811 -5.166501 1.111175 19.689140 -1.793093 0.715581
Pedestrian -1 -1 -10 230.000000 178.000000 250.000000 232.000000 1.775782 0.589145 0.837559 -12.502028 1.761142 24.210708 0.226230 0.616916
Pedestrian -1 -1 -10 222.000000 178.000000 242.000000 234.000000 1.742773 0.552248 0.843048 -12.573105 1.754127 23.794343 0.048466 0.430226
Pedestrian -1 -1 -10 285.000000 170.000000 308.000000 225.000000 1.813480 0.677598 0.599623 -8.976718 1.578502 20.886112 -1.496928 0.155493
Pedestrian -1 -1 -10 841.000000 157.000000 860.000000 198.000000 1.739562 0.626891 0.931279 10.390708 0.701158 30.081668 -1.256518 0.075713
Pedestrian -1 -1 -10 286.000000 172.000000 338.000000 228.000000 1.692658 0.716103 0.845027 -7.911317 1.432316 18.903449 -0.457792 0.044164
Car -1 -1 -10 385.000000 179.000000 500.000000 257.000000 1.461136 1.602095 3.822637 -3.293259 1.430808 15.090246 -1.590720 0.999408
Car -1 -1 -10 995.000000 158.000000 1107.000000 189.000000 1.612088 1.622951 3.831665 19.748279 0.376087 31.000743 -0.059547 0.330855
Car -1 -1 -10 1080.000000 144.000000 1222.000000 186.000000 1.675418 1.666833 3.959539 24.317734 0.134871 31.192567 -0.003598 0.264146
Car -1 -1 -10 401.000000 172.000000 449.000000 216.000000 1.543184 1.560505 3.875578 -5.305190 0.889799 21.992178 1.226854 0.030603
Car -1 -1 -10 976.000000 149.000000 1059.000000 202.000000 1.559017 1.599792 3.696020 18.674473 0.532582 31.475669 1.557028 0.027828
Cyclist -1 -1 -10 729.000000 157.000000 774.000000 198.000000 1.741884 0.624146 1.838883 6.807508 0.814263 32.855713 -0.203554 0.999470
Cyclist -1 -1 -10 893.000000 143.000000 960.000000 203.000000 1.773408 0.476437 1.773178 10.665608 0.644358 23.397348 -0.651300 0.993767
Cyclist -1 -1 -10 970.000000 141.000000 1055.000000 208.000000 1.709349 0.701930 1.819094 10.196463 0.690087 18.223716 0.575356 0.983035
Cyclist -1 -1 -10 285.000000 169.000000 358.000000 234.000000 1.689017 0.650944 1.765946 -7.805253 1.493134 19.009252 -0.323190 0.982831
Cyclist -1 -1 -10 840.000000 156.000000 861.000000 199.000000 1.768234 0.616246 1.803322 10.468531 0.730196 30.233659 -0.944351 0.946366
Cyclist -1 -1 -10 282.000000 171.000000 318.000000 226.000000 1.705844 0.612757 1.561194 -8.547843 1.408599 19.911026 0.648280 0.358330
Cyclist -1 -1 -10 405.000000 170.000000 436.000000 212.000000 1.673471 0.663175 1.678349 -5.223004 0.930052 19.936268 0.746042 0.237619
Cyclist -1 -1 -10 1001.000000 151.000000 1100.000000 191.000000 1.673106 0.813369 1.846549 19.317934 0.552721 29.989626 3.619637 0.035032
