Car -1 -1 -10 709.000000 184.000000 936.000000 332.000000 1.605315 1.640055 3.771943 2.675010 1.825370 9.869265 -1.744102 0.999584
Car -1 -1 -10 587.000000 184.000000 657.000000 232.000000 1.496875 1.592559 3.556122 0.378786 1.930788 24.353891 -1.785225 0.998532
Car -1 -1 -10 533.000000 179.000000 602.000000 208.000000 1.499125 1.558448 3.721361 -2.297265 1.961780 39.715825 2.435528 0.972006
Car -1 -1 -10 647.000000 179.000000 725.000000 210.000000 1.523221 1.563039 3.955872 3.851018 1.723547 36.133649 2.391439 0.960140
Car -1 -1 -10 696.000000 177.000000 783.000000 207.000000 1.525884 1.605424 3.986633 7.155572 1.840749 39.208732 -0.737703 0.815531
Car -1 -1 -10 762.000000 178.000000 837.000000 210.000000 1.507498 1.584181 4.022249 11.106762 1.834744 42.589534 -0.666138 0.391949
Car -1 -1 -10 773.000000 178.000000 875.000000 221.000000 1.610499 1.725382 4.367733 13.229757 1.612030 44.420620 -1.841252 0.055422
Car -1 -1 -10 629.000000 181.000000 689.000000 206.000000 1.393219 1.543276 3.239647 1.747748 1.600166 22.908532 0.819118 0.044874
Car -1 -1 -10 801.000000 184.000000 889.000000 246.000000 1.554880 1.625254 3.878680 9.463749 1.271771 25.769102 1.860891 0.040300
Car -1 -1 -10 776.000000 173.000000 824.000000 227.000000 1.497007 1.585877 3.815530 10.946693 1.823424 42.455582 -0.725072 0.024581
Car -1 -1 -10 795.000000 174.000000 847.000000 204.000000 1.585501 1.620401 3.795813 12.962520 1.785159 44.977494 -2.321111 0.011872
Cyclist -1 -1 -10 208.000000 177.000000 343.000000 373.000000 1.705253 0.604248 1.768618 -3.192758 1.773309 6.947809 1.498200 0.999580
Cyclist -1 -1 -10 784.000000 183.000000 895.000000 231.000000 1.698365 0.517170 1.486674 7.938099 1.569967 24.966497 1.348691 0.112791
Cyclist -1 -1 -10 759.000000 175.000000 849.000000 220.000000 1.662715 0.921505 1.931660 10.262689 1.987991 41.112833 3.295887 0.051842
