Pedestrian -1 -1 -10 543.000000 176.000000 552.000000 208.000000 1.732604 0.598492 0.847855 -3.489527 1.915127 40.378489 1.921514 0.268666
Pedestrian -1 -1 -10 555.000000 172.000000 565.000000 207.000000 1.805305 0.649100 0.877114 -2.805837 1.851413 40.767376 1.077855 0.144441
Pedestrian -1 -1 -10 548.000000 173.000000 563.000000 205.000000 1.812735 0.636026 0.936558 -3.100652 1.776050 40.441276 0.990602 0.016899
Car -1 -1 -10 671.000000 172.000000 752.000000 242.000000 1.610003 1.633193 3.612951 2.431149 1.628859 18.762178 -1.583944 0.998618
Car -1 -1 -10 400.000000 182.000000 482.000000 240.000000 1.563467 1.614012 3.877388 -5.099293 1.877725 22.264167 1.541644 0.998352
Car -1 -1 -10 486.000000 182.000000 526.000000 212.000000 1.525155 1.635054 3.928461 -5.455297 1.935538 38.033196 1.555324 0.997916
Car -1 -1 -10 -4.000000 180.000000 348.000000 374.000000 1.720040 1.640728 3.954177 -4.449194 1.828927 8.233463 -1.557434 0.989769
Car -1 -1 -10 901.000000 183.000000 1229.000000 376.000000 1.498466 1.591219 3.819140 2.480513 1.659577 2.568274 1.550911 0.951244
Car -1 -1 -10 2.000000 196.000000 49.000000 374.000000 1.523307 1.612895 3.926234 -4.645148 1.773533 8.043205 -1.702654 0.026878
Car -1 -1 -10 -6.000000 190.000000 133.000000 368.000000 1.545774 1.618746 3.826434 -4.631499 1.744428 8.235122 -1.610677 0.023745
Car -1 -1 -10 429.000000 182.000000 475.000000 214.000000 1.496636 1.585749 4.063110 -8.529144 1.211601 33.984005 1.556144 0.011263
Cyclist -1 -1 -10 556.000000 172.000000 567.000000 207.000000 1.808606 0.660428 1.788217 -2.889593 1.852322 40.848847 1.490760 0.241478
Cyclist -1 -1 -10 543.000000 175.000000 552.000000 208.000000 1.790298 0.582040 1.770347 -3.532090 1.913124 40.317789 -1.192106 0.075893
Cyclist -1 -1 -10 539.000000 177.000000 557.000000 204.000000 1.720049 0.559897 1.708932 -3.428488 1.794789 40.285979 1.886005 0.013281
