Pedestrian -1 -1 -10 501.000000 172.000000 518.000000 210.000000 1.753154 0.571444 0.800193 -4.785892 1.767351 33.947256 -1.657015 0.020558
Car -1 -1 -10 642.000000 173.000000 706.000000 219.000000 1.524164 1.570572 3.409036 2.070347 1.537991 24.794092 -1.707450 0.998363
Car -1 -1 -10 430.000000 179.000000 477.000000 222.000000 1.505216 1.621771 3.690819 -6.038378 1.826882 27.483945 -1.794952 0.993026
Car -1 -1 -10 692.000000 172.000000 799.000000 247.000000 1.483760 1.592278 3.802716 2.875963 1.488127 15.888141 1.527810 0.966158
Car -1 -1 -10 729.000000 150.000000 912.000000 290.000000 1.809129 1.708494 4.169874 3.054127 1.500609 10.517638 -1.595912 0.905606
Car -1 -1 -10 0.000000 194.000000 95.000000 265.000000 1.477058 1.548997 3.583601 -14.846590 2.117106 18.834673 -2.030966 0.853133
Car -1 -1 -10 569.000000 174.000000 605.000000 202.000000 1.448814 1.601261 3.580562 -1.435238 1.694163 43.759578 -1.702780 0.698948
Car -1 -1 -10 608.000000 176.000000 668.000000 209.000000 1.574230 1.617317 3.896708 1.529892 1.506099 32.578204 -0.949419 0.185484
Car -1 -1 -10 445.000000 178.000000 477.000000 205.000000 1.524241 1.504203 3.205060 -8.887786 2.138627 48.035666 1.379290 0.054060
Cyclist -1 -1 -10 480.000000 173.000000 500.000000 212.000000 1.714833 0.572093 1.748229 -5.418976 1.702224 32.009916 1.356952 0.730471
Cyclist -1 -1 -10 500.000000 172.000000 518.000000 210.000000 1.727168 0.490068 1.766082 -4.725951 1.784995 34.012380 -1.709905 0.457326
