Car -1 -1 -10 436.000000 188.000000 489.000000 225.000000 1.504899 1.556722 3.624905 -6.225212 2.148719 30.935109 1.573611 0.996559
Car -1 -1 -10 4.000000 209.000000 242.000000 373.000000 1.507639 1.601481 3.776015 -6.065271 2.052905 8.183465 1.600443 0.990837
Car -1 -1 -10 926.000000 191.000000 1227.000000 373.000000 1.521406 1.607614 3.810780 3.014140 1.654224 3.531744 -1.473018 0.973091
Car -1 -1 -10 648.000000 176.000000 693.000000 208.000000 1.487749 1.608172 3.804209 2.746821 1.674665 34.611615 -1.601745 0.951600
Car -1 -1 -10 463.000000 187.000000 510.000000 217.000000 1.470799 1.552000 3.856912 -6.215170 2.162470 36.545341 1.555879 0.917150
Car -1 -1 -10 227.000000 197.000000 292.000000 227.000000 1.553485 1.661617 3.899604 -18.519364 2.777464 37.612338 -1.401929 0.647563
Car -1 -1 -10 120.000000 202.000000 198.000000 232.000000 1.598772 1.632230 3.787840 -23.887243 3.000984 38.467750 -1.517014 0.354359
Car -1 -1 -10 78.000000 204.000000 155.000000 233.000000 1.503660 1.608434 3.759595 -26.021123 3.210245 38.710887 -1.637875 0.320974
Car -1 -1 -10 -1.000000 204.000000 81.000000 242.000000 1.571220 1.607858 3.976817 -31.095228 3.517320 39.083419 1.323571 0.302890
Car -1 -1 -10 167.000000 197.000000 243.000000 228.000000 1.566868 1.610328 3.753671 -20.966893 2.817459 37.653079 -1.565659 0.197994
Car -1 -1 -10 490.000000 180.000000 527.000000 207.000000 1.542991 1.615819 3.859986 -6.410692 2.158583 44.684107 1.448135 0.078604
