Car -1 -1 -10 763.000000 183.000000 970.000000 321.000000 1.551017 1.620402 3.755961 3.232045 1.739650 9.940227 -1.558430 0.999352
Car -1 -1 -10 127.000000 183.000000 393.000000 265.000000 1.500498 1.654838 4.208667 -6.331974 1.656422 13.469511 -3.182995 0.998456
Car -1 -1 -10 679.000000 181.000000 731.000000 221.000000 1.496353 1.551226 3.493482 3.679971 1.843487 28.244832 -1.606445 0.997112
Car -1 -1 -10 369.000000 179.000000 490.000000 233.000000 1.658036 1.645749 3.989235 -5.863192 1.857370 23.610623 -3.214658 0.994305
Car -1 -1 -10 720.000000 176.000000 845.000000 267.000000 1.579523 1.644394 3.854059 3.338386 1.673336 14.938123 -1.555752 0.988955
Car -1 -1 -10 275.000000 183.000000 446.000000 243.000000 1.528839 1.614001 4.024881 -6.494062 1.773050 18.814031 -3.190713 0.974338
Car -1 -1 -10 422.000000 177.000000 511.000000 223.000000 1.623236 1.629463 4.074919 -5.410781 1.810732 27.886651 -3.071389 0.956172
Car -1 -1 -10 2.000000 181.000000 242.000000 373.000000 1.564967 1.611853 4.098850 -5.833317 1.646032 6.490977 0.035043 0.941211
Car -1 -1 -10 456.000000 176.000000 535.000000 213.000000 1.625744 1.656687 3.991431 -4.931619 1.845955 34.151754 -1.719476 0.404284
Car -1 -1 -10 701.000000 177.000000 768.000000 223.000000 1.498526 1.541274 3.543708 8.034229 1.526103 35.611296 1.179312 0.230361
