Pedestrian -1 -1 -10 673.000000 167.000000 682.000000 202.000000 1.786076 0.645063 0.813390 3.690247 1.565473 39.917502 1.280889 0.850132
Car -1 -1 -10 788.000000 183.000000 1176.000000 371.000000 1.490319 1.645431 3.976436 3.307350 1.676226 7.336385 -1.649460 0.999793
Car -1 -1 -10 172.000000 188.000000 362.000000 292.000000 1.494959 1.542626 3.534528 -5.352814 1.718878 11.836261 1.562139 0.998927
Car -1 -1 -10 311.000000 181.000000 432.000000 255.000000 1.500041 1.600066 3.924488 -5.372321 1.693446 16.419051 1.573653 0.998348
Car -1 -1 -10 738.000000 179.000000 895.000000 274.000000 1.473978 1.600473 3.604457 3.375242 1.613283 12.772012 -1.614442 0.996556
Car -1 -1 -10 1131.000000 232.000000 1242.000000 371.000000 1.494444 1.586441 3.790441 3.372059 1.707179 1.802174 -1.569517 0.220462
Car -1 -1 -10 292.000000 175.000000 337.000000 210.000000 1.492923 1.457612 2.945206 -9.933571 1.562849 24.705238 0.514460 0.141817
Car -1 -1 -10 833.000000 187.000000 953.000000 236.000000 1.567300 1.488724 3.545071 9.820745 2.332109 25.590842 1.404964 0.038515
Car -1 -1 -10 802.000000 185.000000 1020.000000 258.000000 1.390325 1.525451 3.210804 9.189843 1.448454 21.617026 1.176875 0.016349
Car -1 -1 -10 785.000000 182.000000 842.000000 219.000000 1.392079 1.529040 3.305904 5.878372 1.083289 20.526133 1.031470 0.014372
Cyclist -1 -1 -10 985.000000 181.000000 1081.000000 229.000000 1.643591 0.345349 1.613135 9.283051 1.541687 15.750935 -1.660910 0.011184
