Car -1 -1 -10 529.000000 203.000000 882.000000 376.000000 1.466794 1.585810 3.600101 0.680601 1.830698 6.675114 -2.083358 0.999735
Car -1 -1 -10 408.000000 215.000000 639.000000 335.000000 1.542035 1.681395 4.074364 -1.636403 2.192681 10.843229 -2.131817 0.997920
Car -1 -1 -10 292.000000 203.000000 396.000000 275.000000 1.586291 1.615647 3.655059 -7.413693 2.434092 18.950991 -2.131528 0.994587
Car -1 -1 -10 244.000000 212.000000 298.000000 254.000000 1.489148 1.600874 3.795154 -13.798639 2.927976 29.478305 -2.129996 0.991532
Car -1 -1 -10 352.000000 212.000000 487.000000 294.000000 1.451747 1.638156 3.965193 -4.144068 2.233787 14.775552 -2.152113 0.990790
Car -1 -1 -10 22.000000 211.000000 107.000000 277.000000 1.630017 1.669592 4.022950 -17.581238 2.913391 23.075348 -2.206999 0.899131
Car -1 -1 -10 269.000000 209.000000 339.000000 263.000000 1.526584 1.637831 3.969592 -7.531261 2.321004 19.516256 -0.974933 0.645799
Car -1 -1 -10 86.000000 217.000000 129.000000 246.000000 1.390769 1.528517 3.165220 -12.912861 2.010750 19.104715 0.185083 0.420128
Car -1 -1 -10 231.000000 214.000000 274.000000 245.000000 1.478850 1.602988 3.916575 -14.002689 3.049212 29.646142 -2.098473 0.284337
Car -1 -1 -10 -2.000000 231.000000 58.000000 330.000000 1.472239 1.539447 3.643807 -11.543919 2.589618 13.336626 1.028087 0.210553
