Pedestrian -1 -1 -10 -1.000000 167.000000 207.000000 374.000000 1.671917 0.655330 0.585995 -2.324968 1.790770 3.240165 -1.668282 0.670057
Pedestrian -1 -1 -10 598.000000 161.000000 609.000000 195.000000 1.739429 0.641943 0.724257 0.179209 0.585158 38.241652 1.892585 0.559249
Pedestrian -1 -1 -10 662.000000 160.000000 671.000000 187.000000 1.758416 0.612666 0.774068 4.303048 0.341273 46.945465 -1.490638 0.516607
Pedestrian -1 -1 -10 584.000000 160.000000 600.000000 195.000000 1.796224 0.677151 0.892137 -0.563350 0.702367 38.592756 1.949750 0.231964
Pedestrian -1 -1 -10 645.000000 155.000000 655.000000 184.000000 1.642717 0.582644 0.579089 1.182684 1.113671 16.271917 0.132851 0.140853
Pedestrian -1 -1 -10 667.000000 158.000000 676.000000 186.000000 1.753439 0.599470 0.694555 4.365778 0.330816 46.746677 1.250104 0.117054
Pedestrian -1 -1 -10 675.000000 157.000000 683.000000 188.000000 1.779890 0.631645 0.715408 5.139350 0.308395 48.103539 2.088783 0.104416
Pedestrian -1 -1 -10 968.000000 149.000000 1016.000000 279.000000 1.724759 0.676119 0.749949 4.688394 1.229981 8.608936 0.592317 0.055001
Pedestrian -1 -1 -10 1100.000000 124.000000 1140.000000 247.000000 1.730641 0.551324 0.638433 7.428141 1.142560 9.799992 3.613068 0.048764
Pedestrian -1 -1 -10 633.000000 159.000000 653.000000 188.000000 1.732519 0.610519 0.619631 1.755514 0.467429 33.162607 -1.524245 0.032619
Pedestrian -1 -1 -10 614.000000 167.000000 653.000000 199.000000 1.776071 0.651137 0.670868 1.401830 1.738845 30.936320 -1.494476 0.029169
Pedestrian -1 -1 -10 0.000000 162.000000 83.000000 358.000000 1.766749 0.696699 0.780500 -7.036414 1.480618 8.691976 0.418591 0.014497
Car -1 -1 -10 614.000000 166.000000 655.000000 200.000000 1.511855 1.617220 3.695882 1.506568 0.836129 32.602672 1.632631 0.998062
Car -1 -1 -10 0.000000 168.000000 213.000000 377.000000 1.510240 1.599338 3.828333 -3.266264 1.145977 3.449390 -2.227017 0.024550
Cyclist -1 -1 -10 -1.000000 156.000000 211.000000 374.000000 1.653540 0.801549 1.801367 -2.122856 1.485504 2.484687 1.568117 0.082583
Cyclist -1 -1 -10 969.000000 152.000000 1012.000000 243.000000 1.668303 0.501829 1.541141 5.585843 0.733172 10.510534 -1.591330 0.039938
Cyclist -1 -1 -10 614.000000 167.000000 653.000000 199.000000 1.672391 0.549657 1.537785 1.409586 1.550347 31.102772 -1.538659 0.012980
