Car -1 -1 -10 276.000000 192.000000 458.000000 324.000000 1.553838 1.544387 3.575906 -3.308089 1.877603 10.577790 1.568263 0.999059
Car -1 -1 -10 731.000000 171.000000 870.000000 280.000000 1.644237 1.653665 3.913334 3.149814 1.674379 13.453084 -1.622215 0.998184
Car -1 -1 -10 815.000000 193.000000 1136.000000 368.000000 1.437353 1.592908 3.934759 3.652391 1.734209 7.909607 -1.537039 0.997938
Car -1 -1 -10 667.000000 178.000000 729.000000 225.000000 1.516685 1.628591 4.032584 2.997630 1.724988 25.928132 -1.575915 0.983998
Car -1 -1 -10 694.000000 176.000000 795.000000 245.000000 1.465617 1.566211 3.697228 3.284752 1.403408 20.636567 1.738956 0.983404
Car -1 -1 -10 463.000000 169.000000 544.000000 236.000000 1.830976 1.710182 4.321955 -3.277025 1.835668 22.224183 -1.576555 0.973999
Car -1 -1 -10 0.000000 205.000000 309.000000 373.000000 1.499876 1.604226 3.788754 -3.209344 1.780048 4.246722 1.519199 0.965679
Car -1 -1 -10 1004.000000 203.000000 1245.000000 375.000000 1.516175 1.643726 3.872384 3.387165 1.900714 3.065621 1.572388 0.963690
Car -1 -1 -10 537.000000 177.000000 570.000000 202.000000 1.531045 1.624499 3.850299 -3.465291 1.791120 43.653299 1.556401 0.895007
Car -1 -1 -10 661.000000 177.000000 704.000000 215.000000 1.551945 1.610753 3.784949 3.089100 1.753717 31.517051 -1.596040 0.348308
