Pedestrian -1 -1 -10 1002.000000 162.000000 1070.000000 304.000000 1.659874 0.670972 0.636966 5.054920 1.432677 8.454563 -1.476325 0.996162
Pedestrian -1 -1 -10 811.000000 159.000000 915.000000 372.000000 1.706567 0.794676 0.839571 2.177706 1.574982 5.849419 -1.616765 0.994469
Pedestrian -1 -1 -10 752.000000 170.000000 838.000000 371.000000 1.680017 0.624264 0.910119 1.554812 1.531760 5.872972 -1.704607 0.992727
Pedestrian -1 -1 -10 219.000000 160.000000 309.000000 363.000000 1.786889 0.650195 0.878374 -3.177437 1.596815 6.580132 -2.040564 0.990798
Pedestrian -1 -1 -10 902.000000 164.000000 926.000000 230.000000 1.704592 0.648079 0.738251 8.239204 1.293729 18.990647 0.992335 0.726091
Pedestrian -1 -1 -10 811.000000 166.000000 840.000000 259.000000 1.706007 0.659882 0.783254 4.976052 1.417039 15.848496 -1.780655 0.486378
Pedestrian -1 -1 -10 502.000000 177.000000 520.000000 224.000000 1.736348 0.643435 0.726152 -3.671847 1.629602 27.960443 -0.712983 0.140309
Pedestrian -1 -1 -10 955.000000 159.000000 971.000000 210.000000 1.690145 0.654473 0.661803 10.322608 1.067769 20.504182 -0.713148 0.115787
Pedestrian -1 -1 -10 813.000000 163.000000 861.000000 280.000000 1.683280 0.612588 0.624023 5.189558 1.079008 15.832823 2.840030 0.096937
Pedestrian -1 -1 -10 857.000000 162.000000 876.000000 209.000000 1.649272 0.650698 0.633256 8.256758 0.940477 22.375044 -1.589670 0.067061
Pedestrian -1 -1 -10 798.000000 171.000000 829.000000 323.000000 1.721601 0.580041 0.590570 1.684927 1.707287 5.844379 -1.262609 0.052420
Car -1 -1 -10 547.000000 169.000000 602.000000 217.000000 1.919961 1.783058 4.406528 -1.497607 1.547408 33.859760 1.630605 0.031862
Car -1 -1 -10 617.000000 172.000000 648.000000 200.000000 1.598119 1.662818 3.821614 2.402836 1.309687 55.290189 -1.544924 0.010536
Cyclist -1 -1 -10 393.000000 173.000000 457.000000 260.000000 1.668890 0.511759 1.730517 -3.936187 1.564739 15.201791 2.757730 0.933951
Cyclist -1 -1 -10 813.000000 164.000000 850.000000 272.000000 1.699314 0.589648 1.668691 4.870478 1.333321 16.031264 -0.631101 0.072846
Cyclist -1 -1 -10 221.000000 159.000000 313.000000 366.000000 1.832497 0.610182 1.727350 -3.308713 1.660199 6.610279 -2.045079 0.028934
Cyclist -1 -1 -10 756.000000 171.000000 836.000000 369.000000 1.813200 0.610676 1.738674 1.527467 1.621286 5.931693 1.866153 0.022500
Cyclist -1 -1 -10 803.000000 167.000000 836.000000 258.000000 1.657075 0.660357 1.707564 4.888264 1.327129 16.090820 3.274160 0.011585
Cyclist -1 -1 -10 1001.000000 160.000000 1069.000000 309.000000 1.738023 0.521230 1.670738 5.093492 1.480095 8.558253 -1.382830 0.010885
