Car -1 -1 -10 749.000000 177.000000 872.000000 228.000000 1.485032 1.583157 3.734715 6.131652 1.665977 22.036516 -2.054550 0.998273
Car -1 -1 -10 384.000000 180.000000 489.000000 215.000000 1.647396 1.624815 4.011830 -6.990456 1.673458 30.253306 -3.214830 0.995615
Car -1 -1 -10 625.000000 177.000000 670.000000 209.000000 1.468960 1.576730 3.686071 1.734686 1.675510 34.382665 -1.712512 0.993544
Car -1 -1 -10 102.000000 177.000000 340.000000 271.000000 1.605364 1.645905 3.930253 -7.117013 1.751682 13.395150 -3.124013 0.986862
Car -1 -1 -10 188.000000 184.000000 385.000000 256.000000 1.480478 1.604081 3.794254 -6.857542 1.669263 15.289603 -3.134995 0.800564
Car -1 -1 -10 0.000000 194.000000 95.000000 367.000000 1.458069 1.587246 3.796241 -6.319441 1.709336 5.917587 1.506995 0.449180
Car -1 -1 -10 422.000000 177.000000 498.000000 206.000000 1.514911 1.589861 3.940932 -7.905387 1.842156 36.764197 -3.122066 0.136420
Car -1 -1 -10 606.000000 176.000000 648.000000 201.000000 1.558002 1.607695 3.956419 1.239897 1.713217 43.620869 -1.607907 0.037444
Car -1 -1 -10 236.000000 162.000000 427.000000 244.000000 1.945136 1.766997 4.270215 -6.661296 1.722459 17.740892 -3.126346 0.026309
Car -1 -1 -10 283.000000 174.000000 465.000000 227.000000 1.486142 1.560155 3.463735 -5.720965 1.987715 25.633008 -0.983305 0.021472
