Pedestrian -1 -1 -10 688.000000 167.000000 709.000000 231.000000 1.691944 0.591099 0.700890 2.055290 1.508350 17.181303 2.166352 0.467602
Pedestrian -1 -1 -10 712.000000 160.000000 741.000000 238.000000 1.697492 0.628130 0.782635 2.429731 1.488605 15.441400 3.201883 0.115119
Pedestrian -1 -1 -10 727.000000 151.000000 754.000000 242.000000 1.804214 0.617197 0.805292 2.571979 1.409294 14.408609 1.648414 0.084944
Pedestrian -1 -1 -10 734.000000 155.000000 760.000000 215.000000 1.707918 0.603327 0.658245 2.981707 1.141198 16.305754 0.713580 0.063579
Pedestrian -1 -1 -10 694.000000 159.000000 766.000000 239.000000 1.749464 0.631304 0.840163 2.753996 1.446831 16.046446 0.776509 0.052480
Pedestrian -1 -1 -10 690.000000 165.000000 732.000000 231.000000 1.772961 0.683099 0.783711 2.310905 1.526238 16.781995 3.133809 0.035921
Pedestrian -1 -1 -10 726.000000 151.000000 785.000000 237.000000 1.791776 0.700549 0.658204 2.743880 1.525429 15.328472 -0.928673 0.021934
Pedestrian -1 -1 -10 743.000000 158.000000 776.000000 203.000000 1.683280 0.612588 0.624024 4.526510 1.579708 22.925275 2.726541 0.014512
Car -1 -1 -10 177.000000 173.000000 472.000000 372.000000 1.613398 1.641005 4.008941 -2.748576 1.632377 7.858155 -1.591909 0.999428
Car -1 -1 -10 592.000000 169.000000 620.000000 196.000000 1.553962 1.624747 3.810670 -0.352115 1.209270 46.532372 1.601697 0.998441
Car -1 -1 -10 322.000000 176.000000 428.000000 221.000000 1.505975 1.583126 3.870173 -8.773223 1.435520 27.691382 1.797862 0.017315
Cyclist -1 -1 -10 700.000000 150.000000 808.000000 250.000000 1.732323 0.676428 1.721765 2.568741 1.454216 13.957013 -2.414947 0.999788
Cyclist -1 -1 -10 705.000000 157.000000 749.000000 245.000000 1.774730 0.609560 1.783698 2.471542 1.422605 15.531344 -0.909727 0.973269
Cyclist -1 -1 -10 721.000000 151.000000 766.000000 242.000000 1.700126 0.591314 1.593955 2.746160 1.343093 14.832668 1.256888 0.831513
Cyclist -1 -1 -10 689.000000 164.000000 729.000000 233.000000 1.726501 0.604053 1.735108 2.212944 1.443117 16.004408 -0.975223 0.781434
Cyclist -1 -1 -10 859.000000 174.000000 889.000000 216.000000 1.641190 0.521357 1.667945 7.687036 1.495230 20.743572 1.374154 0.677579
Cyclist -1 -1 -10 694.000000 164.000000 775.000000 228.000000 1.685463 0.649269 1.757349 2.672769 1.364962 16.411330 3.214092 0.146995
Cyclist -1 -1 -10 735.000000 153.000000 757.000000 228.000000 1.749252 0.618392 1.699067 3.118525 1.276800 15.983657 1.241159 0.088746
Cyclist -1 -1 -10 738.000000 158.000000 770.000000 206.000000 1.752977 0.582208 1.568718 3.428669 1.093537 16.817129 -1.985685 0.048654
Cyclist -1 -1 -10 688.000000 167.000000 709.000000 228.000000 1.678707 0.527644 1.729287 1.973798 1.459918 17.179169 1.669813 0.028083
Cyclist -1 -1 -10 732.000000 154.000000 785.000000 225.000000 1.765192 0.653960 1.713990 2.743275 1.189987 16.435394 -1.933263 0.010770
