Car -1 -1 -10 653.000000 180.000000 707.000000 221.000000 1.412364 1.621263 3.921651 2.504453 1.722208 27.349591 -1.617763 0.998829
Car -1 -1 -10 289.000000 194.000000 453.000000 296.000000 1.443738 1.552957 3.674009 -3.874680 1.884660 12.382209 1.562923 0.998556
Car -1 -1 -10 808.000000 162.000000 996.000000 223.000000 1.592501 1.675285 4.300994 8.075294 1.462209 20.225611 3.172427 0.998456
Car -1 -1 -10 8.000000 204.000000 336.000000 376.000000 1.466388 1.632087 3.974513 -3.603539 1.759593 5.213352 1.530153 0.981602
Car -1 -1 -10 423.000000 183.000000 487.000000 226.000000 1.659559 1.659813 4.055473 -6.655866 2.093003 31.513543 -1.593454 0.964243
Car -1 -1 -10 481.000000 184.000000 517.000000 210.000000 1.566592 1.583870 3.891154 -6.661669 2.264599 42.972521 1.601901 0.963932
Car -1 -1 -10 747.000000 164.000000 858.000000 208.000000 1.617982 1.648000 4.048888 7.824218 1.362901 29.621641 3.072808 0.302330
Car -1 -1 -10 777.000000 159.000000 921.000000 215.000000 1.679305 1.667870 3.978531 7.642051 1.219944 23.269004 3.142606 0.169632
Car -1 -1 -10 931.000000 158.000000 1004.000000 186.000000 1.570586 1.587423 4.059398 20.571922 0.609366 40.855803 1.345741 0.151015
Car -1 -1 -10 341.000000 194.000000 429.000000 240.000000 1.544792 1.596665 3.765864 -6.813422 1.617500 20.670656 -1.252617 0.135030
Car -1 -1 -10 966.000000 154.000000 1053.000000 185.000000 1.547489 1.606352 3.783522 21.347858 0.623384 39.783919 1.733554 0.115963
Car -1 -1 -10 979.000000 151.000000 1114.000000 191.000000 1.524240 1.504203 3.205061 20.223555 1.140971 30.203220 2.127551 0.023044
