Car -1 -1 -10 763.000000 176.000000 896.000000 231.000000 1.463439 1.558135 3.724960 6.140618 1.616848 20.459984 -2.116541 0.998442
Car -1 -1 -10 626.000000 176.000000 674.000000 211.000000 1.492483 1.561889 3.647001 1.749297 1.695151 32.810283 -1.721610 0.998172
Car -1 -1 -10 368.000000 179.000000 477.000000 218.000000 1.579068 1.683376 4.000587 -7.161766 1.777659 28.593992 -3.282249 0.995831
Car -1 -1 -10 35.000000 175.000000 302.000000 283.000000 1.579639 1.628070 3.871454 -7.103867 1.722552 11.754891 -3.119761 0.974718
Car -1 -1 -10 145.000000 185.000000 360.000000 266.000000 1.487414 1.596378 3.962119 -6.997119 1.704525 13.708890 -3.149097 0.754590
Car -1 -1 -10 404.000000 178.000000 496.000000 208.000000 1.489171 1.611798 3.695503 -7.095401 1.928534 35.699380 -1.672702 0.456235
Car -1 -1 -10 438.000000 177.000000 520.000000 202.000000 1.535849 1.607372 3.760670 -6.645279 1.833566 46.630317 1.432751 0.198073
Car -1 -1 -10 608.000000 174.000000 649.000000 201.000000 1.534281 1.607052 3.976028 0.813592 1.683063 42.316013 -1.601007 0.091710
Car -1 -1 -10 343.000000 182.000000 437.000000 222.000000 1.524240 1.504203 3.205061 -6.883714 1.646652 28.419207 1.287090 0.038617
Car -1 -1 -10 182.000000 168.000000 416.000000 247.000000 1.756765 1.724340 4.305718 -6.723047 1.610422 16.193796 -3.141151 0.034941
Car -1 -1 -10 266.000000 172.000000 477.000000 229.000000 1.526370 1.604931 3.934172 -7.239780 1.670947 23.616152 1.745170 0.032244
