Pedestrian -1 -1 -10 -1.000000 200.000000 169.000000 368.000000 1.750636 0.686205 0.679726 -2.769554 1.939610 2.961920 -1.668449 0.011022
Car -1 -1 -10 161.000000 187.000000 460.000000 356.000000 1.503365 1.633218 4.055290 -3.198377 1.607360 8.637257 -1.565431 0.999737
Car -1 -1 -10 560.000000 178.000000 622.000000 237.000000 1.531548 1.658427 3.699862 -0.576141 1.367568 21.935739 -1.601844 0.999427
Car -1 -1 -10 398.000000 177.000000 512.000000 259.000000 1.577039 1.635235 3.968169 -3.308669 1.415521 16.092808 -1.597830 0.997991
Car -1 -1 -10 496.000000 179.000000 547.000000 222.000000 1.599659 1.622190 3.841464 -3.554380 1.356662 29.137372 -2.325063 0.997244
Car -1 -1 -10 154.000000 181.000000 314.000000 271.000000 1.495331 1.625162 3.917924 -7.736451 1.551737 15.244717 -1.573496 0.986254
Car -1 -1 -10 309.000000 183.000000 364.000000 214.000000 1.502648 1.623095 3.872218 -12.699664 1.445891 33.897479 -1.567335 0.722741
Car -1 -1 -10 -5.000000 206.000000 169.000000 367.000000 1.497371 1.613055 3.767853 -3.185163 1.732612 2.001093 -1.517170 0.368711
Car -1 -1 -10 361.000000 179.000000 414.000000 214.000000 1.587656 1.625784 4.047948 -8.128291 1.286545 26.975219 -1.801645 0.076647
Car -1 -1 -10 162.000000 179.000000 244.000000 215.000000 1.582959 1.632816 3.969966 -17.596943 1.069520 29.475301 -3.598398 0.037526
Car -1 -1 -10 349.000000 190.000000 402.000000 218.000000 1.388146 1.530017 3.262491 -6.918803 1.389613 21.868516 0.453500 0.034705
