Pedestrian -1 -1 -10 78.000000 174.000000 135.000000 326.000000 1.759520 0.613261 0.918300 -5.552727 1.740263 8.085948 -0.061935 0.995866
Pedestrian -1 -1 -10 753.000000 167.000000 794.000000 281.000000 1.658629 0.613057 0.586162 2.289970 1.552774 10.102311 1.754852 0.979397
Pedestrian -1 -1 -10 42.000000 191.000000 160.000000 302.000000 1.728006 0.749718 0.630314 -8.972656 2.096696 12.480340 2.017399 0.327671
Pedestrian -1 -1 -10 826.000000 142.000000 880.000000 294.000000 1.777768 0.665535 0.884886 3.158448 1.511917 9.357268 0.858790 0.203969
Pedestrian -1 -1 -10 789.000000 147.000000 912.000000 303.000000 1.784901 0.756209 0.929796 2.794922 1.470246 8.757987 0.871391 0.083052
Pedestrian -1 -1 -10 807.000000 158.000000 864.000000 280.000000 1.755912 0.692219 0.834322 3.038917 1.483057 9.310049 -1.744149 0.036350
Pedestrian -1 -1 -10 761.000000 164.000000 834.000000 284.000000 1.686583 0.704681 0.737299 2.349694 1.558766 9.947395 1.828982 0.027800
Car -1 -1 -10 601.000000 173.000000 629.000000 200.000000 1.534751 1.611372 3.761586 0.383800 1.467587 46.192520 1.603348 0.999035
Car -1 -1 -10 392.000000 185.000000 441.000000 215.000000 1.472715 1.588221 3.941130 -9.526972 2.035798 35.915550 1.592709 0.980491
Car -1 -1 -10 1.000000 204.000000 166.000000 304.000000 1.441687 1.621881 3.913425 -9.718024 2.039348 13.474057 1.565986 0.914528
Car -1 -1 -10 61.000000 188.000000 142.000000 312.000000 1.436592 1.546991 3.644318 -9.601068 2.011245 13.077428 1.494665 0.122704
Car -1 -1 -10 52.000000 200.000000 188.000000 273.000000 1.458066 1.589252 3.878351 -9.749825 1.995215 13.423648 1.585417 0.032266
Cyclist -1 -1 -10 807.000000 134.000000 1048.000000 338.000000 1.750651 0.642567 1.758717 2.881582 1.369402 6.576644 -2.612827 0.999458
Cyclist -1 -1 -10 795.000000 142.000000 904.000000 317.000000 1.812406 0.574164 1.732831 2.694076 1.459350 8.573270 -0.726377 0.983484
Cyclist -1 -1 -10 51.000000 193.000000 147.000000 314.000000 1.710074 0.556444 1.732931 -7.832892 1.870809 11.277004 -1.459901 0.170066
Cyclist -1 -1 -10 752.000000 165.000000 796.000000 279.000000 1.688068 0.507934 1.733446 2.219557 1.586409 10.088002 1.607369 0.144877
Cyclist -1 -1 -10 826.000000 142.000000 880.000000 294.000000 1.758885 0.579267 1.747676 3.229186 1.452640 9.476392 -0.820569 0.109636
Cyclist -1 -1 -10 769.000000 163.000000 854.000000 287.000000 1.719193 0.660074 1.713167 2.476990 1.431656 8.965927 1.360925 0.097614
Cyclist -1 -1 -10 21.000000 202.000000 185.000000 282.000000 1.678591 0.627004 1.802402 -9.268690 2.162645 13.102596 1.523333 0.027420
