Car -1 -1 -10 577.000000 174.000000 636.000000 228.000000 1.512765 1.606469 3.320389 -0.019203 1.207832 23.283589 -1.582935 0.999638
Car -1 -1 -10 222.000000 189.000000 410.000000 292.000000 1.474390 1.596077 3.786782 -4.676820 1.540314 12.092070 -1.559856 0.999512
Car -1 -1 -10 1.000000 190.000000 193.000000 306.000000 1.553842 1.640536 3.989130 -8.382616 1.635292 11.080391 -1.581216 0.968749
Car -1 -1 -10 492.000000 174.000000 540.000000 211.000000 1.529380 1.566997 3.803264 -4.294564 1.078521 34.189621 -1.580570 0.959867
Car -1 -1 -10 383.000000 181.000000 441.000000 214.000000 1.493022 1.593925 3.725390 -8.674918 1.232977 31.807888 -1.776264 0.200666
Car -1 -1 -10 289.000000 184.000000 338.000000 211.000000 1.606941 1.621562 3.846739 -13.091659 1.606463 33.187100 -1.436063 0.110940
Car -1 -1 -10 318.000000 185.000000 374.000000 213.000000 1.520369 1.523984 3.297522 -12.932903 1.418619 32.153026 1.234439 0.030326
Car -1 -1 -10 280.000000 184.000000 365.000000 226.000000 1.589063 1.618488 3.794632 -13.191964 1.782354 32.737176 -1.463366 0.021796
Car -1 -1 -10 405.000000 190.000000 452.000000 217.000000 1.598162 1.614872 3.719873 -8.672537 1.432660 32.163621 -1.174034 0.016539
Car -1 -1 -10 517.000000 176.000000 547.000000 202.000000 1.513835 1.602256 3.688151 -5.278572 0.849722 46.727069 -1.664881 0.012801
