Car -1 -1 -10 632.000000 178.000000 677.000000 214.000000 1.475255 1.657030 3.864219 1.879296 1.752023 32.726084 -1.637434 0.998574
Car -1 -1 -10 135.000000 163.000000 368.000000 266.000000 1.727033 1.673762 3.966454 -7.057768 1.747080 13.532246 -3.239779 0.991465
Car -1 -1 -10 889.000000 187.000000 1215.000000 317.000000 1.517264 1.611232 3.902501 6.106494 1.748813 9.452123 0.060215 0.987347
Car -1 -1 -10 366.000000 177.000000 494.000000 217.000000 1.479447 1.566748 4.292763 -7.024802 1.697973 27.132237 -0.149475 0.986798
Car -1 -1 -10 782.000000 183.000000 1008.000000 268.000000 1.550805 1.616555 4.114533 5.992382 1.815218 14.513228 3.087184 0.979129
Car -1 -1 -10 -3.000000 179.000000 254.000000 338.000000 1.537154 1.631477 3.844685 -6.074624 1.655504 8.309968 -3.250746 0.975719
Car -1 -1 -10 746.000000 174.000000 905.000000 250.000000 1.706273 1.673056 4.127037 5.587147 1.770310 17.687044 3.047225 0.973939
Car -1 -1 -10 1021.000000 191.000000 1242.000000 373.000000 1.547204 1.618668 3.958490 6.319963 1.712086 6.397301 0.014386 0.971192
Car -1 -1 -10 841.000000 186.000000 1102.000000 284.000000 1.510050 1.585586 3.822474 6.273495 1.765046 11.913023 -0.069184 0.772182
Cyclist -1 -1 -10 504.000000 173.000000 528.000000 225.000000 1.684700 0.559018 1.730453 -3.288279 1.766960 25.434844 1.451554 0.980770
Cyclist -1 -1 -10 492.000000 175.000000 533.000000 206.000000 1.728842 0.651303 1.746403 -5.757208 1.820226 40.046417 -0.047264 0.037819
