Pedestrian -1 -1 -10 15.000000 153.000000 134.000000 370.000000 1.767104 0.736806 0.827007 -4.741077 1.531152 6.211508 -1.752820 0.995920
Pedestrian -1 -1 -10 305.000000 206.000000 395.000000 369.000000 1.574230 0.675517 0.792828 -2.048109 1.703539 5.915170 -1.959179 0.958546
Pedestrian -1 -1 -10 238.000000 208.000000 325.000000 363.000000 1.577185 0.673513 0.653988 -2.611477 1.790203 5.909728 -1.599394 0.947421
Pedestrian -1 -1 -10 383.000000 194.000000 423.000000 290.000000 1.733430 0.588079 0.580526 -2.590784 1.678246 9.110598 2.402512 0.645913
Pedestrian -1 -1 -10 356.000000 200.000000 401.000000 274.000000 1.671569 0.591662 0.568059 -1.679676 1.644615 5.313791 2.304706 0.260157
Pedestrian -1 -1 -10 310.000000 210.000000 351.000000 316.000000 1.631312 0.550468 0.583949 -2.279703 1.682728 6.078570 2.181227 0.167911
Pedestrian -1 -1 -10 337.000000 207.000000 397.000000 313.000000 1.728205 0.639380 0.613207 -2.658452 1.697777 7.981430 -1.420606 0.143579
Car -1 -1 -10 958.000000 123.000000 1234.000000 371.000000 1.541485 1.636807 3.914259 3.004780 1.402785 2.592530 -1.558076 0.905285
Cyclist -1 -1 -10 506.000000 170.000000 556.000000 215.000000 1.666023 0.826806 1.837818 -2.742565 1.616019 27.734243 2.900452 0.318611
Cyclist -1 -1 -10 305.000000 208.000000 344.000000 306.000000 1.708696 0.624650 1.592871 -5.060892 1.718689 13.293035 -1.926657 0.057347
Cyclist -1 -1 -10 306.000000 206.000000 393.000000 365.000000 1.699069 0.563203 1.696616 -2.215585 1.776815 5.988980 -1.817546 0.035687
Cyclist -1 -1 -10 231.000000 209.000000 335.000000 361.000000 1.661257 0.519301 1.717931 -2.589952 1.716177 5.931125 -2.482142 0.016474
Cyclist -1 -1 -10 354.000000 203.000000 393.000000 270.000000 1.741377 0.561658 1.573291 -2.205109 1.457510 7.101843 -1.246939 0.012441
