Pedestrian -1 -1 -10 436.000000 167.000000 455.000000 233.000000 1.734571 0.663711 0.680163 -3.972662 1.591000 17.565257 -1.482937 0.921500
Pedestrian -1 -1 -10 422.000000 170.000000 466.000000 235.000000 1.736650 0.688279 0.723351 -3.983146 1.624321 17.591748 -1.495282 0.025323
Car -1 -1 -10 329.000000 179.000000 517.000000 310.000000 1.543545 1.644268 4.031512 -2.446667 1.621940 10.275719 -1.602652 0.998705
Car -1 -1 -10 747.000000 172.000000 1034.000000 371.000000 1.659669 1.635475 3.868513 2.535977 1.659656 7.621724 -1.532227 0.998672
Car -1 -1 -10 673.000000 178.000000 721.000000 217.000000 1.403726 1.615344 3.814880 3.352747 1.655024 28.822923 -1.590917 0.997044
Car -1 -1 -10 567.000000 176.000000 600.000000 206.000000 1.574556 1.646546 3.960530 -1.614080 1.971652 42.703662 -1.568133 0.996714
Car -1 -1 -10 445.000000 181.000000 558.000000 261.000000 1.495311 1.608740 3.996255 -2.272167 1.691835 15.506644 -1.506888 0.996228
Car -1 -1 -10 711.000000 181.000000 838.000000 280.000000 1.453973 1.597807 3.811681 2.891088 1.639202 13.061657 -1.561531 0.987078
Car -1 -1 -10 659.000000 178.000000 699.000000 206.000000 1.582178 1.629514 3.845895 3.902936 1.867843 41.275305 -1.652053 0.561317
Car -1 -1 -10 415.000000 177.000000 494.000000 240.000000 1.539394 1.558529 3.790855 -4.485229 1.418655 20.036972 1.853306 0.015834
Car -1 -1 -10 740.000000 177.000000 902.000000 313.000000 1.541445 1.635265 3.851886 2.561942 1.540939 7.528992 -1.511498 0.014274
Cyclist -1 -1 -10 425.000000 168.000000 461.000000 234.000000 1.644125 0.658152 1.617631 -4.175147 1.235400 18.096214 -0.123320 0.029288
