Pedestrian -1 -1 -10 375.000000 161.000000 400.000000 246.000000 1.697714 0.704870 0.677849 -4.460088 1.359738 14.534793 -1.863811 0.925452
Pedestrian -1 -1 -10 916.000000 116.000000 964.000000 291.000000 1.670044 0.596347 0.535216 1.314610 1.490155 2.893221 3.036719 0.699307
Pedestrian -1 -1 -10 397.000000 164.000000 428.000000 245.000000 1.724890 0.677227 0.714037 -4.796226 1.301190 17.349560 2.377620 0.332218
Pedestrian -1 -1 -10 361.000000 160.000000 424.000000 251.000000 1.780345 0.794953 0.647203 -4.875892 1.230025 16.039095 -3.416802 0.097686
Pedestrian -1 -1 -10 392.000000 162.000000 413.000000 247.000000 1.712652 0.641748 0.827899 -5.033939 1.153558 17.496887 2.336151 0.075644
Pedestrian -1 -1 -10 357.000000 172.000000 504.000000 291.000000 1.707276 0.759664 0.856960 -2.361209 1.764572 10.096358 2.849222 0.024921
Car -1 -1 -10 728.000000 177.000000 937.000000 328.000000 1.473647 1.612159 3.729961 2.477150 1.524722 9.110835 -1.598868 0.999087
Car -1 -1 -10 662.000000 173.000000 720.000000 218.000000 1.465699 1.617275 3.715938 2.667904 1.467735 24.864529 -1.591400 0.998903
Car -1 -1 -10 347.000000 177.000000 520.000000 293.000000 1.498226 1.641624 4.129988 -2.700584 1.610214 11.476605 -1.524012 0.998451
Car -1 -1 -10 544.000000 171.000000 578.000000 204.000000 1.568572 1.636075 3.831972 -2.640668 1.608672 38.612272 -1.642572 0.995598
Car -1 -1 -10 40.000000 179.000000 451.000000 376.000000 1.561663 1.643080 4.030399 -2.666156 1.648394 6.275086 -1.609283 0.989897
Car -1 -1 -10 822.000000 153.000000 1223.000000 374.000000 1.684295 1.652164 4.022743 2.392677 1.654973 3.578583 -1.552265 0.890373
Car -1 -1 -10 642.000000 172.000000 688.000000 204.000000 1.549363 1.647731 3.958730 2.766211 1.546162 37.443228 -1.685099 0.767981
Car -1 -1 -10 637.000000 172.000000 668.000000 199.000000 1.556267 1.558620 3.604994 2.727719 1.753764 41.467126 1.540505 0.172963
Car -1 -1 -10 435.000000 179.000000 507.000000 227.000000 1.534074 1.626000 3.774686 -6.409448 2.106353 32.575127 0.411110 0.068479
Car -1 -1 -10 561.000000 172.000000 584.000000 197.000000 1.524246 1.504205 3.205058 -2.035964 2.176312 52.023410 1.530911 0.028073
Car -1 -1 -10 286.000000 181.000000 385.000000 246.000000 1.502385 1.553650 3.504050 -6.101882 1.487139 14.129350 -1.287110 0.016730
Cyclist -1 -1 -10 371.000000 165.000000 427.000000 244.000000 1.609941 0.466301 1.625846 -4.964035 1.007353 17.134834 0.793065 0.013915
