Pedestrian -1 -1 -10 909.000000 157.000000 918.000000 197.000000 1.642350 0.595912 0.611403 5.600682 0.889313 13.202393 0.466708 0.019496
Car -1 -1 -10 890.000000 173.000000 1062.000000 289.000000 1.456192 1.599241 3.829601 5.444679 1.559117 10.551810 -0.921141 0.975733
Car -1 -1 -10 922.000000 168.000000 1237.000000 379.000000 1.557472 1.679520 4.027118 3.132344 1.574056 3.798886 -1.492931 0.956732
Car -1 -1 -10 873.000000 166.000000 962.000000 213.000000 1.508558 1.611837 3.755335 10.845454 1.330319 25.101825 -0.768274 0.773378
Car -1 -1 -10 1011.000000 156.000000 1134.000000 216.000000 1.573022 1.628073 3.783471 12.916919 1.216427 19.968995 -0.833903 0.724348
Car -1 -1 -10 899.000000 164.000000 1014.000000 217.000000 1.491215 1.620866 3.771956 13.380761 1.011160 29.207307 2.474624 0.138311
Car -1 -1 -10 923.000000 168.000000 993.000000 200.000000 1.505613 1.604853 3.774071 14.202875 0.972156 28.992266 -0.741084 0.051317
Car -1 -1 -10 900.000000 177.000000 1031.000000 246.000000 1.541120 1.515870 3.168624 6.301984 1.716375 12.079382 2.016111 0.016765
Car -1 -1 -10 1071.000000 158.000000 1163.000000 216.000000 1.505347 1.608240 3.877211 16.173316 1.190546 24.151752 -0.872528 0.011125
Cyclist -1 -1 -10 891.000000 177.000000 1065.000000 277.000000 1.736664 0.777506 1.888278 4.712970 1.581351 9.665556 2.568564 0.015299
Cyclist -1 -1 -10 1071.000000 157.000000 1163.000000 218.000000 1.687267 0.619865 1.687887 13.095980 1.245952 19.292236 -0.423176 0.013146
Cyclist -1 -1 -10 1007.000000 161.000000 1141.000000 216.000000 1.736819 0.840132 1.889074 11.764287 1.206361 18.623029 -2.562439 0.010042
