Car -1 -1 -10 664.000000 181.000000 815.000000 286.000000 1.567547 1.647332 3.907589 2.138206 1.571902 13.166446 -1.682311 0.999759
Car -1 -1 -10 297.000000 185.000000 419.000000 262.000000 1.444667 1.565754 3.665070 -5.436194 1.580221 15.902095 -1.664808 0.999424
Car -1 -1 -10 538.000000 181.000000 582.000000 223.000000 1.521922 1.644263 3.637154 -2.071163 1.429105 29.525322 -1.683131 0.998926
Car -1 -1 -10 387.000000 188.000000 461.000000 237.000000 1.468080 1.582179 3.834563 -5.662772 1.514425 22.346222 -1.666298 0.998318
Car -1 -1 -10 -2.000000 186.000000 272.000000 372.000000 1.501699 1.602921 3.698088 -4.822988 1.606182 7.012732 -1.663034 0.996852
Car -1 -1 -10 175.000000 164.000000 311.000000 244.000000 1.843771 1.708504 4.111646 -9.915676 1.538880 19.568213 -1.623097 0.888783
Car -1 -1 -10 422.000000 185.000000 473.000000 221.000000 1.560549 1.607832 3.951597 -6.656635 1.593791 29.705325 1.508117 0.833219
Car -1 -1 -10 458.000000 184.000000 494.000000 210.000000 1.552734 1.643060 4.001807 -7.734835 1.420779 42.838651 -1.730643 0.728912
Car -1 -1 -10 529.000000 184.000000 555.000000 214.000000 1.523835 1.602087 3.701104 -3.144678 1.570178 38.813763 -1.616916 0.469808
Car -1 -1 -10 2.000000 182.000000 116.000000 371.000000 1.565204 1.625760 3.762551 -4.515545 1.664498 6.918218 -1.767405 0.135003
Car -1 -1 -10 2.000000 168.000000 93.000000 286.000000 1.473252 1.609336 3.827566 -9.288982 1.021668 9.893958 -1.610040 0.068230
