Car -1 -1 -10 741.000000 194.000000 986.000000 346.000000 1.446596 1.609626 3.809818 2.745038 1.728236 8.691564 -1.587142 0.999460
Car -1 -1 -10 670.000000 178.000000 752.000000 245.000000 1.599832 1.657941 3.948523 2.570671 1.814251 19.671635 -1.568540 0.998971
Car -1 -1 -10 284.000000 183.000000 457.000000 248.000000 1.597644 1.611916 4.035349 -6.390253 1.902819 19.454468 -3.206345 0.992372
Car -1 -1 -10 51.000000 163.000000 362.000000 285.000000 1.775844 1.701248 4.171716 -6.344559 1.787617 12.119604 -3.163230 0.974737
Car -1 -1 -10 652.000000 182.000000 713.000000 228.000000 1.511113 1.638722 3.990842 2.511224 1.923432 25.670312 -1.622633 0.879161
Car -1 -1 -10 4.000000 175.000000 202.000000 372.000000 1.538814 1.578361 3.949294 -6.464651 1.714378 7.085863 0.014733 0.658836
Car -1 -1 -10 642.000000 178.000000 683.000000 214.000000 1.645498 1.591330 3.703166 2.470904 1.931044 34.800297 -1.639899 0.425667
Car -1 -1 -10 356.000000 183.000000 477.000000 230.000000 1.402339 1.561799 3.254424 -5.695003 2.249045 22.538683 0.481563 0.309372
Car -1 -1 -10 474.000000 179.000000 542.000000 207.000000 1.503486 1.600509 3.969927 -6.271991 2.166887 44.773982 -3.101454 0.228685
Car -1 -1 -10 441.000000 180.000000 526.000000 212.000000 1.506973 1.559132 3.880063 -6.487234 1.950445 33.504406 -3.145336 0.113108
