Pedestrian -1 -1 -10 893.000000 147.000000 1030.000000 372.000000 1.688923 0.654549 0.970027 2.511338 1.425959 4.927087 -1.651978 0.997804
Pedestrian -1 -1 -10 540.000000 160.000000 585.000000 271.000000 1.745558 0.683597 0.861138 -0.651936 1.389086 11.441489 1.632219 0.993045
Pedestrian -1 -1 -10 1094.000000 189.000000 1163.000000 333.000000 1.707717 0.609123 0.705734 4.864942 1.590029 6.811098 3.689216 0.951960
Pedestrian -1 -1 -10 555.000000 163.000000 594.000000 248.000000 1.749657 0.651638 0.906664 -0.362881 1.329530 16.079240 0.540332 0.716764
Pedestrian -1 -1 -10 896.000000 178.000000 933.000000 268.000000 1.665470 0.560113 0.597755 6.395690 1.194617 14.533068 2.934987 0.322977
Pedestrian -1 -1 -10 983.000000 181.000000 1044.000000 315.000000 1.631382 0.578047 0.709981 4.431624 1.551010 7.696014 1.018138 0.300340
Pedestrian -1 -1 -10 573.000000 163.000000 598.000000 235.000000 1.750302 0.639956 0.895523 -0.322353 1.327578 16.162494 0.553242 0.070598
Pedestrian -1 -1 -10 760.000000 156.000000 773.000000 204.000000 1.718764 0.580834 0.853841 6.420862 0.703684 27.912520 -1.306492 0.050151
Pedestrian -1 -1 -10 906.000000 174.000000 954.000000 276.000000 1.708951 0.608096 0.575690 4.962255 1.503450 11.119662 -0.623556 0.048810
Pedestrian -1 -1 -10 895.000000 170.000000 983.000000 300.000000 1.717174 0.623983 0.630116 4.049476 1.774328 9.569976 1.110376 0.046293
Pedestrian -1 -1 -10 1091.000000 189.000000 1134.000000 296.000000 1.717503 0.620197 0.578266 6.140483 1.291551 8.522308 -0.407727 0.038684
Car -1 -1 -10 344.000000 144.000000 545.000000 286.000000 1.958728 1.755205 4.304794 -2.420740 1.312794 12.039768 1.732953 0.796315
Cyclist -1 -1 -10 562.000000 161.000000 595.000000 242.000000 1.758087 0.560012 1.746330 -0.505394 1.310608 16.227684 -1.219121 0.034320
Cyclist -1 -1 -10 891.000000 177.000000 946.000000 272.000000 1.682570 0.641129 1.620813 4.777336 1.381277 11.163158 1.471764 0.021608
Cyclist -1 -1 -10 890.000000 161.000000 1033.000000 350.000000 1.758340 0.630291 1.726606 2.484622 1.422871 5.080296 -1.713213 0.015198
