Pedestrian -1 -1 -10 27.000000 165.000000 120.000000 367.000000 1.639346 0.604381 0.677313 -5.737170 1.622069 7.904660 1.486647 0.907036
Pedestrian -1 -1 -10 559.000000 175.000000 567.000000 204.000000 1.762634 0.626549 0.843286 -3.118828 1.894480 47.701524 3.054603 0.374293
Pedestrian -1 -1 -10 570.000000 172.000000 579.000000 201.000000 1.732552 0.632655 0.755364 -2.403773 1.835578 48.211147 1.092586 0.120831
Pedestrian -1 -1 -10 1.000000 197.000000 40.000000 329.000000 1.694639 0.511330 0.586731 -8.223480 1.622761 10.592175 2.314177 0.033800
Pedestrian -1 -1 -10 0.000000 203.000000 176.000000 377.000000 1.743797 0.572480 0.861840 -3.712798 2.376704 4.967009 -0.044964 0.017432
Pedestrian -1 -1 -10 3.000000 189.000000 23.000000 357.000000 1.683352 0.599106 0.544609 -6.021795 1.821080 7.408792 1.926600 0.011352
Car -1 -1 -10 756.000000 188.000000 1011.000000 355.000000 1.460157 1.598098 3.565629 2.683173 1.636009 7.948612 -1.588402 0.999707
Car -1 -1 -10 445.000000 180.000000 507.000000 228.000000 1.547111 1.592043 3.827461 -4.920310 1.892358 26.989761 1.558005 0.999195
Car -1 -1 -10 663.000000 176.000000 725.000000 226.000000 1.577805 1.603811 3.516110 2.623518 1.712143 23.430566 -1.584633 0.999054
Car -1 -1 -10 258.000000 178.000000 438.000000 294.000000 1.732095 1.648129 4.034022 -4.490108 1.879875 13.020937 -1.578321 0.997153
Car -1 -1 -10 504.000000 182.000000 539.000000 208.000000 1.585127 1.657658 3.811584 -5.220413 2.018420 42.611613 1.454588 0.992437
Car -1 -1 -10 3.000000 180.000000 172.000000 376.000000 1.496953 1.640435 3.861675 -4.256889 2.004647 4.030007 -1.620482 0.711318
Cyclist -1 -1 -10 559.000000 175.000000 568.000000 204.000000 1.773437 0.628749 1.794950 -3.155813 1.897381 47.906817 1.507037 0.180543
Cyclist -1 -1 -10 17.000000 170.000000 150.000000 377.000000 1.731749 0.547764 1.653763 -5.686141 1.816437 7.908452 -2.880299 0.161632
Cyclist -1 -1 -10 571.000000 172.000000 580.000000 201.000000 1.763583 0.582935 1.775997 -2.409033 1.807169 48.442082 1.560550 0.042532
