Car -1 -1 -10 653.000000 176.000000 745.000000 242.000000 1.463196 1.630411 3.959347 2.139745 1.536890 18.436630 -1.613775 0.999428
Car -1 -1 -10 92.000000 186.000000 396.000000 269.000000 1.508237 1.625902 4.203299 -6.735535 1.736644 12.948756 -3.167407 0.992120
Car -1 -1 -10 632.000000 169.000000 673.000000 206.000000 1.500137 1.590072 3.934759 1.892813 1.512322 33.652966 -1.637802 0.988379
Car -1 -1 -10 207.000000 181.000000 428.000000 249.000000 1.489911 1.568524 3.981635 -6.460487 1.725562 15.338718 -3.120530 0.838343
Car -1 -1 -10 1077.000000 137.000000 1238.000000 375.000000 1.683413 1.646892 3.931739 5.132839 1.498839 4.340393 1.513837 0.677921
Car -1 -1 -10 394.000000 177.000000 495.000000 212.000000 1.515062 1.618572 3.782541 -5.841079 1.796395 31.294281 -1.780742 0.658062
Car -1 -1 -10 448.000000 174.000000 522.000000 201.000000 1.485196 1.571422 3.518964 -7.469503 1.498915 42.493419 -3.289433 0.457829
Car -1 -1 -10 293.000000 180.000000 430.000000 232.000000 1.524523 1.570716 4.038598 -7.193676 1.726046 20.610559 -0.004932 0.308978
Car -1 -1 -10 82.000000 191.000000 270.000000 319.000000 1.521433 1.561508 3.600736 -3.605975 1.407825 6.763431 -0.620625 0.078767
Car -1 -1 -10 330.000000 178.000000 472.000000 220.000000 1.723684 1.702365 4.162102 -7.057305 1.740115 26.464055 -0.117510 0.026410
Cyclist -1 -1 -10 63.000000 189.000000 275.000000 377.000000 1.652629 0.571975 1.735249 -3.053604 1.680919 5.061681 1.536101 0.999770
Cyclist -1 -1 -10 63.000000 186.000000 333.000000 286.000000 1.741259 0.779144 1.811345 -6.487438 1.849840 12.004192 -0.440304 0.263189
