Pedestrian -1 -1 -10 486.000000 171.000000 511.000000 245.000000 1.787550 0.598590 0.744933 -2.382711 1.473097 16.542098 0.445409 0.992638
Pedestrian -1 -1 -10 600.000000 173.000000 627.000000 241.000000 1.668795 0.617372 0.615149 0.267344 1.446585 17.181937 2.034010 0.991845
Pedestrian -1 -1 -10 549.000000 168.000000 573.000000 231.000000 1.686135 0.564595 0.716628 -1.238742 1.293858 20.682927 2.631685 0.989603
Pedestrian -1 -1 -10 294.000000 157.000000 335.000000 272.000000 1.793973 0.671682 0.982521 -4.874252 1.415508 11.956869 -3.051523 0.988990
Pedestrian -1 -1 -10 619.000000 165.000000 636.000000 217.000000 1.789625 0.600394 0.878985 0.930766 1.227144 24.612818 1.938782 0.383566
Pedestrian -1 -1 -10 610.000000 167.000000 632.000000 225.000000 1.820628 0.607840 0.786488 0.798467 1.204356 24.709103 1.545188 0.106623
Pedestrian -1 -1 -10 646.000000 167.000000 657.000000 202.000000 1.782022 0.653851 0.846935 2.505867 1.035862 36.598276 0.668918 0.010198
Cyclist -1 -1 -10 484.000000 172.000000 514.000000 241.000000 1.756582 0.501620 1.671352 -2.268512 1.421254 16.703211 -1.222461 0.591065
Cyclist -1 -1 -10 545.000000 168.000000 572.000000 231.000000 1.653467 0.468621 1.645249 -1.288080 1.302662 20.566383 1.665817 0.057219
Cyclist -1 -1 -10 0.000000 197.000000 178.000000 367.000000 1.673518 0.542768 1.680734 -2.908755 1.887018 4.310629 -1.593427 0.019301
