Pedestrian -1 -1 -10 467.000000 177.000000 512.000000 270.000000 1.688887 0.679797 0.742627 -1.806487 2.011721 10.829633 -2.148964 0.574314
Pedestrian -1 -1 -10 1030.000000 181.000000 1211.000000 375.000000 1.713551 0.721753 0.979371 2.664935 1.777993 3.634643 1.767130 0.570895
Pedestrian -1 -1 -10 1119.000000 203.000000 1238.000000 371.000000 1.716377 0.612377 0.594359 8.153255 1.863975 10.562444 -0.365618 0.045835
Pedestrian -1 -1 -10 1182.000000 203.000000 1242.000000 367.000000 1.752271 0.675507 0.683107 8.345104 1.881292 9.845313 -0.426385 0.021276
Pedestrian -1 -1 -10 426.000000 181.000000 538.000000 266.000000 1.768142 0.772147 0.812078 -2.417330 1.785939 12.139412 2.895344 0.010134
Car -1 -1 -10 875.000000 182.000000 956.000000 239.000000 1.400374 1.616496 3.840647 8.561285 1.726068 20.438581 -1.320092 0.999153
Car -1 -1 -10 395.000000 179.000000 554.000000 263.000000 1.565080 1.583163 3.690128 -2.927088 1.730930 13.769882 -2.947645 0.961492
Car -1 -1 -10 852.000000 167.000000 897.000000 212.000000 1.824924 1.712018 4.314566 13.300992 1.812049 36.830394 -1.291916 0.034871
Car -1 -1 -10 1162.000000 207.000000 1243.000000 371.000000 1.525279 1.533062 3.234583 4.547044 1.501460 4.991631 2.230905 0.012810
Car -1 -1 -10 465.000000 179.000000 514.000000 267.000000 1.482195 1.601316 3.906217 -3.012160 1.581268 11.842376 0.493139 0.011724
Car -1 -1 -10 1037.000000 191.000000 1237.000000 370.000000 1.507164 1.570850 3.838331 3.713435 1.422923 3.486701 -0.943203 0.011349
Cyclist -1 -1 -10 1021.000000 184.000000 1213.000000 371.000000 1.724497 0.806981 1.821292 2.579005 1.622831 3.691166 1.073269 0.969563
