Pedestrian -1 -1 -10 256.000000 208.000000 330.000000 366.000000 1.721279 0.688277 0.641979 -2.391796 1.892819 5.705397 0.663493 0.963543
Pedestrian -1 -1 -10 38.000000 245.000000 169.000000 372.000000 1.757528 0.648230 0.611281 -2.035003 1.881000 2.793291 -1.703992 0.713731
Pedestrian -1 -1 -10 786.000000 191.000000 809.000000 254.000000 1.688728 0.591192 0.648234 3.714554 1.915392 13.689057 2.777172 0.131291
Pedestrian -1 -1 -10 103.000000 245.000000 185.000000 372.000000 1.696421 0.581457 0.613703 -1.999715 1.484766 3.206045 2.070974 0.078479
Pedestrian -1 -1 -10 197.000000 215.000000 289.000000 358.000000 1.732069 0.655655 0.625264 -2.479031 1.970586 4.856970 2.186755 0.059874
Pedestrian -1 -1 -10 739.000000 183.000000 764.000000 257.000000 1.699664 0.695558 0.675558 3.311704 1.715329 16.107243 -0.991846 0.053657
Pedestrian -1 -1 -10 56.000000 259.000000 130.000000 350.000000 1.690460 0.582335 0.575642 -6.083205 1.834564 8.765675 0.389587 0.024434
Pedestrian -1 -1 -10 2.000000 231.000000 105.000000 365.000000 1.736851 0.637143 0.608754 -2.057418 1.889718 2.781460 -1.801701 0.013226
Pedestrian -1 -1 -10 816.000000 195.000000 837.000000 254.000000 1.676426 0.595187 0.566741 3.069033 1.837884 9.599528 2.932786 0.010492
Car -1 -1 -10 0.000000 240.000000 188.000000 371.000000 1.506169 1.570828 3.631330 -2.496481 1.751848 3.003999 0.969708 0.014032
Cyclist -1 -1 -10 492.000000 173.000000 554.000000 226.000000 1.771277 0.649780 1.752198 -2.794460 1.279348 24.467575 -3.210196 0.470316
Cyclist -1 -1 -10 1.000000 242.000000 188.000000 371.000000 1.675709 0.622417 1.655689 -2.154014 1.797352 2.959017 -1.691652 0.094720
Cyclist -1 -1 -10 818.000000 196.000000 840.000000 246.000000 1.688367 0.489376 1.527462 5.696573 1.445416 16.935631 -1.893579 0.014973
