Pedestrian -1 -1 -10 577.000000 159.000000 600.000000 243.000000 1.744900 0.577093 0.862565 -0.304922 1.235394 15.230746 -1.033132 0.993453
Pedestrian -1 -1 -10 528.000000 159.000000 555.000000 231.000000 1.777312 0.708556 0.961145 -1.488279 1.229421 17.773266 1.460914 0.983392
Pedestrian -1 -1 -10 828.000000 151.000000 871.000000 263.000000 1.720023 0.664368 1.013003 3.821086 1.170232 11.073587 -1.652931 0.969527
Pedestrian -1 -1 -10 448.000000 156.000000 472.000000 242.000000 1.739012 0.627606 0.723830 -3.074602 1.290981 15.454050 0.998353 0.830170
Pedestrian -1 -1 -10 600.000000 160.000000 615.000000 208.000000 1.748351 0.608811 0.805691 0.126372 1.027305 27.487655 -1.543719 0.423311
Pedestrian -1 -1 -10 612.000000 160.000000 629.000000 210.000000 1.725422 0.659470 0.873186 0.671660 0.919129 26.499844 -1.513890 0.390510
Pedestrian -1 -1 -10 711.000000 148.000000 767.000000 254.000000 1.702869 0.710473 0.861800 2.395159 1.244644 12.341779 1.812849 0.358653
Pedestrian -1 -1 -10 281.000000 164.000000 391.000000 358.000000 1.686050 0.800995 0.669544 -2.425843 1.477702 6.610848 1.393743 0.213938
Pedestrian -1 -1 -10 1143.000000 143.000000 1229.000000 340.000000 1.647620 0.678823 0.754516 4.756223 1.326186 5.690056 -0.429477 0.139074
Pedestrian -1 -1 -10 565.000000 159.000000 581.000000 208.000000 1.816059 0.660092 0.782262 -1.178911 0.957092 28.024716 1.470655 0.134064
Pedestrian -1 -1 -10 668.000000 155.000000 698.000000 213.000000 1.711374 0.740240 0.725283 2.424232 1.585173 21.729105 -1.584600 0.043149
Pedestrian -1 -1 -10 570.000000 160.000000 592.000000 228.000000 1.664207 0.522828 0.494288 -0.424750 1.304318 15.225959 2.562188 0.028851
Pedestrian -1 -1 -10 817.000000 151.000000 833.000000 205.000000 1.774076 0.625539 0.653489 6.060690 0.880455 19.392706 1.397784 0.025636
Pedestrian -1 -1 -10 593.000000 159.000000 609.000000 210.000000 1.734280 0.614585 0.706837 -0.005155 0.940819 27.419619 -2.159129 0.022911
Pedestrian -1 -1 -10 587.000000 158.000000 603.000000 223.000000 1.697391 0.550503 0.610126 -0.299586 0.910369 26.387097 2.612049 0.022362
Pedestrian -1 -1 -10 802.000000 151.000000 816.000000 201.000000 1.728177 0.599692 0.765748 5.916701 0.740487 20.909420 2.804124 0.015204
Pedestrian -1 -1 -10 825.000000 156.000000 842.000000 213.000000 1.746323 0.625920 0.613766 5.185800 1.074681 16.415997 -1.822453 0.011411
Pedestrian -1 -1 -10 6.000000 167.000000 55.000000 262.000000 1.695931 0.616849 0.546121 -6.420141 1.673061 8.245427 -1.665142 0.010690
Car -1 -1 -10 1117.000000 146.000000 1235.000000 348.000000 1.490443 1.534629 3.665385 2.389870 1.289284 4.140802 -0.346655 0.014343
Cyclist -1 -1 -10 274.000000 162.000000 398.000000 368.000000 1.733350 0.600903 1.749256 -2.450015 1.549253 6.641124 1.376787 0.998048
Cyclist -1 -1 -10 708.000000 149.000000 774.000000 258.000000 1.729663 0.596615 1.841693 2.314672 1.263352 12.201180 1.317547 0.981265
Cyclist -1 -1 -10 667.000000 156.000000 698.000000 211.000000 1.638546 0.563382 1.629847 2.226081 1.291435 21.737400 2.791708 0.293047
Cyclist -1 -1 -10 71.000000 202.000000 150.000000 274.000000 1.659701 0.600652 1.593206 -7.528822 1.561440 11.490409 -0.497812 0.168786
Cyclist -1 -1 -10 55.000000 207.000000 186.000000 300.000000 1.660031 0.597682 1.678251 -6.617448 1.707870 10.043677 -1.706972 0.091876
Cyclist -1 -1 -10 944.000000 210.000000 1208.000000 370.000000 1.623093 0.649144 1.714115 2.121553 1.604879 3.276994 1.497260 0.030386
Cyclist -1 -1 -10 1122.000000 145.000000 1232.000000 347.000000 1.673458 0.499281 1.667984 4.681986 1.250921 5.784742 1.593380 0.020465
Cyclist -1 -1 -10 94.000000 200.000000 126.000000 256.000000 1.701646 0.514354 1.602776 -7.785733 1.604414 11.972917 -1.527850 0.018772
Cyclist -1 -1 -10 659.000000 158.000000 686.000000 202.000000 1.737632 0.560915 1.599078 2.933649 0.679506 30.280560 2.675636 0.017616
