Pedestrian -1 -1 -10 519.000000 175.000000 544.000000 233.000000 1.695592 0.610284 0.892748 -1.975362 1.537636 20.226072 -0.680871 0.834451
Pedestrian -1 -1 -10 950.000000 208.000000 1040.000000 366.000000 1.709260 0.674726 0.634124 3.046503 1.820709 5.506513 2.582056 0.833459
Pedestrian -1 -1 -10 887.000000 221.000000 976.000000 340.000000 1.716152 0.634875 0.742248 2.668369 1.966507 5.894966 -0.747240 0.346178
Pedestrian -1 -1 -10 866.000000 212.000000 1194.000000 369.000000 1.767440 0.798624 0.854707 2.677360 2.015105 5.002954 1.006549 0.101557
Pedestrian -1 -1 -10 886.000000 208.000000 959.000000 289.000000 1.683280 0.612588 0.624024 5.632441 1.805959 12.214754 2.943583 0.093787
Pedestrian -1 -1 -10 978.000000 225.000000 1020.000000 281.000000 1.678460 0.603839 0.519063 2.840769 1.641462 5.049212 3.101777 0.049614
Pedestrian -1 -1 -10 968.000000 213.000000 1017.000000 344.000000 1.711028 0.531577 0.602866 6.951102 1.598060 11.897238 1.059281 0.039571
Pedestrian -1 -1 -10 828.000000 215.000000 921.000000 336.000000 1.718936 0.620837 0.600177 2.549419 1.794078 6.723042 -0.709755 0.031963
Pedestrian -1 -1 -10 938.000000 224.000000 994.000000 331.000000 1.717864 0.634691 0.643247 3.815711 1.498926 7.287266 3.508059 0.022264
Pedestrian -1 -1 -10 947.000000 218.000000 1016.000000 290.000000 1.685138 0.621894 0.630345 5.697378 1.733308 10.687370 -0.560315 0.016571
Pedestrian -1 -1 -10 945.000000 232.000000 988.000000 296.000000 1.668103 0.588326 0.609413 2.904491 1.664848 5.841257 -1.716449 0.011411
Car -1 -1 -10 866.000000 212.000000 1194.000000 369.000000 1.497930 1.593201 4.008021 3.586720 1.635371 5.706349 1.561788 0.100507
Car -1 -1 -10 929.000000 210.000000 1065.000000 367.000000 1.485005 1.545606 3.783584 3.362197 1.683170 4.862292 2.507682 0.026347
Car -1 -1 -10 1044.000000 216.000000 1232.000000 367.000000 1.511734 1.578695 3.753664 2.967680 2.155762 3.467286 1.784427 0.020014
Cyclist -1 -1 -10 944.000000 210.000000 1050.000000 369.000000 1.659768 0.497337 1.627930 2.644314 2.013296 4.220578 1.563185 0.090989
Cyclist -1 -1 -10 877.000000 210.000000 1164.000000 369.000000 1.621758 0.601103 1.696760 2.747506 1.915744 4.928409 1.518576 0.049266
Cyclist -1 -1 -10 883.000000 204.000000 958.000000 279.000000 1.668470 0.551223 1.724950 5.587009 1.737021 12.538257 2.591320 0.019560
Cyclist -1 -1 -10 898.000000 219.000000 993.000000 343.000000 1.688816 0.552150 1.516011 2.709097 1.924699 5.432095 3.496618 0.010211
