Car -1 -1 -10 35.000000 207.000000 308.000000 341.000000 1.485677 1.590944 3.700862 -6.020043 2.006914 10.408700 1.580775 0.999228
Car -1 -1 -10 828.000000 180.000000 1212.000000 374.000000 1.511432 1.607513 3.633362 2.995459 1.596216 6.068068 -1.495166 0.998810
Car -1 -1 -10 449.000000 187.000000 497.000000 221.000000 1.489570 1.561567 3.684795 -6.258682 2.104877 33.173134 1.576115 0.990844
Car -1 -1 -10 645.000000 175.000000 687.000000 207.000000 1.551160 1.637282 3.936947 2.793061 1.741869 36.981142 -1.591579 0.954504
Car -1 -1 -10 472.000000 186.000000 514.000000 215.000000 1.480982 1.551513 3.713830 -6.240666 2.216044 38.475649 1.604399 0.743036
Car -1 -1 -10 188.000000 197.000000 264.000000 227.000000 1.577039 1.626536 4.046157 -21.061096 2.832963 39.947263 -1.649868 0.363221
Car -1 -1 -10 240.000000 196.000000 311.000000 222.000000 1.546075 1.618840 3.808468 -18.210486 2.945356 39.515899 1.673764 0.224042
Car -1 -1 -10 111.000000 201.000000 178.000000 232.000000 1.478242 1.597343 3.822144 -25.989159 3.254750 40.603481 -1.551488 0.113544
Car -1 -1 -10 496.000000 179.000000 530.000000 206.000000 1.531618 1.602868 3.856542 -6.945189 2.287320 46.531084 0.460687 0.086261
Cyclist -1 -1 -10 186.000000 197.000000 275.000000 232.000000 1.730523 0.788050 1.825786 -20.132454 2.826843 38.393453 -0.003202 0.022719
Cyclist -1 -1 -10 140.000000 201.000000 238.000000 235.000000 1.798120 0.765286 1.842728 -23.108076 3.205027 40.219135 -0.594996 0.014959
Cyclist -1 -1 -10 169.000000 200.000000 198.000000 232.000000 1.723793 0.687553 1.707421 -23.164367 3.158208 39.449120 -1.516118 0.013164
