Pedestrian -1 -1 -10 534.000000 161.000000 559.000000 214.000000 1.834034 0.763321 1.035854 -2.216601 1.147196 25.263578 0.986100 0.993325
Pedestrian -1 -1 -10 342.000000 168.000000 369.000000 222.000000 1.768170 0.682603 0.917606 -8.466270 1.407973 24.139435 -3.086063 0.902096
Pedestrian -1 -1 -10 418.000000 160.000000 436.000000 218.000000 1.748478 0.589822 0.787005 -5.668816 1.045031 22.655914 -0.143041 0.830441
Pedestrian -1 -1 -10 256.000000 176.000000 272.000000 223.000000 1.736029 0.538086 0.910390 -13.104430 1.822396 27.011912 0.175688 0.140347
Pedestrian -1 -1 -10 355.000000 170.000000 370.000000 219.000000 1.767268 0.633547 0.650478 -8.617340 1.592994 24.711136 1.175275 0.098375
Car -1 -1 -10 423.000000 175.000000 516.000000 239.000000 1.469683 1.603406 3.797953 -3.366968 1.335972 18.119634 -1.587167 0.998638
Car -1 -1 -10 957.000000 158.000000 1058.000000 187.000000 1.495016 1.626399 4.134040 19.159888 0.377158 33.815373 3.496463 0.882616
Car -1 -1 -10 1048.000000 146.000000 1173.000000 185.000000 1.590021 1.630291 4.066732 24.344719 0.189166 34.202522 3.196888 0.370190
Car -1 -1 -10 451.000000 175.000000 494.000000 206.000000 1.524241 1.504203 3.205061 -6.415405 0.715838 30.117436 1.398204 0.037265
Car -1 -1 -10 466.000000 171.000000 507.000000 202.000000 1.526537 1.579080 3.634588 -9.190998 1.176693 57.800141 1.879457 0.011976
Car -1 -1 -10 1134.000000 144.000000 1221.000000 176.000000 1.545471 1.649981 4.126014 26.929471 -0.026312 33.687011 0.613090 0.011953
Car -1 -1 -10 340.000000 168.000000 371.000000 222.000000 1.659541 1.606054 3.448923 -9.266004 1.398538 25.577177 -1.812318 0.011606
Cyclist -1 -1 -10 679.000000 158.000000 719.000000 197.000000 1.707777 0.707062 1.827361 4.503907 0.689721 35.096798 -0.282228 0.997722
Cyclist -1 -1 -10 294.000000 169.000000 356.000000 230.000000 1.722415 0.619573 1.758295 -8.502121 1.440152 21.314816 -0.823764 0.996722
Cyclist -1 -1 -10 883.000000 144.000000 949.000000 202.000000 1.709769 0.632131 1.744957 9.365100 0.583612 21.599112 0.449980 0.994679
Cyclist -1 -1 -10 816.000000 149.000000 874.000000 200.000000 1.745478 0.501341 1.729735 8.948668 0.693605 26.459910 -0.261632 0.993049
Cyclist -1 -1 -10 338.000000 170.000000 374.000000 223.000000 1.766641 0.667775 1.662485 -8.947384 1.416048 25.143605 0.796696 0.770819
Cyclist -1 -1 -10 355.000000 170.000000 370.000000 219.000000 1.783681 0.584189 1.530385 -9.066269 1.446340 25.844407 0.751492 0.010735
