Car -1 -1 -10 421.000000 183.000000 493.000000 232.000000 1.463579 1.586879 3.752054 -4.618093 1.368284 22.524715 -1.591140 0.999095
Car -1 -1 -10 573.000000 175.000000 611.000000 209.000000 1.550060 1.619685 3.943080 -0.771431 1.131588 35.815250 -1.586256 0.999063
Car -1 -1 -10 257.000000 186.000000 421.000000 282.000000 1.472021 1.613457 3.971993 -4.704078 1.482127 13.246931 -1.570407 0.998968
Car -1 -1 -10 129.000000 177.000000 255.000000 235.000000 1.588878 1.610522 3.707958 -12.190294 1.429522 21.341629 -1.595798 0.996304
Car -1 -1 -10 240.000000 185.000000 348.000000 244.000000 1.471590 1.606067 3.823088 -8.373978 1.495048 20.241027 -1.428493 0.991486
Car -1 -1 -10 1.000000 177.000000 193.000000 299.000000 1.589535 1.594194 3.676261 -8.322948 1.564745 11.517654 -1.582704 0.668813
Car -1 -1 -10 -3.000000 219.000000 163.000000 374.000000 1.527901 1.633569 3.811213 -4.116214 1.757874 3.740297 -1.608122 0.453901
Car -1 -1 -10 450.000000 179.000000 503.000000 217.000000 1.492118 1.584898 3.730820 -5.529357 1.211179 30.595155 -1.612217 0.265899
Car -1 -1 -10 352.000000 178.000000 421.000000 216.000000 1.493350 1.601728 3.698958 -9.203179 1.263918 30.444916 -1.542510 0.165170
Car -1 -1 -10 428.000000 172.000000 463.000000 203.000000 1.519490 1.624747 3.742878 -9.085957 0.915185 41.186342 -1.756437 0.025368
Car -1 -1 -10 0.000000 251.000000 64.000000 374.000000 1.513978 1.596018 3.790201 -4.701487 1.553569 4.118096 -2.277682 0.012180
