Pedestrian -1 -1 -10 549.000000 170.000000 560.000000 204.000000 1.614515 0.609685 0.673544 -2.939605 1.590856 37.842835 1.509143 0.024084
Car -1 -1 -10 635.000000 174.000000 670.000000 202.000000 1.553337 1.622876 3.989028 2.436822 1.676351 41.580020 -1.660843 0.998272
Car -1 -1 -10 764.000000 188.000000 1052.000000 368.000000 1.468718 1.595628 3.608006 2.828102 1.694517 7.684600 -1.569718 0.998170
Car -1 -1 -10 -5.000000 168.000000 254.000000 331.000000 1.544989 1.599434 3.866094 -6.252821 1.511246 7.923444 0.327483 0.993106
Car -1 -1 -10 266.000000 174.000000 436.000000 237.000000 1.557373 1.578788 3.733866 -6.341277 1.648461 17.413744 -3.135429 0.990908
Car -1 -1 -10 814.000000 173.000000 1106.000000 279.000000 1.696373 1.628474 4.190103 6.196641 1.749358 12.971653 -0.062278 0.990251
Car -1 -1 -10 726.000000 178.000000 838.000000 225.000000 1.615618 1.586137 4.182171 6.156101 1.698848 23.349110 3.003657 0.983832
Car -1 -1 -10 770.000000 178.000000 900.000000 240.000000 1.545389 1.582113 3.763054 5.966386 1.673704 18.199585 -0.066100 0.970499
Car -1 -1 -10 104.000000 178.000000 391.000000 255.000000 1.469638 1.604119 3.813810 -6.257689 1.576171 14.943313 -3.160943 0.651681
Car -1 -1 -10 414.000000 174.000000 521.000000 208.000000 1.479478 1.586143 3.902909 -6.338838 1.453390 35.929899 -0.046616 0.459994
