Car -1 -1 -10 574.000000 174.000000 611.000000 207.000000 1.545174 1.616128 3.743046 -0.801819 0.746712 36.365400 1.572438 0.999419
Car -1 -1 -10 0.000000 189.000000 341.000000 374.000000 1.479244 1.575704 3.657269 -4.202199 1.571116 7.443999 -1.559406 0.998395
Car -1 -1 -10 449.000000 181.000000 505.000000 221.000000 1.468526 1.561218 3.707774 -4.709832 1.274680 26.573095 -1.586619 0.998212
Car -1 -1 -10 347.000000 180.000000 461.000000 250.000000 1.443801 1.617141 3.983697 -4.761073 1.364965 17.270051 -1.532103 0.998174
Car -1 -1 -10 305.000000 179.000000 386.000000 227.000000 1.442737 1.622766 3.777034 -8.782774 1.366990 24.261873 -1.530259 0.964912
Car -1 -1 -10 115.000000 174.000000 271.000000 273.000000 1.506794 1.605434 3.731451 -8.473577 1.348870 15.219209 1.571197 0.787635
Car -1 -1 -10 371.000000 178.000000 434.000000 209.000000 1.598001 1.510972 3.370417 -10.158675 0.806354 38.446960 0.890644 0.107285
Car -1 -1 -10 9.000000 155.000000 132.000000 218.000000 1.493979 1.588064 3.803524 -21.677423 1.099342 29.680036 1.461544 0.092542
Car -1 -1 -10 216.000000 177.000000 303.000000 222.000000 1.512779 1.607745 3.586675 -12.330890 1.265751 25.207384 -1.573105 0.037524
Car -1 -1 -10 1.000000 163.000000 87.000000 241.000000 1.587148 1.583126 3.704728 -16.834316 1.231664 20.918878 -3.362447 0.023239
Car -1 -1 -10 6.000000 183.000000 202.000000 336.000000 1.462442 1.595477 3.913765 -4.058964 1.558906 7.680027 -1.540399 0.015116
Car -1 -1 -10 178.000000 179.000000 278.000000 236.000000 1.542301 1.601178 3.755216 -12.682388 1.122995 25.413595 -1.989592 0.014813
Car -1 -1 -10 465.000000 177.000000 512.000000 210.000000 1.519965 1.302925 2.344107 -5.128523 1.348257 29.471830 1.916817 0.014424
Car -1 -1 -10 6.000000 152.000000 153.000000 284.000000 1.487151 1.565215 3.658329 -5.716407 1.135287 6.924743 1.455868 0.013671
Cyclist -1 -1 -10 109.000000 175.000000 278.000000 274.000000 1.733145 0.812692 1.822184 -8.128198 1.329678 14.474174 -1.500021 0.015104
