Pedestrian -1 -1 -10 1115.000000 137.000000 1200.000000 313.000000 1.733870 0.598806 0.620288 6.141706 1.311514 7.675290 -0.395378 0.811520
Pedestrian -1 -1 -10 514.000000 161.000000 529.000000 211.000000 1.779713 0.655436 0.709945 -3.287129 1.049655 29.038836 -1.585920 0.463784
Pedestrian -1 -1 -10 601.000000 164.000000 612.000000 193.000000 1.776285 0.637078 0.728357 0.311728 0.707883 44.168489 1.163767 0.289895
Pedestrian -1 -1 -10 564.000000 159.000000 577.000000 199.000000 1.758132 0.671594 0.735417 -1.863702 0.552275 44.015994 -1.598721 0.106781
Pedestrian -1 -1 -10 770.000000 154.000000 808.000000 256.000000 1.746444 0.687489 0.817974 3.281611 1.204757 12.593262 -1.339290 0.103088
Pedestrian -1 -1 -10 618.000000 164.000000 626.000000 192.000000 1.761494 0.635592 0.589793 1.277009 0.572227 44.814051 1.166023 0.102753
Pedestrian -1 -1 -10 591.000000 163.000000 599.000000 189.000000 1.764256 0.644164 0.855588 -0.458051 0.343580 54.152747 -1.593734 0.093322
Pedestrian -1 -1 -10 537.000000 165.000000 546.000000 201.000000 1.782283 0.623621 0.611679 -2.814882 0.889715 33.865251 -1.537544 0.064052
Pedestrian -1 -1 -10 569.000000 160.000000 584.000000 193.000000 1.740612 0.627986 0.735796 -1.776697 0.447654 43.760491 -1.721080 0.044162
Pedestrian -1 -1 -10 579.000000 162.000000 587.000000 192.000000 1.865619 0.634362 0.554066 -1.426209 0.615819 56.489817 -1.473104 0.041070
Pedestrian -1 -1 -10 549.000000 166.000000 574.000000 207.000000 1.697781 0.697325 0.679059 -2.159670 0.566733 43.835053 -1.191024 0.040494
Pedestrian -1 -1 -10 1054.000000 149.000000 1194.000000 257.000000 1.725557 0.651796 0.813058 7.023439 0.993480 9.881606 0.593658 0.029572
Pedestrian -1 -1 -10 610.000000 163.000000 619.000000 192.000000 1.782877 0.633397 0.503943 0.764794 0.601759 46.968862 -1.542004 0.015452
Pedestrian -1 -1 -10 437.000000 155.000000 454.000000 204.000000 1.683280 0.612588 0.624023 -4.992060 1.277908 24.384924 2.309302 0.012891
Car -1 -1 -10 496.000000 174.000000 587.000000 250.000000 1.514741 1.642752 4.026165 -1.182042 1.337266 15.833625 1.588584 0.999397
Car -1 -1 -10 1018.000000 152.000000 1201.000000 245.000000 1.540711 1.596506 3.850246 7.140202 0.940675 11.047853 0.044942 0.118240
Car -1 -1 -10 1095.000000 147.000000 1205.000000 282.000000 1.600131 1.603535 3.863385 6.900052 0.912042 10.966144 -1.524945 0.082915
Car -1 -1 -10 545.000000 167.000000 578.000000 215.000000 1.548606 1.610278 3.928028 -3.045468 0.322873 43.748322 -3.031750 0.013040
Car -1 -1 -10 529.000000 171.000000 585.000000 228.000000 1.529678 1.563154 3.667222 -0.938889 1.199486 16.568844 1.502959 0.010305
Cyclist -1 -1 -10 1114.000000 140.000000 1206.000000 303.000000 1.774478 0.632724 1.662458 5.642910 1.406543 7.268729 1.624950 0.264042
Cyclist -1 -1 -10 550.000000 165.000000 577.000000 213.000000 1.719178 0.554137 1.616357 -2.737209 0.480802 42.671829 -1.065477 0.078820
Cyclist -1 -1 -10 561.000000 160.000000 579.000000 203.000000 1.727882 0.642538 1.557904 -1.995033 0.384897 44.791317 1.046899 0.043961
Cyclist -1 -1 -10 508.000000 162.000000 531.000000 210.000000 1.752911 0.561572 1.386910 -3.665269 0.904023 32.696708 -1.696509 0.039104
Cyclist -1 -1 -10 1054.000000 149.000000 1194.000000 257.000000 1.764169 0.514982 1.729823 7.208111 0.994235 9.887777 0.139137 0.010342
