Pedestrian -1 -1 -10 675.000000 167.000000 699.000000 215.000000 1.737694 0.633316 0.926496 2.612139 1.441921 24.868310 1.228725 0.049204
Car -1 -1 -10 491.000000 179.000000 543.000000 216.000000 1.508191 1.660181 4.085148 -4.040094 1.838501 31.427311 1.561418 0.999213
Car -1 -1 -10 216.000000 185.000000 372.000000 271.000000 1.630743 1.639486 4.021753 -6.537320 1.893679 15.457682 1.560315 0.999204
Car -1 -1 -10 -4.000000 182.000000 251.000000 366.000000 1.706602 1.642302 3.922764 -6.235736 1.894671 8.992008 1.530739 0.996545
Car -1 -1 -10 391.000000 186.000000 455.000000 227.000000 1.468553 1.579134 3.784632 -6.825339 1.941633 26.191615 1.540052 0.984206
Car -1 -1 -10 470.000000 181.000000 509.000000 208.000000 1.548946 1.618966 3.771107 -6.812339 2.131141 40.910311 1.457916 0.972886
Car -1 -1 -10 701.000000 162.000000 788.000000 194.000000 1.638025 1.708559 4.254433 7.784927 1.206122 40.990250 3.101529 0.955258
Car -1 -1 -10 523.000000 179.000000 556.000000 204.000000 1.513769 1.577896 3.777914 -4.073894 1.929677 43.465229 1.524520 0.822671
Car -1 -1 -10 1083.000000 150.000000 1218.000000 193.000000 1.517995 1.554754 3.813188 18.160399 1.036999 24.034322 1.595859 0.038834
Car -1 -1 -10 108.000000 184.000000 247.000000 258.000000 1.524240 1.504203 3.205061 -15.191101 1.763110 27.001730 1.043500 0.021634
