Pedestrian -1 -1 -10 1050.000000 123.000000 1132.000000 317.000000 1.786159 0.711357 0.979214 4.781217 1.325119 7.206163 -1.041947 0.994918
Pedestrian -1 -1 -10 1115.000000 120.000000 1212.000000 323.000000 1.751435 0.657852 0.926479 5.212100 1.244949 6.901132 -1.097694 0.981895
Pedestrian -1 -1 -10 1184.000000 137.000000 1228.000000 230.000000 1.731056 0.654503 0.712014 12.221971 0.963054 14.765482 3.336828 0.786301
Pedestrian -1 -1 -10 1117.000000 126.000000 1162.000000 312.000000 1.854455 0.590010 0.909308 5.081442 1.308599 7.016900 0.038271 0.731583
Pedestrian -1 -1 -10 1156.000000 136.000000 1225.000000 272.000000 1.694089 0.583611 0.664078 7.868214 1.487523 9.546993 1.837365 0.206193
Pedestrian -1 -1 -10 1050.000000 141.000000 1098.000000 238.000000 1.692724 0.578458 0.595891 5.437741 1.592117 7.853014 1.129699 0.063555
Pedestrian -1 -1 -10 1011.000000 147.000000 1139.000000 242.000000 1.643764 0.603420 0.637456 7.287066 0.781025 11.248914 0.641123 0.061183
Pedestrian -1 -1 -10 1050.000000 155.000000 1075.000000 213.000000 1.683280 0.612588 0.624024 15.567400 0.967373 25.448954 3.082968 0.057569
Pedestrian -1 -1 -10 958.000000 159.000000 1124.000000 204.000000 1.729163 0.717340 0.857588 13.893956 1.594042 25.093021 0.147365 0.022386
Pedestrian -1 -1 -10 1198.000000 148.000000 1232.000000 206.000000 1.679508 0.583397 0.644152 21.561297 0.907515 25.398478 3.197486 0.016605
Car -1 -1 -10 836.000000 169.000000 949.000000 212.000000 1.536446 1.626534 3.965646 10.096616 1.371765 26.055092 3.112416 0.988904
Car -1 -1 -10 0.000000 208.000000 93.000000 251.000000 1.479830 1.585847 3.838507 -20.537674 2.673481 25.049176 -3.110605 0.898342
Car -1 -1 -10 955.000000 158.000000 1124.000000 206.000000 1.538212 1.645560 4.077515 15.129446 1.223327 26.021305 3.108475 0.436870
Car -1 -1 -10 1179.000000 140.000000 1235.000000 219.000000 1.560569 1.581803 3.636327 13.465689 0.571023 14.865095 -0.920823 0.182563
Car -1 -1 -10 161.000000 182.000000 320.000000 241.000000 1.946115 1.735718 4.239935 -12.848261 2.408414 25.197432 -3.090305 0.181750
Car -1 -1 -10 149.000000 195.000000 227.000000 225.000000 1.457694 1.613439 3.847717 -19.952443 2.392520 34.030390 0.716924 0.045822
Car -1 -1 -10 78.000000 198.000000 156.000000 227.000000 1.593081 1.611433 4.018792 -20.323019 2.691203 30.568063 0.478620 0.042548
Car -1 -1 -10 271.000000 187.000000 350.000000 216.000000 1.529950 1.599793 3.845859 -14.004269 2.156386 34.545973 -2.424255 0.016799
Car -1 -1 -10 969.000000 171.000000 1067.000000 206.000000 1.528736 1.641165 4.087338 15.080511 1.278377 25.972869 3.091012 0.013887
Car -1 -1 -10 1119.000000 139.000000 1236.000000 257.000000 1.447174 1.566761 3.634778 7.708414 1.094788 10.687395 -0.345313 0.010075
Cyclist -1 -1 -10 1182.000000 139.000000 1234.000000 213.000000 1.664845 0.618744 1.622909 12.316073 0.746216 15.054308 3.772668 0.154837
Cyclist -1 -1 -10 1119.000000 139.000000 1236.000000 257.000000 1.650906 0.613805 1.705890 7.973476 1.414089 9.639608 2.734806 0.059376
Cyclist -1 -1 -10 1171.000000 138.000000 1218.000000 241.000000 1.716153 0.555400 1.526605 9.496746 1.251885 11.578360 3.729099 0.028532
Cyclist -1 -1 -10 975.000000 157.000000 1132.000000 206.000000 1.638190 0.763222 1.774219 14.336365 1.410402 25.273256 3.255364 0.016068
Cyclist -1 -1 -10 1096.000000 126.000000 1203.000000 308.000000 1.793726 0.575664 1.648076 5.029233 1.274340 7.008939 -1.315096 0.010151
