Pedestrian -1 -1 -10 675.000000 169.000000 732.000000 335.000000 1.729044 0.582193 0.903225 1.126108 1.578144 7.925541 -0.885960 0.998022
Pedestrian -1 -1 -10 62.000000 148.000000 218.000000 372.000000 1.753834 0.572632 0.744773 -2.574795 1.500557 3.903202 1.461696 0.997265
Pedestrian -1 -1 -10 556.000000 172.000000 578.000000 235.000000 1.773191 0.678359 0.908951 -1.044844 1.501033 20.337763 1.411763 0.991381
Pedestrian -1 -1 -10 927.000000 133.000000 973.000000 271.000000 1.805647 0.614610 0.878594 4.948518 1.223452 10.178897 -2.639024 0.962222
Pedestrian -1 -1 -10 959.000000 146.000000 1005.000000 269.000000 1.740952 0.623982 0.845896 5.656933 1.187946 10.692403 -1.185819 0.920425
Pedestrian -1 -1 -10 503.000000 173.000000 523.000000 233.000000 1.748004 0.625381 0.828987 -2.660822 1.506795 21.810039 1.114305 0.849837
Pedestrian -1 -1 -10 490.000000 172.000000 510.000000 235.000000 1.811943 0.658198 0.879714 -2.986122 1.565539 20.490350 1.291628 0.818900
Pedestrian -1 -1 -10 469.000000 175.000000 492.000000 236.000000 1.721583 0.655132 0.862842 -3.469277 1.566120 20.602396 1.271499 0.770479
Pedestrian -1 -1 -10 222.000000 171.000000 375.000000 373.000000 1.675202 0.680888 0.616716 -1.643549 1.599660 4.196569 1.224598 0.693746
Pedestrian -1 -1 -10 598.000000 175.000000 618.000000 235.000000 1.768646 0.627521 0.923640 0.072639 1.571238 20.171361 3.063420 0.655278
Pedestrian -1 -1 -10 1113.000000 126.000000 1233.000000 365.000000 1.669039 0.612064 0.720697 3.783523 1.348617 4.605970 -1.495932 0.480776
Pedestrian -1 -1 -10 590.000000 174.000000 607.000000 230.000000 1.812610 0.639078 0.852883 -0.206173 1.549553 21.247714 2.636232 0.338954
Pedestrian -1 -1 -10 360.000000 201.000000 395.000000 287.000000 1.779098 0.730556 0.612814 -3.824409 1.988538 11.797440 -1.923191 0.190768
Pedestrian -1 -1 -10 302.000000 199.000000 380.000000 336.000000 1.710248 0.611050 0.631969 -1.505876 1.806084 4.156306 -1.906244 0.183301
Pedestrian -1 -1 -10 212.000000 209.000000 280.000000 327.000000 1.705175 0.777320 0.512089 -4.050904 2.030236 7.909710 -2.037961 0.181145
Pedestrian -1 -1 -10 578.000000 173.000000 595.000000 220.000000 1.686683 0.589820 0.688169 -0.689512 1.523252 28.197544 2.553527 0.176730
Pedestrian -1 -1 -10 322.000000 205.000000 362.000000 272.000000 1.690354 0.695924 0.602336 -4.331480 1.930293 11.926821 -1.928757 0.175227
Pedestrian -1 -1 -10 346.000000 203.000000 383.000000 300.000000 1.719498 0.657426 0.661343 -3.762586 1.912399 11.683464 0.289003 0.103558
Car -1 -1 -10 1009.000000 164.000000 1234.000000 365.000000 1.583978 1.503413 3.180653 3.193009 1.066631 4.251591 -0.916823 0.085818
Cyclist -1 -1 -10 216.000000 171.000000 383.000000 371.000000 1.642786 0.580775 1.685051 -1.657551 1.556068 3.960777 1.644377 0.857722
Cyclist -1 -1 -10 305.000000 191.000000 382.000000 365.000000 1.691060 0.640417 1.747474 -1.683632 1.491744 4.100518 -1.828632 0.396428
Cyclist -1 -1 -10 208.000000 202.000000 296.000000 348.000000 1.713488 0.628691 1.698795 -1.906708 1.582388 4.023932 -1.496018 0.164194
Cyclist -1 -1 -10 1092.000000 128.000000 1233.000000 367.000000 1.742653 0.633663 1.687318 3.554332 1.273285 4.533306 -0.239546 0.042018
Cyclist -1 -1 -10 339.000000 203.000000 377.000000 325.000000 1.709867 0.545204 1.562306 -3.702472 1.758327 11.456530 -0.192415 0.026749
Cyclist -1 -1 -10 357.000000 201.000000 396.000000 288.000000 1.668839 0.712380 1.631890 -3.936049 1.864435 12.122227 2.734806 0.020626
Cyclist -1 -1 -10 296.000000 204.000000 376.000000 287.000000 1.659223 0.621144 1.690719 -4.073510 1.693294 11.135812 -1.943631 0.020219
Cyclist -1 -1 -10 806.000000 164.000000 832.000000 213.000000 1.629873 0.439691 1.581809 4.943263 1.444906 15.702277 1.364494 0.014084
Cyclist -1 -1 -10 321.000000 207.000000 363.000000 271.000000 1.682732 0.597694 1.491902 -4.511451 1.743030 12.593715 0.630829 0.010164
