Pedestrian -1 -1 -10 920.000000 174.000000 1049.000000 374.000000 1.667281 0.674891 0.624706 2.366053 1.643379 4.498422 1.996761 0.996094
Pedestrian -1 -1 -10 1047.000000 102.000000 1240.000000 370.000000 1.661468 0.576751 0.724220 2.741298 1.528864 3.800342 3.345624 0.123004
Pedestrian -1 -1 -10 1158.000000 108.000000 1240.000000 375.000000 1.659680 0.532516 0.584865 2.976674 1.295082 3.637696 1.300413 0.112986
Pedestrian -1 -1 -10 54.000000 191.000000 85.000000 249.000000 1.754022 0.689740 0.841087 -15.609246 2.250797 20.803244 2.431587 0.028167
Pedestrian -1 -1 -10 0.000000 193.000000 19.000000 246.000000 1.712451 0.585192 0.612876 -15.270131 2.097183 18.476508 1.854679 0.011497
Car -1 -1 -10 602.000000 181.000000 630.000000 208.000000 1.568368 1.627997 3.993129 0.313157 2.168594 46.317482 -1.581028 0.998790
Car -1 -1 -10 281.000000 193.000000 372.000000 240.000000 1.496916 1.622532 3.950043 -9.557728 2.224241 24.965078 1.584253 0.995453
Car -1 -1 -10 330.000000 188.000000 389.000000 224.000000 1.550377 1.555780 3.446572 -11.822518 2.608193 34.367549 -1.885747 0.631442
Cyclist -1 -1 -10 1004.000000 120.000000 1248.000000 376.000000 1.631363 0.802979 1.754177 2.699638 1.502203 3.537554 0.684931 0.990450
Cyclist -1 -1 -10 711.000000 176.000000 728.000000 201.000000 1.730277 0.667250 1.705034 5.342206 1.755191 36.450239 3.275448 0.470104
Cyclist -1 -1 -10 933.000000 168.000000 1053.000000 378.000000 1.654818 0.594934 1.708365 2.248893 1.528903 4.514686 1.563179 0.210962
Cyclist -1 -1 -10 1144.000000 109.000000 1239.000000 374.000000 1.735402 0.604240 1.604196 2.280440 1.025601 2.664360 -1.768042 0.035537
