Pedestrian -1 -1 -10 113.000000 154.000000 182.000000 327.000000 1.779584 0.681603 0.943151 -5.303531 1.512321 8.213781 -2.607490 0.996556
Pedestrian -1 -1 -10 421.000000 179.000000 447.000000 267.000000 1.773202 0.582618 0.687038 -3.096173 1.624172 13.233883 0.316422 0.991659
Pedestrian -1 -1 -10 514.000000 183.000000 549.000000 274.000000 1.623368 0.605682 0.626624 -1.206982 1.627145 12.584684 -1.142683 0.991020
Pedestrian -1 -1 -10 599.000000 173.000000 617.000000 229.000000 1.691176 0.622237 0.865288 0.177030 1.383696 22.057024 1.512298 0.736447
Pedestrian -1 -1 -10 512.000000 180.000000 534.000000 232.000000 1.683280 0.612588 0.624024 -2.222019 1.544697 20.762859 2.414250 0.362128
Pedestrian -1 -1 -10 582.000000 172.000000 600.000000 221.000000 1.676834 0.619611 0.770522 -0.375759 1.337356 27.400708 1.614220 0.148881
Pedestrian -1 -1 -10 110.000000 158.000000 150.000000 300.000000 1.700451 0.667218 0.589345 -5.389543 1.234332 8.220377 2.136063 0.070958
Pedestrian -1 -1 -10 608.000000 170.000000 623.000000 221.000000 1.685011 0.532718 0.600104 0.242204 1.647939 21.949479 0.546431 0.015579
Pedestrian -1 -1 -10 624.000000 171.000000 636.000000 211.000000 1.716640 0.648032 0.735873 1.418067 1.409593 34.016790 -2.035849 0.014353
Car -1 -1 -10 828.000000 179.000000 1059.000000 370.000000 1.661361 1.677633 4.124722 2.518816 1.511486 3.808726 -1.529522 0.017287
Cyclist -1 -1 -10 418.000000 178.000000 451.000000 265.000000 1.754994 0.528649 1.676956 -3.074647 1.638053 13.317781 0.330482 0.106230
Cyclist -1 -1 -10 510.000000 181.000000 535.000000 232.000000 1.677954 0.514024 1.434747 -2.242091 1.442647 20.999913 -1.726598 0.073492
Cyclist -1 -1 -10 688.000000 166.000000 720.000000 223.000000 1.721180 0.563815 1.841139 3.021838 1.266386 21.679760 1.288421 0.073304
Cyclist -1 -1 -10 512.000000 178.000000 542.000000 265.000000 1.694196 0.487243 1.671231 -1.309923 1.651719 12.597124 -2.141598 0.058422
Cyclist -1 -1 -10 393.000000 189.000000 461.000000 255.000000 1.731075 0.579353 1.576874 -3.208059 1.248465 13.273824 -1.203864 0.050916
Cyclist -1 -1 -10 683.000000 169.000000 706.000000 215.000000 1.758270 0.604474 1.660257 3.002791 1.191791 21.737735 1.098707 0.014999
