Pedestrian -1 -1 -10 622.000000 169.000000 643.000000 216.000000 1.683280 0.612588 0.624023 1.024076 1.966722 27.230598 2.553309 0.035125
Car -1 -1 -10 1014.000000 195.000000 1242.000000 373.000000 1.497577 1.599404 3.772543 4.407216 1.672071 4.202727 0.045514 0.977860
Car -1 -1 -10 -7.000000 166.000000 274.000000 289.000000 1.592552 1.596243 3.752870 -7.612207 1.597792 11.521170 -0.095024 0.971078
Car -1 -1 -10 462.000000 172.000000 510.000000 202.000000 1.567672 1.635866 4.020761 -7.166571 1.646537 41.887265 -1.957118 0.934373
Car -1 -1 -10 254.000000 170.000000 355.000000 217.000000 1.536280 1.627508 3.871807 -11.227764 1.727782 27.126858 -3.513274 0.644914
Car -1 -1 -10 103.000000 158.000000 331.000000 235.000000 1.715103 1.692977 3.904948 -9.306764 1.437299 17.663713 -3.320947 0.391801
Car -1 -1 -10 1142.000000 183.000000 1243.000000 222.000000 1.488894 1.562521 3.814290 29.471133 2.054862 36.393993 -1.742714 0.169112
Car -1 -1 -10 12.000000 145.000000 163.000000 253.000000 1.527091 1.566341 3.762931 -7.956549 1.150604 9.499595 -3.304849 0.138372
Car -1 -1 -10 1117.000000 193.000000 1243.000000 334.000000 1.559593 1.572818 3.658934 4.127481 1.736621 4.123344 -0.852804 0.036604
Car -1 -1 -10 1106.000000 183.000000 1239.000000 254.000000 1.540918 1.616896 3.441298 10.582542 1.673981 12.945599 3.089953 0.030498
Cyclist -1 -1 -10 1093.000000 183.000000 1240.000000 258.000000 1.682975 0.537371 1.493576 12.607110 2.087797 15.466201 -0.940452 0.011917
