Pedestrian -1 -1 -10 1212.000000 139.000000 1241.000000 252.000000 1.745562 0.636752 0.722434 15.943480 0.454971 18.802977 -1.383936 0.019517
Car -1 -1 -10 629.000000 179.000000 689.000000 224.000000 1.475226 1.660366 3.992702 1.674476 1.760443 26.165725 -1.623500 0.999294
Car -1 -1 -10 924.000000 182.000000 1245.000000 351.000000 1.568941 1.566774 4.063576 5.917958 1.748833 7.688316 3.173276 0.994306
Car -1 -1 -10 806.000000 166.000000 1082.000000 298.000000 1.551768 1.608608 4.013432 5.487670 1.739848 10.662137 -0.093336 0.991533
Car -1 -1 -10 263.000000 180.000000 434.000000 238.000000 1.496631 1.589467 4.259895 -7.305419 1.789014 20.293174 -3.168031 0.977322
Car -1 -1 -10 -1.000000 154.000000 253.000000 325.000000 1.740887 1.635141 3.943166 -6.889635 1.534673 9.162711 -0.041029 0.946292
Car -1 -1 -10 612.000000 175.000000 648.000000 204.000000 1.554451 1.582499 3.849170 0.946821 1.850440 41.326569 -1.635691 0.939988
Car -1 -1 -10 334.000000 179.000000 460.000000 231.000000 1.507914 1.592030 4.144531 -7.127488 1.840684 22.869731 -3.191047 0.567763
Car -1 -1 -10 0.000000 164.000000 129.000000 370.000000 1.669113 1.655251 3.971957 -6.573569 1.727312 6.933995 1.461715 0.489889
Car -1 -1 -10 1133.000000 189.000000 1240.000000 368.000000 1.464999 1.603200 3.909242 6.266640 1.651349 5.329781 -0.023060 0.401821
Car -1 -1 -10 451.000000 179.000000 500.000000 208.000000 1.591646 1.626027 3.867395 -7.030977 1.783332 37.771259 1.486738 0.378398
Cyclist -1 -1 -10 436.000000 176.000000 480.000000 258.000000 1.710396 0.576832 1.748508 -3.390967 1.838629 15.864007 1.532653 0.998678
Cyclist -1 -1 -10 445.000000 181.000000 490.000000 222.000000 1.681086 0.551659 1.585532 -6.116938 2.224804 33.380228 -1.762971 0.168586
Cyclist -1 -1 -10 390.000000 182.000000 465.000000 234.000000 1.691353 0.776708 1.832006 -5.830387 1.781412 22.217255 -3.390603 0.052622
