Car -1 -1 -10 845.000000 192.000000 1211.000000 374.000000 1.480466 1.640442 3.975041 3.844651 1.752102 7.442634 -1.548615 0.999497
Car -1 -1 -10 226.000000 191.000000 415.000000 296.000000 1.480263 1.596712 3.830629 -4.648554 1.827620 12.167538 1.588740 0.999365
Car -1 -1 -10 519.000000 179.000000 556.000000 208.000000 1.554806 1.555103 3.649904 -3.847126 1.855307 39.128263 1.642865 0.998966
Car -1 -1 -10 370.000000 185.000000 475.000000 255.000000 1.527949 1.575418 3.802031 -4.507331 1.866688 17.839594 1.613919 0.998677
Car -1 -1 -10 429.000000 184.000000 508.000000 234.000000 1.435344 1.567448 3.931280 -4.440897 1.793614 23.175984 1.567928 0.998510
Car -1 -1 -10 759.000000 184.000000 911.000000 279.000000 1.495515 1.610393 3.704656 3.803390 1.663758 12.862771 -1.574290 0.998364
Car -1 -1 -10 716.000000 180.000000 818.000000 246.000000 1.460007 1.641510 4.076002 3.719976 1.671324 18.109707 -1.578111 0.994603
Car -1 -1 -10 697.000000 179.000000 764.000000 228.000000 1.532300 1.569640 3.563273 3.895467 1.768212 23.033053 -1.540014 0.988198
Car -1 -1 -10 692.000000 178.000000 739.000000 216.000000 1.516413 1.559034 3.551579 4.228697 1.789712 28.745519 -1.551876 0.895779
Car -1 -1 -10 535.000000 178.000000 569.000000 204.000000 1.529702 1.605619 3.919627 -3.975465 1.887537 43.422294 1.673016 0.378873
Car -1 -1 -10 685.000000 178.000000 717.000000 210.000000 1.390404 1.526392 3.324035 2.679270 1.018012 20.712828 0.883030 0.206977
Car -1 -1 -10 1140.000000 224.000000 1239.000000 374.000000 1.524240 1.504203 3.205061 3.716591 1.859632 4.416852 2.260460 0.126063
