Pedestrian -1 -1 -10 867.000000 156.000000 877.000000 187.000000 1.732119 0.671576 0.627020 15.595195 0.740153 43.077386 -0.827665 0.052180
Car -1 -1 -10 644.000000 181.000000 767.000000 269.000000 1.500351 1.592545 3.523860 1.739756 1.649545 13.868266 -1.768453 0.998903
Car -1 -1 -10 794.000000 165.000000 898.000000 207.000000 1.519306 1.623324 3.949141 9.364216 1.313150 28.225157 -0.682588 0.997926
Car -1 -1 -10 561.000000 173.000000 659.000000 213.000000 1.497555 1.557848 3.859232 0.075462 1.538088 29.333963 2.509425 0.997879
Car -1 -1 -10 871.000000 168.000000 949.000000 203.000000 1.514150 1.575357 3.516387 13.076798 1.354180 31.029415 -0.656594 0.983711
Car -1 -1 -10 742.000000 170.000000 834.000000 213.000000 1.582714 1.579579 3.781154 6.060665 1.374638 25.661393 -0.633193 0.971732
Car -1 -1 -10 923.000000 159.000000 1008.000000 199.000000 1.606889 1.684577 4.050757 16.759877 1.121023 33.718951 -0.656697 0.954483
Car -1 -1 -10 701.000000 171.000000 798.000000 210.000000 1.472793 1.577423 3.678930 5.896499 1.340818 25.214357 -0.670065 0.159421
Car -1 -1 -10 704.000000 172.000000 758.000000 203.000000 1.480467 1.560701 3.702168 5.047248 1.220251 33.436622 1.751730 0.057923
Car -1 -1 -10 710.000000 169.000000 735.000000 208.000000 1.498531 1.537613 3.692488 4.390260 1.274155 33.737180 -2.099885 0.012964
Cyclist -1 -1 -10 664.000000 180.000000 683.000000 210.000000 1.697120 0.506023 1.593119 1.729203 1.587440 15.468878 -0.839780 0.046727
Cyclist -1 -1 -10 698.000000 172.000000 747.000000 206.000000 1.674438 0.574127 1.739224 5.023189 1.412187 32.811946 2.242822 0.043792
Cyclist -1 -1 -10 683.000000 175.000000 727.000000 212.000000 1.710401 0.614773 1.616654 4.311360 1.772000 32.582063 2.248302 0.033582
Cyclist -1 -1 -10 670.000000 176.000000 703.000000 212.000000 1.672457 0.522652 1.466336 3.693833 1.675157 32.558737 -1.526592 0.023601
Cyclist -1 -1 -10 690.000000 171.000000 713.000000 219.000000 1.710711 0.573019 1.639751 4.158666 1.707413 32.641704 2.212408 0.020549
Cyclist -1 -1 -10 672.000000 172.000000 767.000000 212.000000 1.698193 0.538337 1.602572 2.535966 1.404978 15.293863 3.246681 0.012393
Cyclist -1 -1 -10 707.000000 169.000000 728.000000 210.000000 1.655866 0.481555 1.653321 4.976173 1.379528 32.959763 -0.922916 0.010113
