Pedestrian -1 -1 -10 164.000000 184.000000 185.000000 227.000000 1.692670 0.566854 0.632128 -18.712809 1.953104 31.176418 2.040773 0.837608
Pedestrian -1 -1 -10 133.000000 183.000000 156.000000 230.000000 1.761930 0.649697 0.687170 -19.880226 2.387265 30.918530 -1.942603 0.657692
Pedestrian -1 -1 -10 147.000000 185.000000 197.000000 227.000000 1.683280 0.612588 0.624024 -16.027791 1.885016 26.309660 1.977231 0.090037
Pedestrian -1 -1 -10 130.000000 185.000000 179.000000 235.000000 1.718362 0.660808 0.655699 -15.862703 2.337671 25.378827 -2.787263 0.060610
Pedestrian -1 -1 -10 108.000000 197.000000 201.000000 240.000000 1.708472 0.797407 0.823005 -15.710835 2.836391 24.636647 -0.501248 0.043051
Car -1 -1 -10 597.000000 173.000000 631.000000 205.000000 1.511260 1.641538 4.021665 0.175228 1.781250 44.012343 -1.604699 0.999055
Car -1 -1 -10 103.000000 198.000000 207.000000 244.000000 1.522756 1.587504 3.706375 -16.234688 2.489752 26.068197 1.585287 0.997434
Car -1 -1 -10 129.000000 190.000000 199.000000 231.000000 1.522652 1.486628 3.357438 -19.568820 2.064890 31.732179 1.078219 0.016695
Cyclist -1 -1 -10 112.000000 195.000000 206.000000 237.000000 1.723722 0.691475 1.751319 -15.720190 2.661119 25.287794 1.555794 0.116954
Cyclist -1 -1 -10 143.000000 186.000000 194.000000 227.000000 1.713994 0.525159 1.430729 -17.975100 2.094521 29.796747 -2.093688 0.032491
Cyclist -1 -1 -10 132.000000 184.000000 156.000000 230.000000 1.706352 0.551669 1.618016 -19.977592 2.212242 31.151947 0.506392 0.019151
