Pedestrian -1 -1 -10 201.000000 166.000000 287.000000 354.000000 1.748816 0.647981 0.939566 -3.381015 1.600946 6.794188 -1.948236 0.989368
Pedestrian -1 -1 -10 651.000000 160.000000 674.000000 228.000000 1.753613 0.664161 0.834492 1.562467 1.225811 18.652645 1.619274 0.970696
Pedestrian -1 -1 -10 8.000000 169.000000 106.000000 376.000000 1.652123 0.689736 0.630954 -3.312570 1.635099 4.349310 0.544631 0.967528
Pedestrian -1 -1 -10 89.000000 161.000000 157.000000 336.000000 1.783445 0.689281 0.910242 -5.040343 1.659429 7.734952 0.515989 0.959998
Pedestrian -1 -1 -10 134.000000 174.000000 218.000000 354.000000 1.708106 0.720121 0.739053 -4.116137 1.669868 6.851611 0.973046 0.952840
Pedestrian -1 -1 -10 166.000000 167.000000 244.000000 342.000000 1.767521 0.694131 0.765226 -4.099253 1.553750 7.098693 -1.657048 0.815277
Pedestrian -1 -1 -10 501.000000 169.000000 517.000000 215.000000 1.740578 0.649589 0.832956 -3.413201 1.294074 26.840115 -2.078653 0.797470
Pedestrian -1 -1 -10 515.000000 168.000000 532.000000 216.000000 1.699518 0.675002 0.839492 -2.901512 1.149725 27.110994 -1.719912 0.693336
Pedestrian -1 -1 -10 44.000000 166.000000 142.000000 360.000000 1.799133 0.651049 0.535595 -4.335329 1.750294 5.944755 0.502819 0.495945
Pedestrian -1 -1 -10 123.000000 173.000000 180.000000 332.000000 1.798359 0.709154 0.803630 -4.925153 1.698808 7.697864 1.428845 0.328412
Pedestrian -1 -1 -10 0.000000 170.000000 51.000000 367.000000 1.770849 0.667996 0.685603 -6.760869 1.801759 8.323624 -1.722197 0.151957
Pedestrian -1 -1 -10 202.000000 178.000000 395.000000 307.000000 1.651546 0.819919 0.689984 -3.828615 1.813288 10.097095 1.183947 0.086883
Pedestrian -1 -1 -10 381.000000 168.000000 406.000000 222.000000 1.678986 0.683616 1.012938 -7.062268 1.199165 24.343827 -1.908776 0.026402
Car -1 -1 -10 208.000000 179.000000 396.000000 301.000000 1.569359 1.651488 4.055657 -4.530982 1.614473 11.330252 1.476381 0.986035
Car -1 -1 -10 195.000000 169.000000 311.000000 331.000000 1.604385 1.609418 3.683313 -2.058055 1.428277 7.588499 -0.411977 0.022555
Cyclist -1 -1 -10 424.000000 163.000000 476.000000 259.000000 1.735777 0.583323 1.752116 -3.026292 1.432758 13.854758 1.385268 0.999433
Cyclist -1 -1 -10 380.000000 169.000000 405.000000 220.000000 1.815999 0.682203 1.736391 -7.141884 1.333114 24.407744 -1.814384 0.732749
Cyclist -1 -1 -10 360.000000 178.000000 401.000000 227.000000 1.677954 0.514024 1.434748 -7.376075 0.745377 24.464540 -1.915411 0.051824
Cyclist -1 -1 -10 205.000000 171.000000 289.000000 340.000000 1.786656 0.544782 1.692663 -3.494318 1.615054 6.885207 -2.515333 0.017218
Cyclist -1 -1 -10 0.000000 164.000000 114.000000 371.000000 1.694994 0.667678 1.700361 -3.552608 1.623371 4.537596 0.348536 0.011559
