Car -1 -1 -10 726.000000 189.000000 902.000000 301.000000 1.482306 1.617886 3.642933 2.931839 1.702244 11.221860 -1.641715 0.999501
Car -1 -1 -10 3.000000 178.000000 312.000000 328.000000 1.653252 1.627779 4.228619 -6.306293 1.703562 8.852634 -0.047131 0.997175
Car -1 -1 -10 803.000000 181.000000 949.000000 243.000000 1.536678 1.614543 4.122294 7.151286 1.777548 18.943679 -0.061706 0.988935
Car -1 -1 -10 222.000000 171.000000 406.000000 251.000000 1.604818 1.636490 3.830443 -6.629640 1.614576 15.763416 -3.237043 0.949262
Car -1 -1 -10 409.000000 173.000000 514.000000 207.000000 1.591410 1.599200 3.785043 -5.681011 1.664783 35.295950 -1.776678 0.949085
Car -1 -1 -10 708.000000 172.000000 848.000000 224.000000 1.775453 1.681324 4.138532 6.073205 1.744903 28.829735 3.168132 0.895738
Car -1 -1 -10 300.000000 170.000000 477.000000 235.000000 1.516962 1.595284 4.027012 -5.183975 2.112485 19.731615 0.823910 0.891807
Car -1 -1 -10 3.000000 185.000000 151.000000 353.000000 1.473696 1.582041 3.757246 -5.888997 1.566437 5.612380 -3.118995 0.594563
Car -1 -1 -10 120.000000 168.000000 359.000000 271.000000 1.769564 1.637740 3.882968 -7.027117 1.875212 12.204534 -0.305530 0.421540
Car -1 -1 -10 753.000000 178.000000 877.000000 236.000000 1.491951 1.602508 4.011760 6.246706 1.463529 21.421154 -0.060625 0.352385
Car -1 -1 -10 446.000000 171.000000 530.000000 202.000000 1.607082 1.676407 3.842606 -6.377785 1.481393 39.472678 2.957402 0.170952
