Pedestrian -1 -1 -10 846.000000 159.000000 949.000000 374.000000 1.740966 0.631388 0.925292 2.332070 1.524160 5.635595 -1.265536 0.997894
Pedestrian -1 -1 -10 765.000000 171.000000 847.000000 371.000000 1.697087 0.625220 0.706326 1.528904 1.569825 5.698845 -1.762353 0.997016
Pedestrian -1 -1 -10 177.000000 167.000000 270.000000 373.000000 1.745169 0.617351 0.922150 -3.386143 1.596991 6.399338 -1.042037 0.995924
Pedestrian -1 -1 -10 742.000000 173.000000 771.000000 259.000000 1.753072 0.617584 0.847993 3.278240 1.576301 15.279808 -2.342718 0.972979
Pedestrian -1 -1 -10 851.000000 153.000000 874.000000 219.000000 1.756936 0.639539 0.881427 7.713710 1.059425 21.147683 -0.902705 0.903181
Pedestrian -1 -1 -10 1156.000000 152.000000 1194.000000 241.000000 1.755313 0.638043 0.643811 11.023713 1.157888 13.737773 3.326776 0.869977
Pedestrian -1 -1 -10 1087.000000 155.000000 1170.000000 339.000000 1.684753 0.674953 0.611743 4.709767 1.445013 6.414183 -1.513268 0.833093
Pedestrian -1 -1 -10 901.000000 164.000000 929.000000 222.000000 1.638843 0.638274 0.623093 7.365653 1.280702 17.018355 2.475085 0.597929
Pedestrian -1 -1 -10 1146.000000 153.000000 1177.000000 240.000000 1.820823 0.717682 0.828115 11.876331 1.155174 14.944329 -0.381967 0.510250
Pedestrian -1 -1 -10 473.000000 178.000000 490.000000 228.000000 1.744864 0.668587 0.872814 -4.455383 1.647577 26.620752 -1.684738 0.256814
Pedestrian -1 -1 -10 1128.000000 154.000000 1166.000000 247.000000 1.733849 0.570057 0.608423 11.501208 1.080641 15.387163 1.756332 0.236724
Pedestrian -1 -1 -10 1108.000000 157.000000 1160.000000 285.000000 1.673171 0.593259 0.570196 2.143621 1.523680 2.950501 3.242505 0.167434
Pedestrian -1 -1 -10 859.000000 167.000000 936.000000 282.000000 1.741752 0.590336 0.746000 3.937244 1.708737 9.111199 -1.768335 0.114845
Pedestrian -1 -1 -10 872.000000 165.000000 909.000000 226.000000 1.740515 0.616040 0.731438 7.093524 1.431237 17.057543 0.969466 0.070026
Pedestrian -1 -1 -10 752.000000 171.000000 796.000000 263.000000 1.767846 0.621770 0.849360 3.840251 1.632861 16.482898 1.314401 0.059648
Cyclist -1 -1 -10 304.000000 176.000000 391.000000 279.000000 1.712689 0.565163 1.829218 -4.716553 1.595087 12.629911 2.682311 0.994788
Cyclist -1 -1 -10 1069.000000 150.000000 1181.000000 367.000000 1.753986 0.538528 1.699028 4.689156 1.371254 6.367905 -0.893775 0.515563
Cyclist -1 -1 -10 900.000000 165.000000 930.000000 225.000000 1.651417 0.537202 1.710398 7.164927 1.177431 16.981395 2.517470 0.128631
Cyclist -1 -1 -10 743.000000 172.000000 774.000000 261.000000 1.780845 0.611819 1.748485 3.490909 1.623343 15.983289 -1.301450 0.028752
Cyclist -1 -1 -10 758.000000 171.000000 793.000000 268.000000 1.738926 0.545954 1.714699 3.784182 1.457244 16.536671 -0.923380 0.025258
Cyclist -1 -1 -10 871.000000 164.000000 914.000000 226.000000 1.671126 0.618419 1.779462 7.208671 1.290140 16.993793 2.497212 0.021884
Cyclist -1 -1 -10 850.000000 156.000000 882.000000 225.000000 1.824226 0.749955 1.841267 7.911239 1.075006 21.132788 -0.519221 0.012642
Cyclist -1 -1 -10 963.000000 158.000000 1212.000000 364.000000 1.694604 0.656582 1.764201 2.476994 1.589247 3.407872 -1.765726 0.012095
Cyclist -1 -1 -10 1102.000000 157.000000 1165.000000 269.000000 1.689369 0.493625 1.503933 6.711870 1.191059 8.717976 -1.562293 0.011626
