Car -1 -1 -10 212.000000 200.000000 345.000000 264.000000 1.430609 1.612584 3.941394 -8.225355 2.097966 17.551595 -2.395285 0.999587
Car -1 -1 -10 66.000000 194.000000 144.000000 234.000000 1.454975 1.645886 4.034156 -19.765003 2.216367 27.929119 -2.351230 0.998604
Car -1 -1 -10 674.000000 180.000000 762.000000 233.000000 1.473651 1.650392 4.085234 2.946637 1.630632 20.188869 1.558860 0.997671
Car -1 -1 -10 44.000000 192.000000 112.000000 228.000000 1.513190 1.605744 3.843273 -23.436854 2.287871 31.652965 -2.308022 0.984775
Car -1 -1 -10 599.000000 179.000000 661.000000 230.000000 1.458126 1.563057 3.708797 0.617327 1.593010 21.317472 1.555334 0.980597
Car -1 -1 -10 360.000000 168.000000 603.000000 300.000000 1.993342 1.744569 4.226590 -2.530524 2.001795 12.333553 -2.385823 0.919648
Car -1 -1 -10 273.000000 181.000000 374.000000 216.000000 1.523007 1.603197 3.824240 -13.141474 1.901322 33.068587 -3.309868 0.875628
Car -1 -1 -10 214.000000 186.000000 310.000000 213.000000 1.580211 1.644552 3.976718 -17.923468 2.075349 37.067752 -3.233545 0.216186
Car -1 -1 -10 731.000000 171.000000 879.000000 225.000000 1.509080 1.599427 4.063657 6.287449 1.513671 22.788369 2.989580 0.182387
Car -1 -1 -10 436.000000 178.000000 601.000000 265.000000 1.539591 1.616567 3.418525 -1.661092 2.053615 13.337274 0.872246 0.012281
Car -1 -1 -10 642.000000 179.000000 707.000000 219.000000 1.612115 1.657409 3.920497 3.166626 1.719857 31.797824 1.135366 0.011274
