Pedestrian -1 -1 -10 784.000000 169.000000 830.000000 280.000000 1.637137 0.650621 0.683674 2.813045 1.539861 10.170671 -1.194431 0.042290
Pedestrian -1 -1 -10 762.000000 172.000000 802.000000 264.000000 1.670581 0.555994 0.656790 3.125746 1.709036 13.404979 3.009234 0.012124
Pedestrian -1 -1 -10 790.000000 175.000000 824.000000 206.000000 1.710510 0.527921 0.573268 7.876072 1.634877 31.382175 0.887794 0.011532
Car -1 -1 -10 588.000000 180.000000 642.000000 214.000000 1.477191 1.591307 3.893314 0.316119 1.854192 33.892460 1.774264 0.998653
Car -1 -1 -10 266.000000 192.000000 476.000000 327.000000 1.483324 1.570912 3.752250 -3.185156 1.824660 10.226730 1.642140 0.998342
Car -1 -1 -10 615.000000 175.000000 659.000000 211.000000 1.572226 1.637460 4.259812 1.232174 1.898499 37.279695 1.787186 0.950464
Car -1 -1 -10 646.000000 178.000000 683.000000 204.000000 1.545606 1.616405 4.033651 3.600852 2.055080 47.069661 1.754380 0.810919
Car -1 -1 -10 416.000000 173.000000 493.000000 215.000000 1.583030 1.612028 3.913844 -6.849059 1.792414 29.578266 -3.097822 0.565515
Cyclist -1 -1 -10 780.000000 163.000000 839.000000 305.000000 1.729552 0.596416 1.844603 2.749685 1.653198 10.222422 -1.333237 0.999092
Cyclist -1 -1 -10 760.000000 171.000000 798.000000 269.000000 1.661323 0.479858 1.798288 3.048759 1.728939 13.409821 -1.488030 0.992685
Cyclist -1 -1 -10 757.000000 177.000000 795.000000 226.000000 1.692115 0.491975 1.554570 4.202292 1.448767 16.660378 -0.697035 0.120133
Cyclist -1 -1 -10 761.000000 173.000000 789.000000 206.000000 1.706569 0.620701 1.690028 10.149052 1.715314 43.800251 -1.900886 0.063709
Cyclist -1 -1 -10 785.000000 173.000000 827.000000 255.000000 1.711405 0.657330 1.668789 3.341079 1.668213 13.632995 -0.749756 0.049584
Cyclist -1 -1 -10 789.000000 176.000000 824.000000 210.000000 1.689266 0.594695 1.598536 7.893072 1.887625 31.439330 1.320947 0.010812
