Car -1 -1 -10 482.000000 183.000000 532.000000 221.000000 1.580041 1.588884 3.666485 -4.701084 2.165245 33.115427 1.597353 0.999499
Car -1 -1 -10 704.000000 186.000000 801.000000 254.000000 1.462074 1.630667 3.901248 3.291228 1.791762 17.688595 -1.556071 0.999269
Car -1 -1 -10 684.000000 183.000000 750.000000 232.000000 1.495062 1.626320 4.047876 3.422393 1.828244 23.573484 -1.545131 0.993696
Car -1 -1 -10 890.000000 174.000000 1051.000000 226.000000 1.543611 1.630280 4.043888 11.196356 1.569962 22.857866 -2.523787 0.988955
Car -1 -1 -10 667.000000 176.000000 694.000000 202.000000 1.556403 1.613275 3.981333 4.899397 1.922779 51.783136 -1.533569 0.970697
Car -1 -1 -10 508.000000 182.000000 546.000000 215.000000 1.504730 1.621586 4.064029 -4.426745 2.188705 38.405578 1.646001 0.919387
Car -1 -1 -10 1006.000000 163.000000 1226.000000 245.000000 1.547905 1.645358 4.031445 11.463844 1.391587 16.422857 -2.499527 0.874595
Car -1 -1 -10 1080.000000 207.000000 1245.000000 368.000000 1.470552 1.608448 3.800473 3.499673 1.864562 2.085133 -1.575773 0.303766
Car -1 -1 -10 1.000000 248.000000 55.000000 371.000000 1.521237 1.598760 3.679091 -4.916387 2.008538 3.584761 -1.590937 0.140870
Car -1 -1 -10 269.000000 186.000000 366.000000 215.000000 1.503865 1.578893 3.630544 -12.248595 2.863433 34.822864 1.669758 0.135419
Car -1 -1 -10 998.000000 173.000000 1131.000000 238.000000 1.474287 1.609569 3.941750 11.579708 1.671682 17.605099 -0.998578 0.060084
Car -1 -1 -10 526.000000 186.000000 557.000000 211.000000 1.538594 1.549952 3.678469 -4.276097 2.054682 43.291276 1.571491 0.034159
