Pedestrian -1 -1 -10 343.000000 181.000000 367.000000 258.000000 1.760356 0.652719 0.643952 -5.787765 1.972490 16.491633 -1.896781 0.933715
Pedestrian -1 -1 -10 355.000000 186.000000 372.000000 257.000000 1.731007 0.577717 0.620997 -5.702856 1.893801 16.473897 1.741929 0.017194
Car -1 -1 -10 695.000000 179.000000 791.000000 258.000000 1.525415 1.590511 3.512714 2.727392 1.678354 15.171636 -1.560222 0.999283
Car -1 -1 -10 238.000000 203.000000 418.000000 319.000000 1.464782 1.566932 3.610775 -4.207733 1.977538 11.216632 -1.596522 0.998842
Car -1 -1 -10 484.000000 184.000000 528.000000 220.000000 1.533404 1.580381 3.775182 -4.882490 2.072132 34.392678 1.568969 0.997939
Car -1 -1 -10 403.000000 182.000000 495.000000 250.000000 1.668615 1.630866 3.939494 -4.499641 1.957608 20.403375 -1.556904 0.997676
Car -1 -1 -10 653.000000 175.000000 697.000000 214.000000 1.534142 1.585183 3.583978 2.628822 1.692618 30.855929 -1.597558 0.995597
Car -1 -1 -10 819.000000 179.000000 1255.000000 373.000000 1.498204 1.599710 3.729608 2.902513 1.619184 5.123132 -1.569563 0.988431
Car -1 -1 -10 1041.000000 173.000000 1241.000000 370.000000 1.524742 1.512043 3.244486 2.932915 1.562570 3.892186 2.218202 0.012773
Car -1 -1 -10 894.000000 187.000000 1145.000000 298.000000 1.494657 1.452651 3.167351 9.737432 1.568941 14.991580 1.544022 0.011047
Car -1 -1 -10 742.000000 174.000000 785.000000 221.000000 1.469864 1.602738 3.882126 6.172889 1.375085 27.283147 -1.539296 0.010384
