Pedestrian -1 -1 -10 737.000000 170.000000 756.000000 211.000000 1.749524 0.656731 0.688744 7.731040 2.170642 40.152003 2.814954 0.014230
Car -1 -1 -10 809.000000 177.000000 1218.000000 374.000000 1.516185 1.625945 4.022036 3.298884 1.660120 6.972025 -1.564198 0.999591
Car -1 -1 -10 710.000000 182.000000 814.000000 252.000000 1.480518 1.565391 3.705449 3.391830 1.688442 16.592830 1.551958 0.999383
Car -1 -1 -10 381.000000 185.000000 472.000000 238.000000 1.530474 1.610504 3.950272 -5.635285 1.932490 22.076689 1.682605 0.998532
Car -1 -1 -10 192.000000 194.000000 368.000000 293.000000 1.509755 1.567837 3.722444 -5.726330 1.927278 13.017722 1.563887 0.997657
Car -1 -1 -10 680.000000 180.000000 755.000000 230.000000 1.455476 1.628422 3.977223 3.238072 1.758176 22.542010 -1.625380 0.991890
Car -1 -1 -10 -1.000000 205.000000 241.000000 373.000000 1.466291 1.604205 3.916750 -5.735502 1.891766 7.192002 1.599310 0.984068
Car -1 -1 -10 660.000000 178.000000 709.000000 214.000000 1.485239 1.597912 3.787352 3.144428 1.719513 31.132281 -1.576982 0.981726
Car -1 -1 -10 480.000000 178.000000 520.000000 209.000000 1.507283 1.548712 3.765416 -5.634518 1.957555 37.151991 1.612659 0.580872
Car -1 -1 -10 1136.000000 175.000000 1236.000000 372.000000 1.485607 1.592039 3.809495 3.063792 1.578891 6.073420 -1.431631 0.042491
Car -1 -1 -10 113.000000 186.000000 245.000000 239.000000 1.486788 1.578174 3.824302 -12.609771 1.419656 22.267662 -2.777173 0.030317
Car -1 -1 -10 0.000000 207.000000 165.000000 311.000000 1.527404 1.566233 3.678120 -5.996112 1.602066 8.477935 1.460462 0.021154
Car -1 -1 -10 2.000000 191.000000 101.000000 250.000000 1.518854 1.596074 3.851160 -11.965970 1.632443 16.644455 0.284956 0.014807
Car -1 -1 -10 87.000000 206.000000 219.000000 249.000000 1.549745 1.547460 3.462768 -10.798028 2.555609 20.465802 0.520758 0.010330
