Car -1 -1 -10 577.000000 180.000000 611.000000 211.000000 1.577098 1.636349 4.084066 -0.740960 1.371598 40.077757 -1.601234 0.999395
Car -1 -1 -10 288.000000 193.000000 453.000000 283.000000 1.472384 1.630543 4.058058 -4.209231 1.587376 13.366926 -1.586714 0.999336
Car -1 -1 -10 440.000000 186.000000 505.000000 232.000000 1.493571 1.575559 3.741198 -4.580609 1.491296 24.704994 -1.590616 0.997385
Car -1 -1 -10 55.000000 178.000000 276.000000 278.000000 1.606840 1.651631 3.910313 -8.451866 1.565275 14.402037 -1.551558 0.972193
Car -1 -1 -10 285.000000 192.000000 364.000000 234.000000 1.434095 1.607169 3.900379 -8.446492 1.633029 22.420375 -1.493743 0.672114
Car -1 -1 -10 476.000000 183.000000 525.000000 216.000000 1.465142 1.602031 3.816498 -5.113360 1.462038 34.619077 -1.597680 0.628842
Car -1 -1 -10 237.000000 201.000000 391.000000 305.000000 1.472423 1.571162 3.902396 -4.600885 1.641762 11.461254 1.571307 0.336469
Car -1 -1 -10 1.000000 190.000000 71.000000 318.000000 1.480385 1.597265 3.789135 -8.230097 1.828304 8.089770 -1.562712 0.183157
Car -1 -1 -10 370.000000 182.000000 405.000000 207.000000 1.501133 1.581830 3.754326 -12.470292 1.347738 42.667743 -1.359874 0.102565
Car -1 -1 -10 385.000000 183.000000 441.000000 215.000000 1.556204 1.600432 3.832017 -8.659782 1.435369 33.193649 -1.445667 0.057982
