Car -1 -1 -10 702.000000 181.000000 914.000000 327.000000 1.510251 1.611522 3.613093 2.362594 1.644058 9.381366 -1.692746 0.999530
Car -1 -1 -10 883.000000 162.000000 1003.000000 213.000000 1.531099 1.619592 3.774880 10.862858 1.281648 23.178748 -0.644778 0.997984
Car -1 -1 -10 593.000000 170.000000 711.000000 218.000000 1.526803 1.589743 3.929456 1.504567 1.460846 24.787675 2.583818 0.997608
Car -1 -1 -10 957.000000 165.000000 1064.000000 209.000000 1.510377 1.571058 3.440315 14.668052 1.276317 25.782449 -0.588970 0.968507
Car -1 -1 -10 771.000000 167.000000 923.000000 224.000000 1.530958 1.586541 3.585127 7.024757 1.387768 20.332944 -0.584777 0.965934
Car -1 -1 -10 1019.000000 156.000000 1128.000000 205.000000 1.591699 1.616456 3.771663 18.288206 1.221259 28.225748 -0.594937 0.943075
Car -1 -1 -10 743.000000 168.000000 850.000000 219.000000 1.468708 1.559899 3.744768 6.807374 1.315261 28.366950 2.509257 0.638453
Car -1 -1 -10 1128.000000 160.000000 1228.000000 196.000000 1.578411 1.641312 3.979696 26.757740 1.040733 34.215646 -0.756162 0.071388
Cyclist -1 -1 -10 757.000000 169.000000 783.000000 232.000000 1.722198 0.477093 1.254416 4.697896 1.444131 20.657769 1.191700 0.116468
Cyclist -1 -1 -10 735.000000 174.000000 817.000000 235.000000 1.655518 0.565040 1.660413 6.210189 1.698068 27.498773 -0.745061 0.092209
Cyclist -1 -1 -10 745.000000 181.000000 770.000000 230.000000 1.717496 0.529796 1.601315 5.609195 1.740048 27.473065 -1.435597 0.071552
Cyclist -1 -1 -10 754.000000 169.000000 870.000000 232.000000 1.698497 0.488915 1.550050 4.215052 1.442154 14.220702 3.359849 0.038162
