Car -1 -1 -10 721.000000 185.000000 829.000000 259.000000 1.430485 1.632213 3.971824 3.480808 1.711245 16.091148 -1.539278 0.999500
Car -1 -1 -10 481.000000 181.000000 535.000000 220.000000 1.555672 1.604753 3.732126 -4.399800 1.971524 31.687969 1.595813 0.999365
Car -1 -1 -10 696.000000 180.000000 770.000000 235.000000 1.518674 1.646736 4.118918 3.647146 1.761809 21.942295 -1.523557 0.991960
Car -1 -1 -10 912.000000 170.000000 1104.000000 228.000000 1.522045 1.634319 4.142988 11.379098 1.520504 21.105071 -2.521227 0.989803
Car -1 -1 -10 674.000000 174.000000 703.000000 200.000000 1.437429 1.617902 3.672307 5.274758 1.620476 49.831125 -1.513371 0.943826
Car -1 -1 -10 511.000000 180.000000 551.000000 213.000000 1.566495 1.633328 3.955088 -4.080266 2.026051 36.952271 1.575617 0.940727
Car -1 -1 -10 262.000000 185.000000 354.000000 217.000000 1.505896 1.556513 3.798075 -12.976554 2.348007 33.609477 0.054790 0.588681
Car -1 -1 -10 538.000000 182.000000 572.000000 207.000000 1.565721 1.647264 4.044699 -3.501791 2.147968 46.502140 1.611314 0.426738
Car -1 -1 -10 1061.000000 161.000000 1240.000000 251.000000 1.567181 1.640529 3.945411 11.501432 1.414668 14.892787 -2.424270 0.309011
Car -1 -1 -10 1033.000000 173.000000 1165.000000 232.000000 1.524240 1.504203 3.205061 11.347614 2.045999 18.195486 2.179226 0.057750
