Car -1 -1 -10 303.000000 175.000000 430.000000 233.000000 1.598680 1.644602 3.857228 -6.887333 1.770545 21.458710 -3.091369 0.996768
Car -1 -1 -10 -4.000000 165.000000 261.000000 339.000000 1.568728 1.646025 3.995992 -5.060126 1.455514 6.811274 -1.810274 0.980401
Car -1 -1 -10 724.000000 185.000000 874.000000 299.000000 1.478327 1.574703 3.742508 2.921684 1.698331 11.441153 1.510148 0.977171
Car -1 -1 -10 360.000000 177.000000 493.000000 225.000000 1.502028 1.615171 4.030159 -6.198180 1.628913 25.639103 -2.973013 0.969916
Car -1 -1 -10 641.000000 179.000000 672.000000 208.000000 1.535930 1.612384 3.864475 2.531249 1.757829 39.363548 -1.565253 0.936270
Car -1 -1 -10 419.000000 178.000000 521.000000 214.000000 1.575393 1.616900 3.959391 -5.680518 1.824349 32.444304 0.791388 0.326639
Car -1 -1 -10 463.000000 178.000000 537.000000 209.000000 1.621254 1.670350 3.960360 -5.750988 2.014108 41.159405 2.931613 0.056278
Car -1 -1 -10 634.000000 180.000000 700.000000 208.000000 1.518987 1.623531 3.887331 2.512005 1.777986 39.346851 -1.561159 0.038124
Car -1 -1 -10 765.000000 1.000000 1234.000000 371.000000 2.058801 1.778956 4.515603 2.940409 1.541587 4.622064 -1.574716 0.021720
Car -1 -1 -10 659.000000 179.000000 721.000000 212.000000 1.518690 1.618547 3.781145 2.266519 1.965536 39.035766 -1.427188 0.018339
Car -1 -1 -10 67.000000 191.000000 265.000000 290.000000 1.547404 1.584445 3.721235 -7.530735 1.219490 12.819148 0.586877 0.013858
Car -1 -1 -10 765.000000 172.000000 972.000000 306.000000 1.509484 1.577522 3.755921 3.021328 1.638662 11.613740 1.538004 0.011421
