Car -1 -1 -10 512.000000 187.000000 645.000000 266.000000 1.410409 1.627545 3.885739 -0.833899 1.764847 14.775416 -1.955906 0.999601
Car -1 -1 -10 411.000000 181.000000 468.000000 220.000000 1.449225 1.616336 3.714752 -6.987175 1.782905 28.660743 -1.924982 0.999311
Car -1 -1 -10 222.000000 184.000000 268.000000 214.000000 1.570447 1.645721 4.048792 -20.401319 2.215994 40.307584 1.243895 0.997713
Car -1 -1 -10 397.000000 180.000000 443.000000 211.000000 1.543219 1.619301 3.872854 -9.182197 1.810105 34.141066 -1.907990 0.980889
Car -1 -1 -10 2.000000 204.000000 154.000000 310.000000 1.489219 1.604080 3.847452 -9.108548 2.035535 12.409717 1.142706 0.969671
Car -1 -1 -10 579.000000 164.000000 684.000000 204.000000 1.563099 1.605468 4.040399 1.079129 1.265976 30.793203 -2.930925 0.882025
Car -1 -1 -10 1119.000000 153.000000 1242.000000 242.000000 1.470997 1.601520 3.911817 10.327326 1.086523 12.524744 2.060373 0.545743
Car -1 -1 -10 0.000000 211.000000 99.000000 367.000000 1.463607 1.578907 3.813227 -6.864234 1.930648 7.602828 1.121653 0.432576
Car -1 -1 -10 657.000000 133.000000 1127.000000 374.000000 2.001498 1.752229 4.213915 2.268741 1.730019 7.588988 -1.909756 0.393244
Car -1 -1 -10 536.000000 172.000000 619.000000 202.000000 1.511110 1.665432 4.016567 -1.504287 1.447017 36.533399 2.947880 0.256246
Car -1 -1 -10 240.000000 183.000000 278.000000 210.000000 1.450028 1.553983 3.525561 -21.360554 2.176570 45.085640 1.148609 0.190746
