Pedestrian -1 -1 -10 99.000000 188.000000 150.000000 315.000000 1.741705 0.635349 0.626970 -6.591709 1.916928 10.014185 1.469687 0.992999
Pedestrian -1 -1 -10 166.000000 175.000000 217.000000 305.000000 1.702850 0.642628 0.706486 -5.771158 1.758789 10.082437 1.460649 0.970736
Pedestrian -1 -1 -10 562.000000 175.000000 571.000000 203.000000 1.708646 0.627612 0.793041 -3.008856 1.909500 50.814804 -2.093974 0.099050
Pedestrian -1 -1 -10 574.000000 174.000000 584.000000 202.000000 1.761523 0.644827 0.856707 -2.240417 1.852364 51.176458 1.476803 0.032399
Pedestrian -1 -1 -10 123.000000 184.000000 247.000000 314.000000 1.727696 0.670454 0.744546 -5.799473 1.810336 10.086297 1.457286 0.028255
Pedestrian -1 -1 -10 87.000000 203.000000 130.000000 314.000000 1.688242 0.626885 0.626085 -6.598637 1.702509 9.794334 1.929917 0.018228
Pedestrian -1 -1 -10 -1.000000 219.000000 275.000000 372.000000 1.733063 0.768154 0.780815 -3.467573 2.164929 4.906558 -2.640573 0.012417
Car -1 -1 -10 736.000000 182.000000 921.000000 316.000000 1.444153 1.586609 3.624597 2.711621 1.586232 9.732004 -1.595356 0.999586
Car -1 -1 -10 458.000000 182.000000 514.000000 226.000000 1.560917 1.620690 3.949959 -4.877581 1.969321 28.930836 1.558046 0.999098
Car -1 -1 -10 309.000000 181.000000 457.000000 278.000000 1.708016 1.643287 4.074538 -4.456883 1.894850 14.920237 -1.544939 0.999085
Car -1 -1 -10 661.000000 176.000000 717.000000 223.000000 1.545309 1.618590 3.630919 2.668406 1.675664 25.430425 -1.589908 0.998973
Car -1 -1 -10 512.000000 182.000000 544.000000 208.000000 1.564776 1.641672 3.880733 -5.157674 2.050696 44.633038 1.495151 0.990009
Car -1 -1 -10 -4.000000 223.000000 286.000000 373.000000 1.498438 1.597246 3.720598 -4.201908 1.866103 5.924108 -1.586450 0.986011
Cyclist -1 -1 -10 562.000000 176.000000 571.000000 203.000000 1.738219 0.644786 1.779113 -3.091303 1.814287 50.968337 1.512752 0.887922
Cyclist -1 -1 -10 574.000000 174.000000 584.000000 202.000000 1.799770 0.624646 1.822768 -2.350990 1.889122 51.515059 1.504805 0.505851
Cyclist -1 -1 -10 166.000000 175.000000 219.000000 304.000000 1.671402 0.634940 1.660089 -5.879307 1.609123 10.075515 0.466595 0.038243
Cyclist -1 -1 -10 85.000000 190.000000 162.000000 311.000000 1.639710 0.567863 1.659096 -6.920178 1.651034 10.159694 0.423729 0.034021
Cyclist -1 -1 -10 13.000000 226.000000 271.000000 349.000000 1.631376 0.615570 1.754171 -3.689762 1.918208 5.217590 -1.642564 0.014802
