Pedestrian -1 -1 -10 776.000000 168.000000 827.000000 302.000000 1.647006 0.584265 0.675749 2.304389 1.546320 8.737568 -1.291442 0.992430
Pedestrian -1 -1 -10 0.000000 169.000000 40.000000 360.000000 1.776473 0.590918 0.667336 -5.536758 1.690690 6.678752 -0.180618 0.901787
Pedestrian -1 -1 -10 858.000000 140.000000 943.000000 337.000000 1.735650 0.639617 0.775543 2.655978 1.471059 7.049663 0.492942 0.456963
Pedestrian -1 -1 -10 0.000000 192.000000 79.000000 318.000000 1.734260 0.622696 0.790253 -8.454247 2.194206 11.009029 -1.702961 0.216038
Pedestrian -1 -1 -10 871.000000 144.000000 921.000000 290.000000 1.704279 0.578473 0.803354 3.147970 1.296612 7.896088 3.037935 0.069380
Pedestrian -1 -1 -10 860.000000 139.000000 1041.000000 367.000000 1.775364 0.590551 0.894361 2.667597 1.527874 5.244995 -2.283322 0.018114
Car -1 -1 -10 602.000000 176.000000 629.000000 203.000000 1.621393 1.618598 3.878160 0.166854 1.877321 46.400080 -1.544800 0.998224
Car -1 -1 -10 371.000000 187.000000 429.000000 221.000000 1.500377 1.598720 3.920501 -9.540197 2.125126 33.225443 1.599597 0.996358
Car -1 -1 -10 1.000000 205.000000 97.000000 303.000000 1.475601 1.614685 3.952168 -9.628573 2.069547 10.718577 1.550443 0.178024
Car -1 -1 -10 0.000000 176.000000 56.000000 331.000000 1.573060 1.616864 3.575489 -6.533900 1.519963 6.578626 -2.811590 0.030958
Cyclist -1 -1 -10 867.000000 116.000000 1171.000000 372.000000 1.781479 0.648476 1.775081 2.802025 1.359292 5.045005 -2.463637 0.999519
Cyclist -1 -1 -10 847.000000 139.000000 958.000000 357.000000 1.796059 0.584308 1.723464 2.459183 1.476507 6.810105 1.472078 0.931732
Cyclist -1 -1 -10 774.000000 166.000000 828.000000 303.000000 1.745030 0.598957 1.803650 2.193356 1.616505 8.750715 -1.443455 0.072208
Cyclist -1 -1 -10 -1.000000 181.000000 50.000000 339.000000 1.758277 0.534482 1.698324 -5.554399 1.677813 6.768148 0.223762 0.045198
Cyclist -1 -1 -10 -1.000000 198.000000 102.000000 308.000000 1.687697 0.591273 1.776277 -9.247916 2.070256 11.779696 1.945998 0.026863
Cyclist -1 -1 -10 862.000000 148.000000 928.000000 305.000000 1.726880 0.583929 1.738540 3.056272 1.474990 7.793130 -0.755629 0.016358
