Pedestrian -1 -1 -10 127.000000 156.000000 205.000000 339.000000 1.782203 0.721520 0.747658 -4.681354 1.534341 7.554806 -1.607963 0.992229
Pedestrian -1 -1 -10 368.000000 198.000000 433.000000 328.000000 1.578743 0.675297 0.856623 -2.108221 1.740113 7.327577 -1.857822 0.639138
Pedestrian -1 -1 -10 313.000000 200.000000 376.000000 335.000000 1.605872 0.701473 0.684835 -2.689656 1.739704 7.342832 -1.576001 0.621420
Pedestrian -1 -1 -10 411.000000 192.000000 442.000000 270.000000 1.683729 0.607052 0.617570 -2.528266 1.544400 10.616402 2.303739 0.342690
Pedestrian -1 -1 -10 359.000000 202.000000 396.000000 293.000000 1.715074 0.635443 0.586387 -2.285598 1.545115 7.517855 2.310935 0.201039
Pedestrian -1 -1 -10 381.000000 203.000000 428.000000 276.000000 1.666795 0.555311 0.574519 -2.035433 1.719979 7.489766 2.222060 0.155406
Pedestrian -1 -1 -10 151.000000 167.000000 190.000000 289.000000 1.756307 0.553212 0.667438 -4.621594 1.294967 7.586057 1.576654 0.149620
Pedestrian -1 -1 -10 394.000000 200.000000 418.000000 253.000000 1.691818 0.594995 0.557121 -1.769039 1.669333 6.729430 2.355676 0.118741
Pedestrian -1 -1 -10 383.000000 201.000000 407.000000 256.000000 1.713093 0.548816 0.607034 -2.803112 1.617968 11.032774 0.282834 0.078027
Pedestrian -1 -1 -10 329.000000 203.000000 362.000000 256.000000 1.674141 0.626968 0.603326 -5.116590 1.946453 14.546936 2.311821 0.060419
Pedestrian -1 -1 -10 397.000000 194.000000 436.000000 309.000000 1.738973 0.633673 0.674118 -2.586988 1.700277 10.318280 0.329844 0.057822
Pedestrian -1 -1 -10 335.000000 202.000000 352.000000 242.000000 1.718007 0.616384 0.631964 -5.522132 1.855953 15.502895 -1.406445 0.043267
Pedestrian -1 -1 -10 341.000000 202.000000 358.000000 249.000000 1.712000 0.599752 0.603986 -5.440505 1.873810 15.811719 0.678544 0.038099
Car -1 -1 -10 880.000000 131.000000 1231.000000 378.000000 1.741558 1.685945 4.035111 3.216075 1.505039 4.224085 -1.581654 0.838208
Cyclist -1 -1 -10 510.000000 174.000000 557.000000 213.000000 1.774347 0.590335 1.752445 -2.784362 1.313067 29.196638 -2.646515 0.494720
Cyclist -1 -1 -10 341.000000 203.000000 359.000000 250.000000 1.743611 0.586508 1.510794 -5.628360 1.683104 15.785977 0.653221 0.018147
Cyclist -1 -1 -10 329.000000 204.000000 365.000000 259.000000 1.719102 0.624477 1.626127 -5.326600 1.710034 14.920001 0.670025 0.013827
Cyclist -1 -1 -10 372.000000 204.000000 414.000000 278.000000 1.708554 0.546336 1.598147 -2.970799 1.487135 10.828484 -1.216365 0.012767
Cyclist -1 -1 -10 366.000000 200.000000 429.000000 323.000000 1.717424 0.579984 1.732949 -2.191901 1.678541 7.332487 -1.904555 0.011878
