Pedestrian -1 -1 -10 889.000000 112.000000 934.000000 262.000000 1.748364 0.510204 0.866283 5.045083 0.917622 12.035753 2.870879 0.959467
Pedestrian -1 -1 -10 392.000000 158.000000 414.000000 236.000000 1.717271 0.652448 0.650248 -4.325651 1.400584 15.000845 -1.495792 0.733455
Pedestrian -1 -1 -10 385.000000 160.000000 434.000000 237.000000 1.658922 0.696946 0.740251 -4.996402 1.080238 18.199520 -2.327220 0.189969
Pedestrian -1 -1 -10 410.000000 155.000000 428.000000 247.000000 1.741188 0.722285 0.641109 -5.116103 1.018700 19.097171 1.889202 0.135431
Pedestrian -1 -1 -10 367.000000 162.000000 410.000000 241.000000 1.751961 0.624627 0.780498 -4.773735 1.476986 15.463625 -1.437447 0.114455
Pedestrian -1 -1 -10 335.000000 168.000000 447.000000 237.000000 1.735244 0.699489 0.694359 -5.159026 1.377614 17.640010 0.317083 0.016121
Car -1 -1 -10 662.000000 171.000000 718.000000 214.000000 1.457407 1.614647 3.824251 2.738908 1.391551 25.888877 -1.601113 0.998572
Car -1 -1 -10 148.000000 174.000000 466.000000 373.000000 1.559375 1.629231 3.984701 -2.633144 1.614464 7.298516 -1.613781 0.998248
Car -1 -1 -10 376.000000 175.000000 528.000000 279.000000 1.480773 1.620607 4.023655 -2.627365 1.535173 12.531232 -1.536061 0.998104
Car -1 -1 -10 723.000000 175.000000 899.000000 306.000000 1.455988 1.598996 3.674627 2.558790 1.499875 9.974054 -1.609257 0.997699
Car -1 -1 -10 547.000000 169.000000 582.000000 201.000000 1.550097 1.621977 3.880450 -2.584879 1.447036 39.695316 -1.671019 0.997087
Car -1 -1 -10 781.000000 160.000000 1243.000000 375.000000 1.634211 1.632113 3.918761 2.418160 1.625511 4.697036 -1.588796 0.847184
Car -1 -1 -10 645.000000 170.000000 688.000000 201.000000 1.544335 1.646980 4.023021 2.984750 1.457383 38.490091 -1.634290 0.765267
Car -1 -1 -10 640.000000 170.000000 669.000000 197.000000 1.521621 1.558505 3.497273 3.098435 1.878326 40.400680 1.027434 0.275855
Cyclist -1 -1 -10 355.000000 168.000000 406.000000 242.000000 1.759277 0.653659 0.626857 -4.825845 1.383814 15.348889 -2.966531 0.034688
Cyclist -1 -1 -10 379.000000 160.000000 420.000000 240.000000 1.693925 0.678608 1.588660 -4.600902 1.143538 16.117774 0.191298 0.020933
