Pedestrian -1 -1 -10 787.000000 154.000000 834.000000 266.000000 1.731317 0.635998 0.836116 3.227673 1.263359 11.454739 1.393653 0.995611
Pedestrian -1 -1 -10 72.000000 196.000000 128.000000 315.000000 1.743585 0.747180 0.746783 -7.079442 1.620911 10.078025 -1.853192 0.907083
Pedestrian -1 -1 -10 778.000000 163.000000 815.000000 257.000000 1.742665 0.612489 0.741039 3.363935 1.284748 12.224631 0.200198 0.175900
Pedestrian -1 -1 -10 569.000000 176.000000 586.000000 226.000000 1.736103 0.673229 0.752995 -0.934071 1.537034 25.533604 -2.100128 0.132635
Pedestrian -1 -1 -10 589.000000 177.000000 605.000000 225.000000 1.700276 0.621569 0.687737 -0.200567 1.473657 25.654684 -1.691344 0.116057
Pedestrian -1 -1 -10 772.000000 169.000000 797.000000 247.000000 1.617852 0.618675 0.618097 4.123484 1.450334 16.009247 1.446935 0.077139
Pedestrian -1 -1 -10 528.000000 179.000000 537.000000 209.000000 1.763259 0.621931 0.697854 -4.048175 1.499580 41.757130 -2.189792 0.043210
Pedestrian -1 -1 -10 77.000000 209.000000 96.000000 303.000000 1.683280 0.612588 0.624023 -7.835854 1.375053 10.797440 1.901606 0.016422
Pedestrian -1 -1 -10 446.000000 179.000000 462.000000 232.000000 1.719662 0.563875 0.788319 -4.987892 1.595199 23.886509 -1.877488 0.014631
Car -1 -1 -10 3.000000 200.000000 376.000000 374.000000 1.513973 1.631254 3.972019 -3.625947 1.748353 6.547895 1.598541 0.994480
Car -1 -1 -10 25.000000 203.000000 193.000000 352.000000 1.488076 1.553805 3.914541 -3.712798 1.705568 6.473036 1.467328 0.014057
Car -1 -1 -10 1.000000 233.000000 65.000000 307.000000 1.537576 1.450492 3.488585 -11.172216 2.157672 13.955151 0.983007 0.010501
Cyclist -1 -1 -10 67.000000 197.000000 134.000000 321.000000 1.637410 0.522735 1.712296 -7.196335 1.479001 10.254041 1.555308 0.016043
