Pedestrian -1 -1 -10 488.000000 159.000000 522.000000 271.000000 1.792474 0.638823 0.828915 -1.671270 1.437167 11.821529 1.452351 0.995527
Pedestrian -1 -1 -10 595.000000 160.000000 620.000000 235.000000 1.772744 0.614675 0.989933 0.097665 1.249217 17.187310 -1.065331 0.993144
Pedestrian -1 -1 -10 1054.000000 128.000000 1202.000000 376.000000 1.637542 0.596975 0.908376 2.968798 1.233653 4.111903 -1.454230 0.991248
Pedestrian -1 -1 -10 453.000000 166.000000 493.000000 273.000000 1.797039 0.708831 0.870733 -2.122229 1.489819 11.561671 1.416662 0.989637
Pedestrian -1 -1 -10 68.000000 222.000000 175.000000 370.000000 1.668629 0.572754 0.552943 -3.426178 1.633446 5.047725 1.967960 0.930288
Pedestrian -1 -1 -10 5.000000 220.000000 143.000000 371.000000 1.731320 0.583683 0.567320 -2.269099 1.867581 2.794517 -1.696511 0.822336
Pedestrian -1 -1 -10 648.000000 162.000000 666.000000 228.000000 1.759168 0.630465 0.819770 1.324991 1.213091 18.292524 0.179213 0.815185
Pedestrian -1 -1 -10 59.000000 216.000000 126.000000 354.000000 1.696327 0.632811 0.639179 -5.008079 1.865238 7.121310 1.928485 0.673595
Pedestrian -1 -1 -10 611.000000 161.000000 630.000000 212.000000 1.728260 0.625495 0.859559 0.686101 0.973962 25.165047 -1.648223 0.664282
Pedestrian -1 -1 -10 205.000000 213.000000 290.000000 359.000000 1.719818 0.654124 0.605771 -3.106036 2.057655 6.528476 1.111484 0.583576
Pedestrian -1 -1 -10 654.000000 163.000000 675.000000 231.000000 1.761652 0.663142 0.852365 1.423725 1.210878 17.167780 1.643190 0.549640
Pedestrian -1 -1 -10 680.000000 164.000000 701.000000 224.000000 1.755563 0.658442 0.820501 2.502168 1.195605 20.002785 1.283280 0.333894
Pedestrian -1 -1 -10 1043.000000 138.000000 1078.000000 226.000000 1.707676 0.526054 0.589728 7.867377 1.406229 11.810022 3.553522 0.277112
Car -1 -1 -10 554.000000 168.000000 585.000000 194.000000 1.555686 1.599838 3.903441 -2.011425 0.721696 45.970799 1.671297 0.997023
Cyclist -1 -1 -10 1015.000000 135.000000 1232.000000 369.000000 1.708930 0.568403 1.690548 2.994281 1.281528 4.272875 1.545867 0.826451
Cyclist -1 -1 -10 15.000000 221.000000 162.000000 371.000000 1.696011 0.591211 1.645418 -2.383307 1.747348 2.838235 -2.195311 0.252141
Cyclist -1 -1 -10 50.000000 218.000000 126.000000 351.000000 1.700860 0.487226 1.555174 -8.197107 1.477535 12.077540 -1.539442 0.123939
Cyclist -1 -1 -10 698.000000 159.000000 738.000000 226.000000 1.673331 0.567157 1.758109 3.429689 0.882707 21.031997 2.236211 0.079047
