Pedestrian -1 -1 -10 540.000000 175.000000 550.000000 209.000000 1.797821 0.626175 0.851625 -3.583372 1.786861 38.763287 1.035115 0.745123
Pedestrian -1 -1 -10 552.000000 172.000000 563.000000 208.000000 1.694126 0.593243 0.810206 -2.871464 1.736868 39.125717 1.397453 0.241877
Pedestrian -1 -1 -10 543.000000 174.000000 556.000000 205.000000 1.757228 0.678583 0.968062 -3.275028 1.756522 38.793781 -2.072410 0.107220
Car -1 -1 -10 673.000000 172.000000 760.000000 245.000000 1.560499 1.611511 3.541152 2.413552 1.586123 17.748690 -1.599426 0.999006
Car -1 -1 -10 390.000000 181.000000 477.000000 242.000000 1.588534 1.615555 3.847580 -5.121241 1.884894 21.222497 1.535854 0.998277
Car -1 -1 -10 482.000000 181.000000 524.000000 212.000000 1.563123 1.632621 3.863270 -5.515777 1.926132 36.953583 1.522973 0.997490
Car -1 -1 -10 -2.000000 176.000000 327.000000 377.000000 1.704225 1.642829 3.917048 -4.470263 1.826387 7.281155 -1.568219 0.855723
Car -1 -1 -10 960.000000 113.000000 1245.000000 369.000000 1.502745 1.614829 3.715671 2.498881 1.569380 1.828177 -1.578972 0.408376
Car -1 -1 -10 539.000000 175.000000 551.000000 207.000000 1.598951 1.636252 3.893040 -3.362731 1.888202 40.526266 -1.648677 0.010261
Cyclist -1 -1 -10 552.000000 171.000000 566.000000 208.000000 1.782098 0.637224 1.818850 -2.921914 1.838575 39.154664 1.471689 0.851823
Cyclist -1 -1 -10 539.000000 175.000000 551.000000 209.000000 1.813068 0.662347 1.787964 -3.615481 1.833507 38.764582 1.548266 0.251426
Cyclist -1 -1 -10 987.000000 101.000000 1229.000000 371.000000 1.646362 0.674221 1.740651 2.194738 1.723889 2.568056 1.615633 0.054317
Cyclist -1 -1 -10 531.000000 177.000000 555.000000 203.000000 1.750939 0.631441 1.714442 -3.357702 1.643963 38.780021 -0.671971 0.012597
