Pedestrian -1 -1 -10 427.000000 175.000000 442.000000 215.000000 1.756639 0.628220 0.633955 -7.593001 2.013959 31.103667 -1.810952 0.923192
Pedestrian -1 -1 -10 411.000000 179.000000 424.000000 215.000000 1.701198 0.618085 0.788995 -8.415886 1.944595 31.098408 -1.902504 0.770332
Pedestrian -1 -1 -10 415.000000 177.000000 440.000000 217.000000 1.734940 0.683688 0.846250 -7.952391 1.738637 30.949013 -0.381896 0.029726
Pedestrian -1 -1 -10 411.000000 189.000000 472.000000 234.000000 1.651100 0.805316 0.895823 -5.175379 2.188932 22.402306 -1.737025 0.023205
Car -1 -1 -10 650.000000 177.000000 738.000000 244.000000 1.514823 1.606276 3.665356 1.906793 1.644719 18.308659 -1.645456 0.999228
Car -1 -1 -10 412.000000 189.000000 472.000000 235.000000 1.478527 1.573065 3.629597 -5.527612 2.009068 24.109782 -1.682998 0.998186
Car -1 -1 -10 3.000000 199.000000 318.000000 374.000000 1.478743 1.646026 4.080983 -4.984101 1.850727 8.073514 1.527635 0.995480
Car -1 -1 -10 620.000000 178.000000 664.000000 218.000000 1.508621 1.571247 3.542728 1.107821 1.718319 28.504156 -1.651947 0.985783
Car -1 -1 -10 444.000000 179.000000 494.000000 219.000000 1.680675 1.607385 3.941779 -6.367635 2.011888 33.202333 -1.627213 0.957639
Car -1 -1 -10 600.000000 177.000000 631.000000 203.000000 1.545783 1.601439 3.657210 0.184465 1.846241 44.056373 -1.676788 0.726445
Car -1 -1 -10 786.000000 198.000000 1236.000000 371.000000 1.464526 1.634861 3.951975 3.011126 1.521919 6.224795 -1.602430 0.308951
