Pedestrian -1 -1 -10 715.000000 165.000000 735.000000 222.000000 1.738532 0.596152 0.621175 3.901736 1.390248 24.532519 -0.921460 0.864459
Pedestrian -1 -1 -10 323.000000 192.000000 340.000000 240.000000 1.716967 0.584072 0.614088 -8.338267 1.828151 20.656129 -1.423468 0.125834
Pedestrian -1 -1 -10 476.000000 181.000000 499.000000 243.000000 1.731021 0.721892 0.679697 -3.585105 2.079351 21.004480 1.458636 0.068081
Pedestrian -1 -1 -10 158.000000 186.000000 290.000000 373.000000 1.696056 0.781387 0.716071 -3.595952 1.886538 6.791659 1.141931 0.056900
Pedestrian -1 -1 -10 485.000000 184.000000 497.000000 229.000000 1.638374 0.551457 0.599863 -3.033589 2.079761 20.230309 2.284596 0.029685
Pedestrian -1 -1 -10 310.000000 189.000000 343.000000 246.000000 1.746899 0.537677 0.824570 -8.271707 1.917180 20.265653 0.274474 0.027523
Car -1 -1 -10 308.000000 197.000000 437.000000 271.000000 1.471467 1.606413 4.018949 -5.448403 2.066681 17.273348 1.533961 0.996643
Car -1 -1 -10 640.000000 183.000000 675.000000 210.000000 1.528659 1.605308 3.836153 3.034788 1.998309 37.631550 -1.496541 0.988475
Car -1 -1 -10 488.000000 188.000000 525.000000 221.000000 1.510480 1.579485 3.842892 -5.356517 2.329899 35.816580 1.632315 0.031973
Car -1 -1 -10 302.000000 195.000000 359.000000 260.000000 1.469571 1.609036 3.764409 -8.393129 2.212397 20.436389 -1.012491 0.015844
Car -1 -1 -10 390.000000 198.000000 434.000000 240.000000 1.524240 1.504203 3.205062 -5.288193 1.585127 20.297874 1.315181 0.012509
Car -1 -1 -10 249.000000 191.000000 379.000000 346.000000 1.630963 1.623367 3.901946 -3.717776 1.773804 8.328434 -1.928515 0.010863
Cyclist -1 -1 -10 134.000000 193.000000 298.000000 377.000000 1.635917 0.533106 1.695710 -3.497298 1.832806 6.748793 1.507192 0.999389
Cyclist -1 -1 -10 475.000000 180.000000 501.000000 247.000000 1.748350 0.607658 1.739104 -3.631256 2.094356 20.927418 1.531372 0.999265
Cyclist -1 -1 -10 240.000000 187.000000 379.000000 369.000000 1.837518 0.691930 1.748532 -3.120777 1.754427 7.140236 1.210538 0.998839
Cyclist -1 -1 -10 716.000000 166.000000 735.000000 222.000000 1.848664 0.583706 1.761651 3.789270 1.590671 24.584946 1.657774 0.342935
Cyclist -1 -1 -10 309.000000 197.000000 441.000000 274.000000 1.654074 0.677249 1.772541 -5.215282 2.209849 16.645131 1.729817 0.247483
Cyclist -1 -1 -10 274.000000 197.000000 401.000000 305.000000 1.650208 0.549632 1.709249 -2.941726 1.765471 7.454414 -1.572991 0.125379
Cyclist -1 -1 -10 322.000000 191.000000 341.000000 253.000000 1.705003 0.560115 1.675397 -8.512643 1.718788 20.601291 -1.402358 0.034027
Cyclist -1 -1 -10 302.000000 195.000000 359.000000 260.000000 1.736808 0.656618 1.765302 -7.458943 2.382520 18.923981 -2.531562 0.015598
