Pedestrian -1 -1 -10 1083.000000 126.000000 1217.000000 369.000000 1.793466 0.718754 0.962352 3.908740 1.389806 5.130800 1.793271 0.990568
Pedestrian -1 -1 -10 976.000000 126.000000 1112.000000 368.000000 1.796604 0.726807 0.884966 3.295523 1.334797 5.329482 1.683754 0.989624
Pedestrian -1 -1 -10 1066.000000 131.000000 1154.000000 359.000000 1.799520 0.613236 0.998156 4.161383 1.404171 6.020292 1.091709 0.719685
Pedestrian -1 -1 -10 714.000000 163.000000 725.000000 205.000000 1.763237 0.674686 0.804191 4.797175 1.022781 29.854891 1.642716 0.144156
Pedestrian -1 -1 -10 1066.000000 135.000000 1113.000000 311.000000 1.706750 0.654865 0.640658 4.142825 1.206334 6.033360 1.058560 0.102154
Pedestrian -1 -1 -10 1056.000000 133.000000 1141.000000 253.000000 1.715240 0.580067 0.588768 4.117453 1.442583 5.446450 3.628883 0.033013
Pedestrian -1 -1 -10 1066.000000 136.000000 1109.000000 221.000000 1.728498 0.624486 0.848787 5.679935 0.788145 8.251015 3.149520 0.025274
Pedestrian -1 -1 -10 1099.000000 132.000000 1156.000000 270.000000 1.683502 0.613517 0.627133 4.130401 0.910793 5.889593 -0.409031 0.020098
Pedestrian -1 -1 -10 1078.000000 131.000000 1201.000000 249.000000 1.739153 0.644921 0.789127 4.529173 1.065936 6.003091 -1.394384 0.014530
Cyclist -1 -1 -10 1050.000000 132.000000 1148.000000 333.000000 1.786648 0.592469 1.748017 4.145312 1.326982 6.166790 -0.475369 0.046746
Cyclist -1 -1 -10 1054.000000 137.000000 1111.000000 288.000000 1.690101 0.491457 1.492587 8.454740 1.378916 11.988679 -1.604389 0.022576
Cyclist -1 -1 -10 692.000000 161.000000 710.000000 207.000000 1.763248 0.668006 1.765809 3.946577 1.036593 29.643138 1.682266 0.020029
Cyclist -1 -1 -10 1080.000000 125.000000 1220.000000 368.000000 1.825761 0.700995 1.791423 4.018461 1.345598 5.194355 3.311727 0.018515
