Pedestrian -1 -1 -10 862.000000 165.000000 923.000000 289.000000 1.656285 0.722747 0.918056 3.888729 1.470771 9.640944 -1.316942 0.982063
Pedestrian -1 -1 -10 455.000000 177.000000 479.000000 251.000000 1.724041 0.660050 0.859537 -3.204092 1.583492 16.819892 1.757570 0.867461
Pedestrian -1 -1 -10 512.000000 180.000000 528.000000 231.000000 1.726717 0.623761 0.755976 -2.672775 1.699114 23.085768 -1.649045 0.566860
Pedestrian -1 -1 -10 219.000000 180.000000 258.000000 302.000000 1.635654 0.596057 0.682979 -4.952935 1.603855 9.892625 2.214353 0.382219
Pedestrian -1 -1 -10 573.000000 180.000000 588.000000 219.000000 1.727813 0.676916 1.036193 -0.862922 1.652222 31.359784 -2.123682 0.274007
Pedestrian -1 -1 -10 408.000000 166.000000 423.000000 227.000000 1.710853 0.578739 0.629950 -4.672795 2.157893 17.608356 0.262951 0.079100
Pedestrian -1 -1 -10 442.000000 174.000000 466.000000 232.000000 1.663691 0.658679 0.711806 -4.577684 1.396845 21.588581 -2.240028 0.075210
Pedestrian -1 -1 -10 150.000000 192.000000 194.000000 280.000000 1.736900 0.680485 0.672551 -6.987996 2.144238 11.500233 -0.010695 0.074623
Pedestrian -1 -1 -10 612.000000 176.000000 626.000000 219.000000 1.760961 0.593578 0.942596 0.751468 1.520330 31.322525 -1.532159 0.045478
Pedestrian -1 -1 -10 440.000000 172.000000 454.000000 222.000000 1.684379 0.641902 0.635058 -4.620690 1.428860 21.651546 -1.987971 0.040396
Pedestrian -1 -1 -10 650.000000 178.000000 660.000000 208.000000 1.784401 0.607159 0.768335 3.050992 1.513808 41.655956 -1.465965 0.018044
Pedestrian -1 -1 -10 398.000000 167.000000 412.000000 220.000000 1.723504 0.602674 0.550997 -4.786680 2.059868 17.557789 -1.396348 0.017606
Pedestrian -1 -1 -10 660.000000 178.000000 670.000000 208.000000 1.797875 0.630312 0.798044 3.696503 1.538393 41.699178 1.603296 0.016486
Cyclist -1 -1 -10 864.000000 166.000000 925.000000 287.000000 1.715901 0.672833 1.692962 3.803605 1.470528 9.766078 3.495101 0.013874
Cyclist -1 -1 -10 214.000000 184.000000 279.000000 294.000000 1.681139 0.610985 1.593631 -5.595946 1.623738 10.773743 0.555293 0.012936
