Pedestrian -1 -1 -10 730.000000 173.000000 751.000000 203.000000 1.786942 0.675543 0.693644 7.795787 2.232507 43.084781 2.847721 0.043571
Car -1 -1 -10 772.000000 178.000000 1026.000000 339.000000 1.500835 1.655305 4.040440 3.279710 1.618498 9.194979 -1.568462 0.999802
Car -1 -1 -10 2.000000 201.000000 311.000000 357.000000 1.444956 1.631035 4.033298 -5.731722 1.904571 9.321233 1.628102 0.998946
Car -1 -1 -10 702.000000 183.000000 784.000000 242.000000 1.465028 1.559429 3.761266 3.395220 1.687116 18.923156 1.546368 0.998919
Car -1 -1 -10 259.000000 192.000000 402.000000 274.000000 1.540639 1.570292 3.761085 -5.767009 1.981282 15.236596 1.572611 0.998013
Car -1 -1 -10 406.000000 186.000000 484.000000 235.000000 1.553843 1.587109 3.889905 -5.574476 2.016182 24.316217 1.671919 0.997074
Car -1 -1 -10 934.000000 178.000000 1236.000000 375.000000 1.516606 1.624394 3.885252 3.207157 1.680546 3.467457 -1.583948 0.977574
Car -1 -1 -10 487.000000 180.000000 526.000000 208.000000 1.472445 1.547982 3.445101 -5.826933 2.017257 39.621123 -3.167374 0.966854
Car -1 -1 -10 674.000000 181.000000 745.000000 226.000000 1.482410 1.633759 3.943380 3.334345 1.828143 24.669239 -1.625453 0.958136
Car -1 -1 -10 659.000000 179.000000 701.000000 213.000000 1.483284 1.585979 3.768967 3.179271 1.771995 33.283128 -1.575181 0.940413
Car -1 -1 -10 181.000000 188.000000 275.000000 232.000000 1.604545 1.563178 3.871308 -14.416819 1.737576 28.741535 1.180184 0.035488
