Pedestrian -1 -1 -10 161.000000 164.000000 208.000000 293.000000 1.706397 0.579577 0.550251 -5.166071 1.434064 8.711841 -1.600242 0.828142
Pedestrian -1 -1 -10 204.000000 167.000000 238.000000 270.000000 1.686989 0.622462 0.624501 -11.891020 1.610725 21.884368 -1.539556 0.552562
Pedestrian -1 -1 -10 29.000000 154.000000 111.000000 305.000000 1.720812 0.562939 0.574148 -4.670524 1.412013 6.310460 -1.711476 0.425553
Pedestrian -1 -1 -10 10.000000 164.000000 142.000000 361.000000 1.748635 0.737708 0.570243 -4.675877 1.683408 6.211741 -2.207388 0.271014
Pedestrian -1 -1 -10 149.000000 177.000000 316.000000 269.000000 1.624870 0.594242 0.607374 -7.416091 1.018903 14.433137 -0.410357 0.086619
Pedestrian -1 -1 -10 196.000000 179.000000 267.000000 265.000000 1.672008 0.589308 0.609173 -2.520107 1.596594 4.653584 -2.671497 0.071655
Pedestrian -1 -1 -10 15.000000 198.000000 271.000000 373.000000 1.716738 0.621035 0.623795 -2.091212 1.776311 2.931119 -2.352138 0.043951
Car -1 -1 -10 667.000000 178.000000 774.000000 254.000000 1.440300 1.630233 3.948251 2.216851 1.566780 15.841273 -1.613818 0.999107
Car -1 -1 -10 504.000000 176.000000 551.000000 219.000000 1.579778 1.647084 3.742927 -3.357383 1.805245 29.129487 -1.647473 0.997890
Car -1 -1 -10 635.000000 177.000000 696.000000 219.000000 1.543856 1.639055 3.986714 2.038561 1.712370 28.354406 -1.680254 0.993823
Car -1 -1 -10 20.000000 189.000000 378.000000 373.000000 1.466696 1.625841 3.926190 -3.403526 1.629679 6.685780 -1.637091 0.992216
Car -1 -1 -10 7.000000 182.000000 162.000000 374.000000 1.514677 1.560171 3.511962 -2.794173 1.322700 1.943709 -1.542913 0.723702
Car -1 -1 -10 628.000000 177.000000 671.000000 213.000000 1.544390 1.606236 3.883555 1.766167 1.789295 34.182080 -1.607811 0.486005
Car -1 -1 -10 195.000000 185.000000 345.000000 259.000000 1.504862 1.579582 3.679159 -8.985103 1.871493 19.425967 -3.128148 0.315231
Car -1 -1 -10 621.000000 174.000000 657.000000 205.000000 1.755183 1.678001 4.023037 1.506708 1.879273 44.869009 -1.643962 0.314534
Car -1 -1 -10 536.000000 179.000000 562.000000 206.000000 1.570356 1.626811 3.811779 -3.977419 1.987352 43.097653 -1.645572 0.214390
Car -1 -1 -10 617.000000 174.000000 642.000000 199.000000 1.552110 1.585063 3.541942 2.009648 1.652639 44.332433 -1.572127 0.047743
Cyclist -1 -1 -10 149.000000 177.000000 316.000000 269.000000 1.721639 0.531645 1.529233 -3.423503 1.502466 6.638690 -1.439754 0.180176
Cyclist -1 -1 -10 218.000000 185.000000 299.000000 255.000000 1.720578 0.756700 1.734356 -9.135836 1.813057 18.972194 -3.082069 0.104838
Cyclist -1 -1 -10 196.000000 179.000000 267.000000 265.000000 1.715206 0.454363 1.187323 -10.233976 1.577333 19.948121 0.505141 0.091789
Cyclist -1 -1 -10 12.000000 159.000000 136.000000 354.000000 1.715609 0.609498 1.634920 -4.796043 1.475230 6.401870 -2.195414 0.034539
Cyclist -1 -1 -10 153.000000 167.000000 209.000000 326.000000 1.689315 0.501014 1.492460 -8.952886 1.292000 15.592586 -2.734745 0.018529
Cyclist -1 -1 -10 15.000000 198.000000 271.000000 373.000000 1.699728 0.659065 1.677233 -2.357227 1.631603 2.907493 -1.576940 0.016798
