Pedestrian -1 -1 -10 1097.000000 242.000000 1237.000000 360.000000 1.662487 0.592068 0.580854 2.842657 1.566300 3.663991 3.281967 0.351234
Pedestrian -1 -1 -10 968.000000 258.000000 1154.000000 372.000000 1.724706 0.652456 0.649910 2.439214 2.086356 3.811598 -0.628647 0.224523
Pedestrian -1 -1 -10 417.000000 172.000000 467.000000 269.000000 1.708855 0.581885 0.731840 -2.149742 1.807580 9.586323 -2.379956 0.076298
Pedestrian -1 -1 -10 1189.000000 249.000000 1236.000000 365.000000 1.665670 0.610271 0.529718 2.785309 1.590678 3.250698 3.298850 0.016244
Car -1 -1 -10 3.000000 192.000000 286.000000 369.000000 1.552740 1.634065 3.850642 -3.281858 1.235214 4.040392 -1.701713 0.111407
Cyclist -1 -1 -10 1.000000 202.000000 285.000000 373.000000 1.689485 0.715706 1.808771 -2.355650 1.441961 2.836227 2.526313 0.777703
Cyclist -1 -1 -10 402.000000 171.000000 473.000000 281.000000 1.785699 0.711396 1.791485 -2.783481 1.512295 10.473036 -0.140890 0.394149
Cyclist -1 -1 -10 962.000000 257.000000 1162.000000 371.000000 1.675594 0.556399 1.643929 2.450445 1.959612 3.698465 1.580273 0.144629
Cyclist -1 -1 -10 340.000000 170.000000 481.000000 293.000000 1.790581 0.643221 1.767256 -3.013509 1.468944 10.288487 0.127098 0.118823
Cyclist -1 -1 -10 -2.000000 135.000000 158.000000 374.000000 1.695275 0.683876 1.734999 -2.452556 1.488398 2.824901 -3.762314 0.027867
Cyclist -1 -1 -10 1071.000000 252.000000 1244.000000 371.000000 1.675307 0.554130 1.626947 2.633788 1.905613 3.315429 -0.366160 0.013457
Cyclist -1 -1 -10 419.000000 175.000000 463.000000 252.000000 1.695986 0.569179 1.690512 -3.859888 1.462239 16.579014 -2.239024 0.012878
