Pedestrian -1 -1 -10 204.000000 157.000000 331.000000 372.000000 1.750841 0.657069 0.848346 -2.543204 1.549486 5.478541 1.171481 0.994782
Pedestrian -1 -1 -10 552.000000 173.000000 575.000000 233.000000 1.721066 0.613332 0.829430 -1.146304 1.446632 20.894718 1.559049 0.993078
Pedestrian -1 -1 -10 640.000000 169.000000 693.000000 313.000000 1.740711 0.602471 1.011407 0.763704 1.622579 8.806244 -0.515847 0.969623
Pedestrian -1 -1 -10 904.000000 133.000000 948.000000 258.000000 1.770244 0.656566 0.774693 5.113752 1.155181 11.241220 3.089806 0.906944
Pedestrian -1 -1 -10 509.000000 173.000000 530.000000 229.000000 1.716269 0.623060 0.748502 -2.555480 1.427418 22.497240 -1.822667 0.812657
Pedestrian -1 -1 -10 488.000000 172.000000 507.000000 230.000000 1.762760 0.607871 0.771562 -3.265013 1.483137 22.103480 1.398785 0.736482
Pedestrian -1 -1 -10 593.000000 174.000000 611.000000 231.000000 1.750584 0.623067 0.816367 -0.032219 1.558379 21.050061 1.967290 0.626603
Pedestrian -1 -1 -10 584.000000 175.000000 600.000000 230.000000 1.804685 0.594899 0.852861 -0.432269 1.518466 22.022367 2.580149 0.584945
Pedestrian -1 -1 -10 949.000000 111.000000 1206.000000 380.000000 1.727740 0.664166 0.865090 2.774000 1.287057 4.218347 1.007429 0.527318
Pedestrian -1 -1 -10 467.000000 170.000000 489.000000 232.000000 1.799823 0.691946 0.883824 -3.830582 1.605213 22.338375 0.971752 0.451190
Pedestrian -1 -1 -10 348.000000 196.000000 381.000000 302.000000 1.724497 0.742684 0.560692 -4.147945 1.976030 12.095170 0.141329 0.326362
Pedestrian -1 -1 -10 601.000000 176.000000 619.000000 228.000000 1.698703 0.592151 0.681649 0.279787 1.375231 22.530728 -1.669291 0.199298
Pedestrian -1 -1 -10 329.000000 197.000000 369.000000 285.000000 1.686922 0.566802 0.741720 -4.096990 1.819124 11.557167 0.280727 0.191242
Pedestrian -1 -1 -10 579.000000 174.000000 594.000000 221.000000 1.732984 0.614972 0.711872 -0.352120 1.340898 21.881249 0.055887 0.126251
Pedestrian -1 -1 -10 178.000000 205.000000 256.000000 324.000000 1.699928 0.670428 0.614581 -4.337716 1.953206 8.048512 -2.081300 0.124508
Pedestrian -1 -1 -10 342.000000 192.000000 415.000000 312.000000 1.659017 0.629874 0.752737 -2.752183 1.967246 8.552622 -1.856256 0.069365
Pedestrian -1 -1 -10 646.000000 177.000000 680.000000 218.000000 1.740074 0.697296 0.842164 2.076179 1.245481 24.550780 -1.807623 0.056150
Pedestrian -1 -1 -10 166.000000 210.000000 208.000000 310.000000 1.694995 0.605580 0.620559 -6.772835 1.779555 11.632775 1.609853 0.039349
Pedestrian -1 -1 -10 353.000000 175.000000 453.000000 368.000000 1.677345 0.802502 0.500381 -1.715519 1.610433 6.380157 1.421403 0.022908
Pedestrian -1 -1 -10 642.000000 173.000000 664.000000 219.000000 1.733180 0.701931 0.627612 1.666199 1.378973 24.788164 -1.444781 0.012874
Pedestrian -1 -1 -10 1064.000000 165.000000 1240.000000 369.000000 1.715641 0.605269 0.681710 3.208053 1.471452 4.362202 1.209387 0.011223
Car -1 -1 -10 1028.000000 142.000000 1233.000000 371.000000 1.486175 1.568251 3.698455 3.492643 1.193228 4.456476 1.646597 0.046256
Cyclist -1 -1 -10 348.000000 170.000000 453.000000 375.000000 1.688844 0.576207 1.719522 -1.707861 1.589216 6.172227 1.503556 0.998872
Cyclist -1 -1 -10 907.000000 143.000000 1214.000000 372.000000 1.651206 0.569056 1.637879 2.662279 1.285658 4.265066 3.669236 0.981074
Cyclist -1 -1 -10 639.000000 167.000000 694.000000 315.000000 1.801327 0.544141 1.780698 0.698941 1.688650 8.864486 -0.592414 0.783968
Cyclist -1 -1 -10 509.000000 173.000000 530.000000 229.000000 1.772378 0.628724 1.736047 -2.669030 1.475329 22.646169 -1.833982 0.530725
Cyclist -1 -1 -10 342.000000 192.000000 415.000000 312.000000 1.733373 0.637100 1.635748 -1.978577 1.406513 6.942961 2.751466 0.270490
Cyclist -1 -1 -10 623.000000 178.000000 669.000000 248.000000 1.711473 0.738458 1.752734 0.861815 1.980927 18.388443 3.084335 0.118776
Cyclist -1 -1 -10 350.000000 197.000000 388.000000 296.000000 1.673409 0.663529 1.648969 -4.011679 1.769756 12.371797 -1.914568 0.105757
Cyclist -1 -1 -10 422.000000 191.000000 470.000000 260.000000 1.742913 0.565031 1.362938 -3.964662 1.765555 17.327102 0.802330 0.056256
Cyclist -1 -1 -10 643.000000 174.000000 673.000000 218.000000 1.725622 0.677156 1.721511 1.835996 1.204281 25.017687 0.550187 0.055589
Cyclist -1 -1 -10 324.000000 197.000000 375.000000 277.000000 1.708593 0.577491 1.675050 -4.323518 1.740205 12.053488 -1.489572 0.053115
Cyclist -1 -1 -10 373.000000 184.000000 451.000000 303.000000 1.676957 0.581250 1.621911 -1.747970 1.317653 6.442053 0.767273 0.035976
Cyclist -1 -1 -10 436.000000 178.000000 482.000000 241.000000 1.590177 0.453255 1.725815 -3.803871 1.814192 18.644647 1.505084 0.013596
Cyclist -1 -1 -10 1064.000000 165.000000 1240.000000 369.000000 1.745645 0.621584 1.632328 3.589885 1.395496 4.984898 1.723377 0.012808
