Car -1 -1 -10 195.000000 198.000000 383.000000 287.000000 1.468719 1.623237 4.050391 -5.993219 1.996777 14.225580 1.560401 0.998682
Car -1 -1 -10 709.000000 175.000000 825.000000 251.000000 1.463145 1.633640 4.005473 3.177942 1.565950 16.083602 -1.591248 0.998645
Car -1 -1 -10 359.000000 190.000000 462.000000 247.000000 1.479955 1.626523 4.044340 -5.798703 2.044675 21.754066 1.607251 0.998474
Car -1 -1 -10 685.000000 176.000000 765.000000 231.000000 1.539797 1.638093 3.914730 3.148685 1.594134 21.539126 -1.558182 0.993454
Car -1 -1 -10 0.000000 211.000000 237.000000 374.000000 1.477060 1.581704 3.657841 -5.929697 2.002053 8.237734 1.561792 0.989671
Car -1 -1 -10 664.000000 179.000000 718.000000 214.000000 1.485387 1.586455 3.814147 3.313187 1.729537 31.319884 1.530282 0.986028
Car -1 -1 -10 423.000000 188.000000 489.000000 231.000000 1.508273 1.584011 3.833105 -5.752694 2.068118 27.809886 1.567548 0.938484
Car -1 -1 -10 1031.000000 134.000000 1243.000000 241.000000 1.601055 1.640936 4.042990 9.271992 1.075453 10.605105 3.238099 0.934225
Car -1 -1 -10 864.000000 154.000000 1060.000000 222.000000 1.571215 1.682514 4.093108 8.814072 1.175430 16.426439 3.076109 0.857089
Car -1 -1 -10 938.000000 149.000000 1166.000000 227.000000 1.517153 1.560309 3.760391 9.001930 1.108599 14.843382 3.201777 0.844196
Car -1 -1 -10 653.000000 179.000000 694.000000 207.000000 1.560036 1.608311 3.980458 3.421167 1.844862 37.191705 -1.583692 0.727958
Car -1 -1 -10 475.000000 184.000000 525.000000 215.000000 1.611563 1.618420 3.955963 -5.670253 2.154178 36.698688 1.681848 0.460751
