Pedestrian -1 -1 -10 721.000000 162.000000 732.000000 202.000000 1.714297 0.658325 0.640281 5.876827 1.067110 36.533128 3.214906 0.074324
Car -1 -1 -10 258.000000 187.000000 419.000000 268.000000 1.494691 1.638619 4.026583 -5.644404 1.908320 15.575731 1.663243 0.999621
Car -1 -1 -10 761.000000 179.000000 978.000000 308.000000 1.482734 1.574831 3.864362 3.392752 1.653035 10.144553 1.503885 0.999476
Car -1 -1 -10 707.000000 177.000000 824.000000 254.000000 1.465298 1.621698 3.909299 3.312548 1.569900 15.865991 -1.610335 0.996460
Car -1 -1 -10 673.000000 175.000000 740.000000 222.000000 1.490586 1.603506 3.793202 3.029702 1.590407 24.584231 -1.607712 0.983817
Car -1 -1 -10 0.000000 208.000000 188.000000 373.000000 1.469511 1.591952 3.928584 -5.785619 1.915881 6.375571 1.598048 0.954718
Car -1 -1 -10 446.000000 177.000000 501.000000 216.000000 1.539557 1.546904 3.670085 -5.697796 1.793945 30.479465 1.567263 0.938959
Car -1 -1 -10 661.000000 174.000000 716.000000 213.000000 1.496121 1.529717 3.381951 3.165319 1.622939 29.546339 -1.668174 0.698627
Car -1 -1 -10 -3.000000 188.000000 112.000000 300.000000 1.522879 1.595245 3.884627 -10.798716 1.799275 16.317800 1.975657 0.480098
Car -1 -1 -10 469.000000 178.000000 514.000000 212.000000 1.477328 1.556585 3.667782 -5.818158 1.866710 35.520801 1.529745 0.446973
