Pedestrian -1 -1 -10 674.000000 167.000000 760.000000 234.000000 1.676410 0.783301 0.922648 2.530833 1.515702 17.132981 0.065131 0.015953
Car -1 -1 -10 447.000000 167.000000 518.000000 215.000000 1.514120 1.618939 3.830443 -4.175816 1.294242 24.253393 1.521728 0.996989
Car -1 -1 -10 723.000000 174.000000 891.000000 285.000000 1.526637 1.581446 3.461183 3.011266 1.578940 12.117091 -1.659306 0.996760
Car -1 -1 -10 790.000000 184.000000 1182.000000 374.000000 1.454386 1.629333 4.108344 3.139892 1.667742 7.060477 -1.595943 0.996231
Car -1 -1 -10 151.000000 170.000000 414.000000 362.000000 1.624629 1.613115 3.917637 -3.459776 1.619187 8.203933 1.525799 0.995604
Car -1 -1 -10 646.000000 166.000000 719.000000 219.000000 1.545125 1.599858 3.794965 2.138583 1.366380 23.494155 -1.628707 0.995033
Car -1 -1 -10 675.000000 167.000000 757.000000 233.000000 1.554527 1.584729 3.569517 2.606312 1.473210 18.864512 -1.632529 0.993329
Car -1 -1 -10 630.000000 166.000000 683.000000 204.000000 1.474588 1.627259 4.032502 1.908314 1.302242 29.194191 -1.627622 0.955689
Car -1 -1 -10 481.000000 166.000000 524.000000 204.000000 1.496601 1.587954 3.734261 -4.289669 1.213014 30.403827 -1.681060 0.580578
Car -1 -1 -10 6.000000 139.000000 264.000000 372.000000 1.615507 1.649947 3.841673 -3.009670 1.404316 3.303393 1.503791 0.487088
Car -1 -1 -10 627.000000 165.000000 661.000000 196.000000 1.587671 1.609779 3.760248 1.929378 1.207194 40.439598 -1.611347 0.124727
Car -1 -1 -10 503.000000 167.000000 534.000000 193.000000 1.520260 1.560397 3.700512 -5.026309 1.223803 39.980126 1.557978 0.105705
