Pedestrian -1 -1 -10 639.000000 167.000000 682.000000 289.000000 1.670652 0.615265 0.777921 0.717366 1.464908 10.417581 -1.917255 0.997161
Pedestrian -1 -1 -10 693.000000 167.000000 744.000000 285.000000 1.682201 0.699399 0.961458 1.704932 1.405147 10.719050 -1.553437 0.990794
Pedestrian -1 -1 -10 319.000000 165.000000 373.000000 290.000000 1.718119 0.630673 1.017125 -3.648285 1.484288 10.139418 -1.527811 0.947785
Pedestrian -1 -1 -10 164.000000 171.000000 203.000000 255.000000 1.740141 0.699491 0.769391 -8.109897 1.511048 14.142643 2.243844 0.461115
Pedestrian -1 -1 -10 729.000000 160.000000 751.000000 226.000000 1.734070 0.645348 0.689810 4.179601 1.126972 21.208627 -1.056131 0.095874
Pedestrian -1 -1 -10 723.000000 158.000000 742.000000 230.000000 1.701054 0.632752 0.777213 4.224344 1.054962 22.874857 -1.375475 0.037562
Car -1 -1 -10 520.000000 167.000000 555.000000 202.000000 1.555294 1.617223 3.760743 -4.097132 0.921900 45.227754 1.518145 0.015672
Cyclist -1 -1 -10 452.000000 164.000000 505.000000 272.000000 1.764293 0.605343 1.755652 -2.251372 1.517521 12.943070 1.617845 0.999350
Cyclist -1 -1 -10 532.000000 166.000000 568.000000 235.000000 1.756195 0.572515 1.760643 -1.402363 1.415287 18.872903 1.708671 0.999142
Cyclist -1 -1 -10 506.000000 169.000000 534.000000 229.000000 1.750829 0.571207 1.749512 -2.588901 1.377149 22.030253 1.526889 0.995077
Cyclist -1 -1 -10 690.000000 163.000000 744.000000 284.000000 1.817375 0.662169 1.731960 1.631059 1.497490 10.766258 -1.844689 0.772144
Cyclist -1 -1 -10 698.000000 167.000000 782.000000 260.000000 1.692887 0.400972 1.643426 2.781151 1.626480 13.164526 -0.896890 0.146371
Cyclist -1 -1 -10 508.000000 167.000000 556.000000 215.000000 1.642384 0.527537 1.643405 -2.470475 1.312524 22.048048 1.464634 0.097548
Cyclist -1 -1 -10 718.000000 164.000000 762.000000 246.000000 1.677954 0.514024 1.434747 2.768953 1.898129 15.277128 -1.426556 0.091708
Cyclist -1 -1 -10 526.000000 169.000000 562.000000 203.000000 1.702446 0.544578 1.662201 -4.056264 1.162561 44.318976 -1.069709 0.023039
Cyclist -1 -1 -10 728.000000 161.000000 752.000000 224.000000 1.743201 0.666645 1.679474 4.325937 1.186148 22.495604 1.313238 0.017697
Cyclist -1 -1 -10 685.000000 172.000000 707.000000 224.000000 1.691778 0.710434 1.724001 2.823132 1.148695 22.527921 -0.839207 0.010011
