Car -1 -1 -10 739.000000 182.000000 901.000000 242.000000 1.499981 1.621358 3.817199 5.520714 1.813889 19.487636 -0.085724 0.998985
Car -1 -1 -10 636.000000 181.000000 675.000000 213.000000 1.401429 1.601998 4.078221 2.075676 1.952312 34.064500 -1.615058 0.998812
Car -1 -1 -10 -3.000000 186.000000 350.000000 326.000000 1.538935 1.625430 4.125046 -5.822173 1.783295 9.279952 -0.001229 0.996928
Car -1 -1 -10 924.000000 181.000000 1200.000000 312.000000 1.509627 1.576381 3.701587 6.286478 1.684596 9.606351 -0.060591 0.989554
Car -1 -1 -10 1019.000000 193.000000 1238.000000 357.000000 1.516581 1.606253 3.911182 6.544737 1.767855 7.436655 -0.064819 0.988978
Car -1 -1 -10 174.000000 177.000000 406.000000 258.000000 1.595632 1.635393 3.860946 -6.339780 1.665511 14.063456 -3.235041 0.961323
Car -1 -1 -10 357.000000 179.000000 494.000000 223.000000 1.630033 1.622719 4.120412 -6.701934 1.923393 27.503088 0.037805 0.954923
Car -1 -1 -10 270.000000 183.000000 434.000000 243.000000 1.449831 1.578874 3.848906 -6.339017 1.748775 18.897998 -3.020453 0.818238
Car -1 -1 -10 412.000000 179.000000 507.000000 215.000000 1.628319 1.625981 3.957200 -5.425327 1.660981 31.398211 -1.677679 0.172170
Car -1 -1 -10 0.000000 188.000000 161.000000 369.000000 1.490412 1.556059 3.745316 -5.584140 1.787408 6.183633 -1.639743 0.133186
Car -1 -1 -10 457.000000 179.000000 530.000000 207.000000 1.608571 1.638284 3.944462 -6.456470 1.931552 39.557808 -3.195143 0.115925
