Pedestrian -1 -1 -10 812.000000 173.000000 820.000000 215.000000 1.672602 0.537359 0.619390 12.529268 1.538438 43.602001 2.413137 0.022988
Car -1 -1 -10 461.000000 185.000000 529.000000 230.000000 1.487461 1.585658 3.750822 -4.075536 2.022177 25.901148 1.605240 0.999275
Car -1 -1 -10 746.000000 181.000000 882.000000 263.000000 1.568762 1.607120 3.518553 4.090241 1.802746 15.780128 -1.610648 0.996468
Car -1 -1 -10 802.000000 192.000000 1057.000000 326.000000 1.463533 1.621683 3.863847 3.989283 1.792715 10.076878 -1.541979 0.994114
Car -1 -1 -10 721.000000 183.000000 798.000000 240.000000 1.484282 1.621514 3.930317 4.239193 1.836088 21.085671 -1.527669 0.991102
Car -1 -1 -10 704.000000 181.000000 759.000000 225.000000 1.509928 1.619936 3.872016 4.499816 1.889771 26.500406 -1.515418 0.988753
Car -1 -1 -10 500.000000 184.000000 550.000000 220.000000 1.578787 1.609340 3.705953 -3.959237 2.043365 30.013923 1.598324 0.966812
Car -1 -1 -10 688.000000 180.000000 735.000000 216.000000 1.537707 1.616755 3.927414 4.367243 1.840924 31.511404 -1.588178 0.951665
Car -1 -1 -10 954.000000 172.000000 1241.000000 373.000000 1.508838 1.612541 3.948677 3.843071 1.601378 4.008797 -1.590702 0.660520
Car -1 -1 -10 523.000000 185.000000 564.000000 213.000000 1.468544 1.581488 3.860302 -3.485909 2.041555 36.793738 1.577065 0.352564
