Pedestrian -1 -1 -10 825.000000 163.000000 833.000000 192.000000 1.749746 0.637090 0.636962 11.327645 1.742298 37.314501 -1.243946 0.017942
Car -1 -1 -10 782.000000 180.000000 1210.000000 375.000000 1.564672 1.632593 3.606298 2.967627 1.631048 6.367327 -1.699326 0.999389
Car -1 -1 -10 610.000000 180.000000 692.000000 237.000000 1.501071 1.592703 3.509507 1.168606 1.734753 20.966017 -1.752847 0.998780
Car -1 -1 -10 738.000000 171.000000 822.000000 203.000000 1.490536 1.605805 3.974950 8.486371 1.444309 35.626820 -0.716058 0.993260
Car -1 -1 -10 672.000000 173.000000 767.000000 208.000000 1.526104 1.576641 3.813212 4.843507 1.568565 32.500952 -0.662254 0.992446
Car -1 -1 -10 550.000000 175.000000 626.000000 209.000000 1.497398 1.556349 3.794059 -1.119699 1.756837 36.282301 2.477820 0.985613
Car -1 -1 -10 798.000000 173.000000 867.000000 200.000000 1.500072 1.598740 3.801391 12.177334 1.459076 38.698475 -0.689050 0.820559
Car -1 -1 -10 902.000000 174.000000 1143.000000 250.000000 1.553596 1.616026 3.831098 17.991958 1.365056 34.656165 3.625352 0.065170
Car -1 -1 -10 940.000000 173.000000 1088.000000 230.000000 1.588954 1.728432 4.213886 19.653591 1.416429 37.656874 -2.146685 0.032540
Car -1 -1 -10 886.000000 178.000000 1033.000000 240.000000 1.562604 1.604980 3.650650 18.021506 1.539472 34.063929 3.502447 0.016385
Car -1 -1 -10 660.000000 175.000000 714.000000 202.000000 1.390474 1.528843 3.319531 2.428670 1.161589 21.771226 0.859243 0.012821
Car -1 -1 -10 819.000000 168.000000 894.000000 198.000000 1.709788 1.661415 4.128332 13.827805 1.469672 40.086024 2.467129 0.010145
Cyclist -1 -1 -10 907.000000 173.000000 1137.000000 249.000000 1.661526 0.707715 1.773831 17.644303 1.429321 33.251863 0.505834 0.104695
Cyclist -1 -1 -10 865.000000 169.000000 911.000000 223.000000 1.694453 0.618544 1.677312 7.982161 2.157442 20.916742 -0.653793 0.032658
Cyclist -1 -1 -10 948.000000 174.000000 1061.000000 237.000000 1.653134 0.684462 1.817856 17.650393 1.487051 33.183193 0.503705 0.025772
Cyclist -1 -1 -10 871.000000 180.000000 988.000000 223.000000 1.690550 0.585258 1.475893 11.845671 1.510632 29.245320 1.451155 0.019681
Cyclist -1 -1 -10 904.000000 181.000000 1025.000000 262.000000 1.698656 0.688545 1.780233 17.405208 1.550453 33.043274 0.485892 0.012394
Cyclist -1 -1 -10 794.000000 180.000000 1197.000000 329.000000 1.890804 0.644888 1.740675 2.686888 1.732734 5.940755 1.502572 0.010745
