Car -1 -1 -10 573.000000 175.000000 611.000000 209.000000 1.542786 1.623326 3.767866 -0.757745 1.118441 35.917946 -1.597354 0.999182
Car -1 -1 -10 296.000000 183.000000 436.000000 270.000000 1.470530 1.618157 3.994788 -4.703697 1.452447 14.597312 -1.559555 0.999130
Car -1 -1 -10 430.000000 183.000000 496.000000 228.000000 1.448979 1.580117 3.753210 -4.638950 1.322134 23.856492 -1.595752 0.998583
Car -1 -1 -10 154.000000 175.000000 278.000000 227.000000 1.543085 1.614460 3.743047 -12.214780 1.338683 22.777424 -1.585416 0.991731
Car -1 -1 -10 264.000000 184.000000 367.000000 237.000000 1.473917 1.635486 3.765280 -8.488930 1.489378 21.583198 -1.519536 0.986865
Car -1 -1 -10 -2.000000 178.000000 231.000000 286.000000 1.530826 1.581349 3.684660 -8.435166 1.453358 12.896471 -1.602192 0.921402
Car -1 -1 -10 -2.000000 196.000000 238.000000 374.000000 1.468083 1.617924 3.982903 -4.253485 1.587928 4.562400 -1.542893 0.820666
Car -1 -1 -10 363.000000 178.000000 428.000000 212.000000 1.513281 1.591759 3.733705 -9.364927 1.231903 32.033055 -1.492303 0.523286
Car -1 -1 -10 455.000000 179.000000 504.000000 216.000000 1.528195 1.597670 3.642563 -5.635695 1.174426 31.938578 -1.622550 0.120542
Car -1 -1 -10 77.000000 180.000000 253.000000 241.000000 1.681124 1.628831 3.706367 -12.531429 1.597633 22.115714 -1.600011 0.038457
Car -1 -1 -10 2.000000 193.000000 116.000000 355.000000 1.478755 1.598814 3.690281 -4.576024 1.634906 4.386267 1.541119 0.018057
