Pedestrian -1 -1 -10 949.000000 160.000000 999.000000 282.000000 1.672821 0.640382 0.674854 5.056600 1.363296 9.832221 -1.477467 0.997894
Pedestrian -1 -1 -10 788.000000 156.000000 875.000000 366.000000 1.762487 0.725764 0.932286 1.948126 1.500732 6.185568 -1.273432 0.997052
Pedestrian -1 -1 -10 217.000000 163.000000 309.000000 364.000000 1.731261 0.597830 0.967001 -3.225092 1.557418 6.749040 -1.606219 0.996539
Pedestrian -1 -1 -10 726.000000 162.000000 801.000000 368.000000 1.730597 0.650708 0.748524 1.339412 1.522727 6.098163 1.799581 0.995099
Pedestrian -1 -1 -10 837.000000 161.000000 861.000000 220.000000 1.623250 0.732971 0.790335 7.921917 1.016613 23.061888 -1.665208 0.474458
Pedestrian -1 -1 -10 879.000000 160.000000 898.000000 214.000000 1.654258 0.597143 0.692293 8.247249 1.153401 20.460633 3.039670 0.336530
Pedestrian -1 -1 -10 485.000000 178.000000 503.000000 221.000000 1.736689 0.622959 0.908346 -4.332488 1.659560 28.640710 -1.180394 0.237560
Pedestrian -1 -1 -10 772.000000 169.000000 802.000000 262.000000 1.676706 0.551002 0.701708 4.304632 1.335936 16.943746 -1.867362 0.141325
Pedestrian -1 -1 -10 495.000000 175.000000 513.000000 220.000000 1.793635 0.610805 0.909256 -3.992708 1.656846 29.626315 0.519947 0.109332
Pedestrian -1 -1 -10 827.000000 170.000000 871.000000 232.000000 1.706054 0.575960 0.607161 5.146559 1.335773 16.273798 -0.721840 0.065658
Pedestrian -1 -1 -10 739.000000 167.000000 778.000000 240.000000 1.688048 0.532540 0.583195 3.023609 1.384166 12.675083 3.208346 0.045097
Pedestrian -1 -1 -10 728.000000 176.000000 745.000000 219.000000 1.765316 0.738024 0.690306 5.686903 1.525496 30.714991 -1.831060 0.020326
Pedestrian -1 -1 -10 782.000000 164.000000 848.000000 271.000000 1.684482 0.611412 0.632016 4.064394 1.321263 12.696388 -0.760455 0.019025
Pedestrian -1 -1 -10 848.000000 174.000000 873.000000 226.000000 1.738948 0.605818 0.607938 7.271889 1.358499 19.931639 -0.694271 0.016973
Car -1 -1 -10 548.000000 169.000000 599.000000 214.000000 1.954210 1.790361 4.372699 -1.341185 1.412409 35.271755 1.643025 0.119816
Cyclist -1 -1 -10 410.000000 172.000000 467.000000 251.000000 1.666253 0.521109 1.761849 -3.872210 1.525794 16.699444 2.805162 0.996550
Cyclist -1 -1 -10 998.000000 224.000000 1157.000000 371.000000 1.692508 0.584515 1.708809 2.126398 1.790444 3.688699 -0.505988 0.873440
Cyclist -1 -1 -10 730.000000 166.000000 771.000000 237.000000 1.683685 0.660725 1.648560 6.149171 1.314297 30.192323 2.347979 0.055430
Cyclist -1 -1 -10 728.000000 164.000000 798.000000 359.000000 1.766719 0.530564 1.726592 1.265429 1.596335 6.258361 1.780565 0.033426
Cyclist -1 -1 -10 728.000000 174.000000 749.000000 223.000000 1.695663 0.596158 1.687059 5.576217 1.379758 30.518464 -1.941822 0.032595
Cyclist -1 -1 -10 832.000000 166.000000 868.000000 224.000000 1.670891 0.543330 1.681191 7.866639 0.938287 23.230740 -0.105143 0.019863
Cyclist -1 -1 -10 790.000000 160.000000 890.000000 365.000000 1.799168 0.551027 1.714520 1.973513 1.547565 6.240406 -0.762905 0.018713
