Car -1 -1 -10 338.000000 192.000000 500.000000 294.000000 1.464078 1.609126 3.859902 -3.035806 1.776134 12.235785 -1.532329 0.999737
Car -1 -1 -10 633.000000 183.000000 682.000000 222.000000 1.451475 1.612781 3.931037 1.792681 1.875429 29.305997 1.532518 0.999696
Car -1 -1 -10 538.000000 174.000000 572.000000 203.000000 1.635927 1.624872 3.845640 -3.673451 1.867365 47.666699 1.490731 0.999640
Car -1 -1 -10 0.000000 173.000000 351.000000 376.000000 1.646579 1.664663 4.122834 -3.161463 1.651789 4.520498 1.562094 0.989830
Car -1 -1 -10 630.000000 175.000000 654.000000 204.000000 1.568173 1.630110 3.666729 2.173449 1.759991 47.204111 -1.570994 0.824520
Car -1 -1 -10 464.000000 177.000000 529.000000 203.000000 1.534631 1.578915 3.771853 -5.184347 1.990875 44.520987 -1.708324 0.235530
Car -1 -1 -10 6.000000 170.000000 185.000000 258.000000 1.473789 1.614061 3.837270 -10.101007 1.098197 13.582232 1.518544 0.021225
Cyclist -1 -1 -10 0.000000 170.000000 187.000000 262.000000 1.718050 0.706284 1.747379 -9.615892 1.305182 13.542032 1.487682 0.019484
Cyclist -1 -1 -10 144.000000 183.000000 248.000000 238.000000 1.709758 0.462129 1.588772 -13.826482 1.666700 24.277168 -2.156679 0.012978
Cyclist -1 -1 -10 -4.000000 174.000000 369.000000 369.000000 1.731731 0.728181 1.802592 -2.709371 1.711334 4.739311 -1.558437 0.010924
