Car -1 -1 -10 610.000000 176.000000 687.000000 248.000000 1.539056 1.671912 3.631747 1.064105 1.357473 18.032195 -1.503560 0.999324
Car -1 -1 -10 -2.000000 187.000000 340.000000 376.000000 1.465845 1.630164 4.015828 -4.350283 1.559367 7.581374 -1.605743 0.990705
Car -1 -1 -10 669.000000 182.000000 704.000000 207.000000 1.448412 1.575236 3.595270 4.563901 1.216802 42.622640 -1.384183 0.964787
Car -1 -1 -10 486.000000 174.000000 531.000000 206.000000 1.582404 1.638139 3.844134 -5.268482 1.191879 39.284721 -1.577432 0.301353
Car -1 -1 -10 192.000000 191.000000 306.000000 239.000000 1.561902 1.598491 3.924478 -11.700761 1.385151 23.270727 -1.531059 0.179634
Car -1 -1 -10 0.000000 193.000000 148.000000 346.000000 1.457255 1.622016 4.033026 -4.242853 1.607634 7.344755 -1.653084 0.075325
Car -1 -1 -10 0.000000 192.000000 131.000000 261.000000 1.455255 1.557206 3.652738 -12.215377 1.637393 16.499694 -1.543535 0.067200
Car -1 -1 -10 137.000000 185.000000 332.000000 273.000000 1.476312 1.585352 3.757581 -8.340726 1.604405 16.428134 -1.547729 0.039825
Car -1 -1 -10 441.000000 175.000000 528.000000 212.000000 1.477924 1.455006 3.068437 -4.216799 1.304177 26.362307 1.873650 0.017768
Car -1 -1 -10 266.000000 191.000000 330.000000 226.000000 1.558701 1.670231 3.899325 -12.096735 1.263841 24.457220 -1.533916 0.011442
Car -1 -1 -10 649.000000 180.000000 694.000000 208.000000 1.491950 1.596997 3.656627 4.463550 1.234694 42.731330 -1.472498 0.010903
