Pedestrian -1 -1 -10 1172.000000 206.000000 1238.000000 376.000000 1.618333 0.544432 0.559473 4.404466 1.814925 5.346460 3.197508 0.049584
Car -1 -1 -10 631.000000 179.000000 679.000000 218.000000 1.435545 1.622377 3.895957 1.809921 1.826338 31.024047 -1.636289 0.998713
Car -1 -1 -10 44.000000 162.000000 320.000000 290.000000 1.640280 1.656424 3.969128 -7.055249 1.710104 11.468575 -3.221769 0.992611
Car -1 -1 -10 335.000000 179.000000 474.000000 225.000000 1.502655 1.618327 4.315143 -7.074498 1.749280 25.285534 -3.268020 0.986690
Car -1 -1 -10 760.000000 172.000000 946.000000 259.000000 1.494068 1.579940 4.109400 5.504039 1.848832 15.453299 -0.016275 0.982104
Car -1 -1 -10 963.000000 188.000000 1250.000000 355.000000 1.546746 1.599374 3.776114 5.950184 1.752829 7.404692 0.082688 0.980082
Car -1 -1 -10 803.000000 184.000000 1072.000000 280.000000 1.569025 1.617990 4.048874 5.905675 1.837371 12.657096 3.053326 0.972067
Car -1 -1 -10 909.000000 187.000000 1173.000000 303.000000 1.512525 1.613987 3.876503 6.371456 1.757309 10.100640 -0.020833 0.920889
Car -1 -1 -10 -1.000000 185.000000 159.000000 368.000000 1.465279 1.594918 3.945781 -6.629302 1.638335 6.946863 -3.068239 0.678459
Car -1 -1 -10 616.000000 176.000000 650.000000 202.000000 1.535091 1.557010 3.638640 1.204346 1.930005 46.177751 -1.562481 0.189313
Car -1 -1 -10 1171.000000 209.000000 1239.000000 376.000000 1.508771 1.617696 3.970259 6.022542 1.798008 4.341379 0.005687 0.158963
Car -1 -1 -10 396.000000 180.000000 492.000000 218.000000 1.785792 1.636267 4.154529 -7.036630 2.126548 30.712942 -1.213121 0.071706
Cyclist -1 -1 -10 489.000000 173.000000 521.000000 231.000000 1.693974 0.558476 1.717269 -3.319881 1.858073 22.639212 1.553726 0.998618
Cyclist -1 -1 -10 494.000000 177.000000 521.000000 203.000000 1.764540 0.686405 1.699150 -5.798705 1.791626 38.387289 -1.115495 0.070021
