Pedestrian -1 -1 -10 581.000000 170.000000 602.000000 224.000000 1.659264 0.736419 0.508458 -0.554946 1.702256 22.572967 1.598387 0.012910
Car -1 -1 -10 461.000000 173.000000 543.000000 239.000000 1.637871 1.643253 4.002298 -2.934108 1.680411 20.659929 1.586572 0.999534
Car -1 -1 -10 741.000000 182.000000 935.000000 343.000000 1.522616 1.552539 3.339331 2.514466 1.717969 8.379094 -1.600704 0.999257
Car -1 -1 -10 128.000000 171.000000 374.000000 253.000000 1.498498 1.645668 4.090081 -7.053683 1.488679 14.402308 -3.163703 0.997176
Car -1 -1 -10 518.000000 177.000000 569.000000 220.000000 1.502370 1.570423 3.760858 -2.674551 1.771871 28.478829 -1.546794 0.996968
Car -1 -1 -10 696.000000 186.000000 819.000000 279.000000 1.498494 1.576161 3.635943 2.410534 1.747266 13.247027 -1.484503 0.996801
Car -1 -1 -10 822.000000 185.000000 905.000000 219.000000 1.553090 1.638542 3.777292 10.134787 1.904448 31.105442 -1.239232 0.011288
Car -1 -1 -10 774.000000 182.000000 917.000000 253.000000 1.535632 1.609385 3.914753 5.414266 1.122375 15.494881 1.511734 0.010624
Cyclist -1 -1 -10 579.000000 168.000000 603.000000 228.000000 1.714009 0.548179 1.708326 -0.573939 1.756529 22.526700 1.690737 0.998618
Cyclist -1 -1 -10 574.000000 170.000000 598.000000 200.000000 1.701281 0.521308 1.387316 -0.579550 1.041600 17.590405 0.978271 0.079764
