Pedestrian -1 -1 -10 857.000000 143.000000 938.000000 371.000000 1.746829 0.658888 0.938292 2.256583 1.431753 5.685194 1.921140 0.998403
Pedestrian -1 -1 -10 985.000000 124.000000 1084.000000 306.000000 1.757837 0.571056 1.001278 4.499076 1.182580 7.589988 -2.462867 0.996037
Pedestrian -1 -1 -10 575.000000 162.000000 597.000000 233.000000 1.760525 0.643359 0.965671 -0.500303 1.255670 18.571236 -1.612893 0.995090
Pedestrian -1 -1 -10 507.000000 163.000000 531.000000 247.000000 1.762252 0.632858 0.851668 -1.844179 1.375508 15.466153 1.591254 0.991910
Pedestrian -1 -1 -10 479.000000 167.000000 508.000000 248.000000 1.766249 0.686439 0.931681 -2.350764 1.400255 15.452907 1.314683 0.982430
Pedestrian -1 -1 -10 621.000000 162.000000 640.000000 229.000000 1.807693 0.666243 0.878382 0.698331 1.256756 19.640585 2.084090 0.957869
Pedestrian -1 -1 -10 4.000000 226.000000 108.000000 368.000000 1.676024 0.593816 0.593758 -3.176252 1.618732 4.135494 1.963700 0.845509
Pedestrian -1 -1 -10 206.000000 214.000000 304.000000 366.000000 1.721606 0.560915 0.729210 -2.360023 1.968726 4.746707 0.132625 0.754008
Pedestrian -1 -1 -10 2.000000 223.000000 237.000000 372.000000 1.726701 0.734116 0.736220 -2.589052 2.110777 4.133699 -1.877705 0.690255
Pedestrian -1 -1 -10 603.000000 163.000000 622.000000 212.000000 1.629597 0.627723 0.856680 0.456247 1.004772 26.431294 -1.944692 0.678886
Pedestrian -1 -1 -10 628.000000 163.000000 652.000000 229.000000 1.746249 0.623397 0.835952 1.004500 1.255390 18.455927 -1.991222 0.623475
Pedestrian -1 -1 -10 654.000000 165.000000 676.000000 222.000000 1.710369 0.654472 0.901285 1.764186 1.157637 20.387318 -1.531394 0.525911
Pedestrian -1 -1 -10 192.000000 204.000000 259.000000 336.000000 1.687168 0.633239 0.722162 -3.666029 1.865130 6.927250 0.064312 0.515084
Pedestrian -1 -1 -10 177.000000 203.000000 207.000000 291.000000 1.706105 0.647170 0.688960 -5.883122 1.846820 10.177512 -0.064246 0.356704
Pedestrian -1 -1 -10 179.000000 202.000000 231.000000 302.000000 1.728975 0.726613 0.663279 -5.819737 1.897620 10.138591 0.036392 0.230824
Cyclist -1 -1 -10 652.000000 165.000000 681.000000 221.000000 1.732907 0.653479 1.739055 1.719306 1.180764 20.656470 -2.064848 0.302878
Cyclist -1 -1 -10 679.000000 160.000000 724.000000 223.000000 1.779152 0.557085 1.679832 2.900738 1.022306 22.349958 -0.188949 0.298948
Cyclist -1 -1 -10 -2.000000 221.000000 219.000000 372.000000 1.657695 0.734193 1.752873 -2.819273 1.888458 4.245026 1.530807 0.204173
Cyclist -1 -1 -10 150.000000 220.000000 331.000000 373.000000 1.638690 0.518782 1.676485 -2.474588 1.767106 4.596387 -1.506737 0.154119
Cyclist -1 -1 -10 194.000000 205.000000 280.000000 346.000000 1.698460 0.656418 1.595368 -2.378564 1.598949 4.741115 -2.004133 0.038305
Cyclist -1 -1 -10 0.000000 225.000000 101.000000 368.000000 1.729655 0.591111 1.497715 -3.972859 1.582314 5.224827 2.456894 0.032275
Cyclist -1 -1 -10 222.000000 209.000000 311.000000 331.000000 1.723053 0.535338 1.574754 -2.468066 1.480555 5.361661 -1.426325 0.020328
Cyclist -1 -1 -10 183.000000 204.000000 246.000000 314.000000 1.699283 0.549526 1.596821 -5.824164 1.692350 10.872586 -2.644976 0.011761
