Car -1 -1 -10 631.000000 179.000000 678.000000 217.000000 1.456488 1.648361 3.955313 1.860055 1.844484 32.013265 -1.642664 0.998480
Car -1 -1 -10 94.000000 162.000000 350.000000 278.000000 1.641819 1.658650 3.979998 -6.998680 1.696712 12.442842 -3.227167 0.993664
Car -1 -1 -10 923.000000 188.000000 1254.000000 340.000000 1.541328 1.615596 3.865562 6.078269 1.776468 8.495494 0.072614 0.983937
Car -1 -1 -10 789.000000 185.000000 1051.000000 276.000000 1.571191 1.607756 4.055124 5.978185 1.790368 13.613037 3.073458 0.982696
Car -1 -1 -10 750.000000 173.000000 928.000000 255.000000 1.638539 1.631624 4.026709 5.530481 1.838708 16.487521 -0.048640 0.980856
Car -1 -1 -10 0.000000 182.000000 210.000000 361.000000 1.450933 1.578007 3.695176 -5.979777 1.577493 7.879791 -3.089239 0.974042
Car -1 -1 -10 363.000000 179.000000 483.000000 221.000000 1.487248 1.567325 4.046773 -6.967984 1.705087 26.116843 -3.231398 0.973590
Car -1 -1 -10 884.000000 185.000000 1118.000000 294.000000 1.486576 1.588516 3.896263 6.368835 1.763647 10.792244 -0.058018 0.682358
Car -1 -1 -10 1080.000000 194.000000 1242.000000 360.000000 1.494445 1.617911 3.889857 5.980068 1.701271 5.426910 0.058267 0.590546
Car -1 -1 -10 616.000000 176.000000 651.000000 202.000000 1.571275 1.606796 3.855172 1.611200 1.876906 47.095882 1.531435 0.107988
Car -1 -1 -10 1.000000 192.000000 89.000000 372.000000 1.486569 1.603666 3.961568 -6.230104 1.721506 4.931481 -3.158935 0.028105
Cyclist -1 -1 -10 497.000000 174.000000 525.000000 230.000000 1.684261 0.564199 1.686228 -3.294255 1.861984 23.965880 1.602641 0.979358
Cyclist -1 -1 -10 480.000000 176.000000 526.000000 209.000000 1.806599 0.692461 1.754602 -6.086943 1.769260 38.980486 -0.157572 0.024431
