Pedestrian -1 -1 -10 603.000000 159.000000 680.000000 297.000000 1.776933 0.594990 1.059569 0.423843 1.527782 8.898863 0.168928 0.999280
Pedestrian -1 -1 -10 642.000000 164.000000 661.000000 215.000000 1.770871 0.568938 0.473645 1.160176 1.021482 17.015987 -0.997807 0.025059
Pedestrian -1 -1 -10 631.000000 165.000000 666.000000 224.000000 1.773226 0.687424 0.834810 0.998794 1.339634 17.403037 0.214866 0.021435
Pedestrian -1 -1 -10 646.000000 175.000000 657.000000 212.000000 1.676749 0.568510 0.719660 1.301515 1.114673 17.481191 0.688991 0.013883
Pedestrian -1 -1 -10 620.000000 166.000000 677.000000 250.000000 1.762425 0.724507 0.811270 0.936127 1.461730 13.516294 1.558063 0.013819
Pedestrian -1 -1 -10 653.000000 168.000000 663.000000 211.000000 1.718202 0.584754 0.605538 1.252939 1.206880 17.600285 -0.963366 0.010415
Cyclist -1 -1 -10 652.000000 170.000000 664.000000 211.000000 1.695053 0.564728 1.602242 1.245259 1.191692 17.799392 -1.504445 0.028264
Cyclist -1 -1 -10 606.000000 157.000000 679.000000 297.000000 1.738874 0.616267 1.743460 0.497962 1.472097 8.912704 0.121629 0.026177
Cyclist -1 -1 -10 643.000000 174.000000 674.000000 211.000000 1.708824 0.545002 1.636219 1.423176 1.188460 17.946931 -1.965097 0.023660
Cyclist -1 -1 -10 648.000000 170.000000 659.000000 210.000000 1.697927 0.550260 1.557474 1.142269 1.067497 17.617039 -1.517308 0.013347
