Pedestrian -1 -1 -10 767.000000 162.000000 812.000000 286.000000 1.603404 0.592633 0.742375 2.590487 1.412857 9.841293 0.838831 0.990972
Pedestrian -1 -1 -10 649.000000 160.000000 670.000000 223.000000 1.742046 0.640268 0.848156 1.514404 1.236685 19.103465 1.203595 0.278163
Pedestrian -1 -1 -10 756.000000 183.000000 792.000000 281.000000 1.659860 0.595553 0.663677 2.447575 1.582149 9.929885 -1.900900 0.112587
Pedestrian -1 -1 -10 492.000000 161.000000 502.000000 191.000000 1.740478 0.615512 0.836478 -7.010119 0.479557 47.669211 -2.082838 0.085713
Pedestrian -1 -1 -10 521.000000 161.000000 530.000000 189.000000 1.803137 0.660655 0.751350 -5.350818 0.482239 49.824936 1.080024 0.043559
Pedestrian -1 -1 -10 761.000000 158.000000 779.000000 228.000000 1.696413 0.567809 0.616424 3.251933 1.169007 13.448109 2.860863 0.036852
Pedestrian -1 -1 -10 442.000000 159.000000 453.000000 196.000000 1.778045 0.637028 0.808185 -8.433368 0.635747 39.176410 -1.788367 0.019681
Pedestrian -1 -1 -10 -7.000000 189.000000 188.000000 373.000000 1.739272 0.667052 0.678078 -2.580922 1.995998 3.345346 -2.351303 0.019484
Pedestrian -1 -1 -10 475.000000 159.000000 484.000000 190.000000 1.775708 0.644916 0.815809 -8.320494 0.487962 49.625083 -1.844514 0.012899
Pedestrian -1 -1 -10 453.000000 163.000000 479.000000 224.000000 1.673630 0.729044 0.592801 -3.847798 1.205359 20.283181 1.493762 0.011209
Car -1 -1 -10 962.000000 158.000000 1198.000000 239.000000 1.684700 1.680557 4.087759 10.251876 1.072614 16.427097 -1.497114 0.974293
Car -1 -1 -10 1.000000 195.000000 181.000000 376.000000 1.505056 1.583885 3.610776 -3.057921 1.628346 2.189747 1.613888 0.681708
Car -1 -1 -10 1112.000000 165.000000 1234.000000 250.000000 1.491531 1.596297 4.030450 10.359438 0.855347 11.202004 -0.218882 0.014988
Car -1 -1 -10 1143.000000 296.000000 1232.000000 357.000000 1.539959 1.595027 3.827044 5.603596 1.752080 4.824252 -0.296038 0.014981
Cyclist -1 -1 -10 451.000000 162.000000 480.000000 227.000000 1.749410 0.594359 1.733995 -3.895130 1.305660 20.207991 1.449712 0.999381
Cyclist -1 -1 -10 401.000000 163.000000 437.000000 240.000000 1.764388 0.600071 1.774368 -4.536629 1.343693 17.545457 1.517715 0.999264
