Pedestrian -1 -1 -10 737.000000 155.000000 779.000000 256.000000 1.774742 0.674764 0.800864 2.645974 1.307104 12.466752 1.293562 0.997058
Pedestrian -1 -1 -10 57.000000 186.000000 115.000000 326.000000 1.734004 0.702363 0.648297 -7.569645 1.603680 10.467731 -1.748001 0.893203
Pedestrian -1 -1 -10 552.000000 169.000000 569.000000 222.000000 1.737878 0.603319 0.663810 -1.468040 1.805309 25.802388 -1.705693 0.136476
Pedestrian -1 -1 -10 535.000000 170.000000 552.000000 222.000000 1.659411 0.591143 0.990127 -2.151451 1.300881 25.699009 -1.747266 0.129633
Pedestrian -1 -1 -10 1080.000000 40.000000 1146.000000 231.000000 1.715234 0.542015 0.601548 7.044707 1.208106 9.435539 3.603634 0.101033
Pedestrian -1 -1 -10 729.000000 165.000000 763.000000 240.000000 1.780587 0.606479 0.608600 2.811537 1.313739 14.151608 1.350526 0.071078
Pedestrian -1 -1 -10 495.000000 172.000000 503.000000 203.000000 1.704437 0.579927 0.750006 -5.898698 1.204229 41.681527 -1.861363 0.027799
Car -1 -1 -10 2.000000 194.000000 345.000000 372.000000 1.507018 1.615177 3.923947 -3.993522 1.662625 6.955623 1.562732 0.998747
Car -1 -1 -10 34.000000 192.000000 129.000000 326.000000 1.488448 1.607425 3.795011 -7.744324 1.558425 10.905776 0.510312 0.023123
Cyclist -1 -1 -10 1.000000 209.000000 48.000000 305.000000 1.641163 0.519680 1.594405 -8.787626 1.933165 10.897791 0.380716 0.012578
