Car -1 -1 -10 393.000000 192.000000 467.000000 238.000000 1.493537 1.558277 3.725202 -6.225918 2.210882 25.594008 1.628893 0.998084
Car -1 -1 -10 656.000000 177.000000 710.000000 217.000000 1.503475 1.623013 3.901472 2.806962 1.668831 29.229640 -1.616398 0.994986
Car -1 -1 -10 437.000000 190.000000 495.000000 226.000000 1.462467 1.544595 3.815921 -6.142285 2.231432 31.072858 1.572666 0.989715
Car -1 -1 -10 89.000000 203.000000 187.000000 241.000000 1.520045 1.607745 3.732169 -20.785179 2.900220 32.159475 -1.537368 0.937089
Car -1 -1 -10 1018.000000 136.000000 1116.000000 180.000000 2.097299 1.746392 4.340616 24.578805 0.375240 39.022455 -1.661932 0.892018
Car -1 -1 -10 49.000000 208.000000 129.000000 242.000000 1.525826 1.620124 3.735925 -23.713643 3.036933 32.852428 -1.560290 0.763305
Car -1 -1 -10 -1.000000 209.000000 80.000000 247.000000 1.470372 1.587436 3.707468 -25.936587 3.226259 32.988496 -1.661859 0.753832
Car -1 -1 -10 160.000000 204.000000 250.000000 240.000000 1.566205 1.581034 3.754516 -17.859573 3.154680 31.820468 -1.459478 0.484441
Car -1 -1 -10 473.000000 182.000000 514.000000 214.000000 1.622534 1.606784 3.741692 -6.366558 2.213480 39.245084 1.531031 0.167210
Car -1 -1 -10 489.000000 184.000000 529.000000 209.000000 1.561123 1.604538 3.810531 -6.562809 2.222882 45.343854 1.615375 0.027845
