Pedestrian -1 -1 -10 637.000000 167.000000 654.000000 200.000000 1.744569 0.667182 0.867409 2.064763 1.500587 39.842983 -1.945319 0.210131
Pedestrian -1 -1 -10 630.000000 170.000000 641.000000 201.000000 1.790575 0.636179 0.760406 1.356107 1.570360 41.612031 3.122972 0.191386
Pedestrian -1 -1 -10 624.000000 170.000000 636.000000 200.000000 1.769005 0.675588 0.910226 1.213696 1.594307 41.596812 -1.498340 0.020188
Car -1 -1 -10 516.000000 176.000000 556.000000 211.000000 1.568648 1.593047 3.891485 -3.514447 1.695746 33.912093 -1.636697 0.998122
Car -1 -1 -10 579.000000 174.000000 606.000000 200.000000 1.596945 1.636663 3.925505 -1.222714 1.658631 46.562774 1.483604 0.997911
Car -1 -1 -10 403.000000 184.000000 447.000000 210.000000 1.542712 1.620405 3.916144 -10.658380 2.093580 41.939011 1.535100 0.975467
Car -1 -1 -10 53.000000 167.000000 264.000000 268.000000 1.811038 1.621615 3.775736 -9.625548 1.778340 15.957087 1.525472 0.813069
Car -1 -1 -10 427.000000 181.000000 465.000000 207.000000 1.509870 1.598260 3.676303 -8.133871 2.341299 38.700127 0.772434 0.015072
Cyclist -1 -1 -10 633.000000 168.000000 655.000000 201.000000 1.747323 0.594682 1.764274 1.901693 1.484192 40.016667 -2.085511 0.602735
Cyclist -1 -1 -10 629.000000 169.000000 645.000000 200.000000 1.750336 0.626141 1.732745 1.756966 1.556254 41.475026 1.131658 0.072088
Cyclist -1 -1 -10 642.000000 167.000000 653.000000 197.000000 1.685104 0.669717 1.707386 1.903280 1.292608 40.074975 3.161073 0.013231
