Car -1 -1 -10 635.000000 172.000000 671.000000 201.000000 1.536927 1.592931 3.903759 2.457589 1.577878 40.547357 -1.564201 0.998813
Car -1 -1 -10 780.000000 182.000000 1129.000000 371.000000 1.449624 1.594291 3.683663 2.827765 1.667289 6.739420 -1.560350 0.997853
Car -1 -1 -10 207.000000 173.000000 414.000000 253.000000 1.707064 1.657424 4.213811 -6.724323 1.588312 14.827459 -3.283718 0.990915
Car -1 -1 -10 -3.000000 168.000000 332.000000 311.000000 1.652047 1.619530 4.074073 -6.122496 1.634999 9.314565 0.000015 0.990519
Car -1 -1 -10 740.000000 176.000000 866.000000 228.000000 1.543660 1.564602 3.960365 6.030897 1.680216 22.327408 3.055924 0.985402
Car -1 -1 -10 290.000000 160.000000 451.000000 234.000000 1.726564 1.656458 4.030474 -6.976081 1.640454 20.913918 -3.294155 0.965458
Car -1 -1 -10 783.000000 176.000000 904.000000 243.000000 1.520802 1.564940 3.703919 5.973266 1.624810 17.348043 -0.111083 0.963040
Car -1 -1 -10 718.000000 171.000000 821.000000 219.000000 1.701855 1.643406 4.017865 5.614357 1.654590 25.518378 2.977789 0.658816
Car -1 -1 -10 420.000000 172.000000 523.000000 205.000000 1.492728 1.536947 3.767001 -6.348123 1.510724 34.721913 -0.070193 0.267308
Car -1 -1 -10 -3.000000 176.000000 188.000000 368.000000 1.495592 1.583216 3.981239 -6.215819 1.526492 6.949946 0.280123 0.246126
Car -1 -1 -10 804.000000 175.000000 979.000000 255.000000 1.502133 1.630078 3.936459 6.061548 1.541154 14.632177 -0.112862 0.212804
Car -1 -1 -10 830.000000 168.000000 1149.000000 289.000000 1.721606 1.648781 4.259860 6.216898 1.767897 12.092589 -0.018271 0.195059
Cyclist -1 -1 -10 541.000000 169.000000 559.000000 203.000000 1.742035 0.586053 1.768568 -3.036220 1.506524 36.478057 1.550723 0.340125
