Pedestrian -1 -1 -10 824.000000 159.000000 863.000000 266.000000 1.610346 0.635553 0.677871 3.589180 1.220329 10.755265 1.418366 0.991649
Pedestrian -1 -1 -10 552.000000 152.000000 561.000000 184.000000 1.779731 0.604124 0.787872 -2.832673 0.062777 43.715988 -2.140855 0.099736
Pedestrian -1 -1 -10 610.000000 153.000000 619.000000 179.000000 1.773251 0.665029 0.811428 0.997307 -0.147242 51.028517 -1.171082 0.077406
Pedestrian -1 -1 -10 532.000000 152.000000 543.000000 187.000000 1.849008 0.638024 0.808425 -3.629357 0.174087 40.452661 -1.630319 0.060465
Pedestrian -1 -1 -10 952.000000 147.000000 992.000000 271.000000 1.778484 0.621912 0.718546 5.517557 1.309790 10.722139 2.986628 0.029317
Pedestrian -1 -1 -10 819.000000 169.000000 843.000000 259.000000 1.683280 0.612588 0.624024 3.509255 0.870456 10.681497 2.832462 0.026240
Pedestrian -1 -1 -10 614.000000 152.000000 622.000000 179.000000 1.751396 0.655100 0.819257 1.151929 -0.214571 49.577197 1.192089 0.021943
Pedestrian -1 -1 -10 941.000000 149.000000 974.000000 265.000000 1.683280 0.612588 0.624024 5.332428 1.023499 10.744739 2.983499 0.019780
Pedestrian -1 -1 -10 890.000000 147.000000 927.000000 230.000000 1.774861 0.668195 0.719363 7.138221 1.318817 16.804823 -0.753725 0.018998
Pedestrian -1 -1 -10 841.000000 162.000000 865.000000 251.000000 1.708062 0.571338 0.637138 4.587487 1.062678 12.769861 1.459118 0.013993
Pedestrian -1 -1 -10 619.000000 152.000000 624.000000 181.000000 1.804207 0.581144 0.880780 1.407321 -0.102222 49.211843 1.057265 0.010858
Cyclist -1 -1 -10 388.000000 157.000000 464.000000 295.000000 1.709124 0.575996 1.740704 -2.354326 1.398333 9.717064 1.639546 0.999570
Cyclist -1 -1 -10 234.000000 148.000000 371.000000 359.000000 1.746233 0.585727 1.773362 -2.860781 1.437919 6.937190 1.596903 0.999566
