Car -1 -1 -10 780.000000 181.000000 1105.000000 358.000000 1.491153 1.656861 3.917412 3.324767 1.663685 8.017563 -1.597067 0.999474
Car -1 -1 -10 193.000000 194.000000 391.000000 290.000000 1.482339 1.645448 4.118059 -5.742446 1.981436 13.869606 1.612225 0.999089
Car -1 -1 -10 724.000000 178.000000 871.000000 274.000000 1.528218 1.657762 3.989523 3.294498 1.628708 13.516016 -1.559498 0.998767
Car -1 -1 -10 685.000000 181.000000 745.000000 229.000000 1.449126 1.554009 3.752539 3.429276 1.702257 23.346874 1.530723 0.997903
Car -1 -1 -10 443.000000 186.000000 503.000000 226.000000 1.588570 1.626298 4.012257 -5.590611 2.084264 28.768208 1.701598 0.995182
Car -1 -1 -10 352.000000 190.000000 447.000000 252.000000 1.513212 1.547835 3.734691 -5.748407 2.015446 19.726106 1.590701 0.995032
Car -1 -1 -10 667.000000 181.000000 719.000000 219.000000 1.528298 1.629090 3.976421 3.412100 1.829812 29.285366 -1.636612 0.953618
Car -1 -1 -10 1030.000000 152.000000 1243.000000 271.000000 1.561581 1.568530 4.111827 8.477938 1.268440 9.494508 3.274314 0.925231
Car -1 -1 -10 -1.000000 212.000000 170.000000 373.000000 1.466038 1.610619 3.880298 -5.945415 1.912544 6.618671 1.556230 0.866143
Car -1 -1 -10 651.000000 179.000000 693.000000 209.000000 1.511859 1.597996 3.797253 3.209574 1.884010 37.764666 -1.584651 0.678256
Car -1 -1 -10 6.000000 189.000000 136.000000 239.000000 1.503273 1.555787 3.851163 -14.621781 1.874036 19.174160 -0.093758 0.398380
Car -1 -1 -10 500.000000 180.000000 536.000000 206.000000 1.568175 1.600173 3.924081 -5.436189 2.125028 43.839114 1.849539 0.196128
