Car -1 -1 -10 241.000000 199.000000 438.000000 316.000000 1.479163 1.571376 3.698585 -3.874294 1.916176 10.916077 1.579810 0.999078
Car -1 -1 -10 656.000000 181.000000 711.000000 224.000000 1.442579 1.607102 3.803429 2.589036 1.803361 26.104242 -1.587199 0.998703
Car -1 -1 -10 817.000000 164.000000 1024.000000 227.000000 1.560686 1.718521 4.348808 8.110318 1.394540 19.199077 3.150300 0.998428
Car -1 -1 -10 478.000000 185.000000 516.000000 211.000000 1.576075 1.594719 3.929168 -6.268293 2.315805 41.645694 1.821282 0.980330
Car -1 -1 -10 415.000000 184.000000 484.000000 229.000000 1.594733 1.585857 3.810909 -6.844103 2.196724 28.664220 1.694831 0.975780
Car -1 -1 -10 -3.000000 213.000000 268.000000 377.000000 1.485064 1.634083 3.959364 -3.559790 1.741371 4.053970 1.536348 0.969014
Car -1 -1 -10 325.000000 194.000000 415.000000 255.000000 1.490185 1.575095 3.786709 -6.450496 2.105206 19.817681 1.591054 0.447162
Car -1 -1 -10 1043.000000 123.000000 1240.000000 367.000000 1.529700 1.642388 3.868131 3.843447 1.088559 3.308126 -0.321037 0.242233
Car -1 -1 -10 800.000000 162.000000 930.000000 216.000000 1.556877 1.619936 3.839538 7.754891 1.291847 22.269308 3.073349 0.201783
Car -1 -1 -10 939.000000 158.000000 1024.000000 191.000000 1.607483 1.676190 4.213002 21.001393 0.792965 39.872512 -0.122681 0.142930
Car -1 -1 -10 755.000000 166.000000 870.000000 209.000000 1.564242 1.626597 3.917202 7.944063 1.346413 28.431203 3.088124 0.135962
Car -1 -1 -10 981.000000 152.000000 1103.000000 187.000000 1.545029 1.632743 4.011338 22.181021 0.654014 37.870465 0.137798 0.066891
Cyclist -1 -1 -10 1057.000000 120.000000 1237.000000 366.000000 1.687323 0.525598 1.601366 2.652781 1.169196 3.175458 1.558551 0.420976
Cyclist -1 -1 -10 0.000000 214.000000 264.000000 377.000000 1.636911 0.628677 1.824040 -3.090400 1.769982 4.241442 -1.643360 0.024811
