Car -1 -1 -10 686.000000 183.000000 807.000000 265.000000 1.487468 1.645040 4.085978 2.668259 1.677233 15.235031 -1.621233 0.999377
Car -1 -1 -10 -8.000000 191.000000 309.000000 302.000000 1.488911 1.571493 3.896315 -6.499899 1.675354 10.958783 -3.189453 0.996256
Car -1 -1 -10 273.000000 184.000000 470.000000 244.000000 1.514492 1.638444 4.142878 -5.848142 1.847415 19.087712 0.020307 0.996137
Car -1 -1 -10 664.000000 180.000000 725.000000 220.000000 1.465763 1.625100 4.026405 3.038841 1.692911 26.101152 -1.583407 0.993148
Car -1 -1 -10 824.000000 202.000000 1256.000000 375.000000 1.473272 1.586628 3.762665 3.045730 1.785004 5.356383 -1.629898 0.957556
Car -1 -1 -10 643.000000 171.000000 678.000000 199.000000 1.589435 1.649965 3.989451 3.191245 1.640417 45.487403 -1.600757 0.947076
Car -1 -1 -10 113.000000 184.000000 367.000000 276.000000 1.568851 1.612063 3.958687 -6.624756 1.730699 13.303957 0.005225 0.923530
Car -1 -1 -10 4.000000 195.000000 159.000000 353.000000 1.456465 1.639448 4.006809 -5.979801 1.750299 6.916979 1.429361 0.699016
Car -1 -1 -10 359.000000 173.000000 465.000000 224.000000 1.499681 1.570830 3.954007 -5.775425 1.675662 21.044413 0.713002 0.345163
Car -1 -1 -10 422.000000 179.000000 511.000000 217.000000 1.589317 1.605578 3.804858 -5.578820 1.688696 29.735371 -2.999977 0.038490
Car -1 -1 -10 478.000000 176.000000 542.000000 203.000000 1.557238 1.589422 3.778466 -4.836265 1.252126 40.711829 -0.748569 0.037034
