Pedestrian -1 -1 -10 572.000000 161.000000 601.000000 263.000000 1.764336 0.577544 0.833214 -0.307503 1.405420 12.694672 -0.624068 0.996478
Pedestrian -1 -1 -10 863.000000 143.000000 925.000000 290.000000 1.722896 0.701032 0.978006 3.561213 1.240625 8.840630 -1.572244 0.994909
Pedestrian -1 -1 -10 459.000000 160.000000 498.000000 262.000000 1.804699 0.694325 0.911637 -2.230775 1.400148 13.093368 1.822244 0.994430
Pedestrian -1 -1 -10 736.000000 144.000000 802.000000 304.000000 1.766038 0.615298 0.858213 1.990992 1.408115 8.914738 2.813464 0.974922
Pedestrian -1 -1 -10 559.000000 165.000000 577.000000 218.000000 1.720397 0.601098 0.822158 -1.179509 1.151037 24.197500 -1.576656 0.628614
Pedestrian -1 -1 -10 534.000000 166.000000 552.000000 214.000000 1.643186 0.647321 0.690428 -1.981437 0.998758 25.827568 -2.038292 0.252963
Pedestrian -1 -1 -10 508.000000 167.000000 541.000000 241.000000 1.725358 0.775906 0.594025 -1.790939 1.390223 16.438438 1.512588 0.166909
Pedestrian -1 -1 -10 295.000000 161.000000 334.000000 296.000000 1.735598 0.598669 0.611455 -4.431146 1.439418 11.195046 -1.999572 0.145857
Pedestrian -1 -1 -10 482.000000 165.000000 504.000000 233.000000 1.683280 0.612588 0.624024 -3.644130 1.428916 25.197176 2.373205 0.127520
Pedestrian -1 -1 -10 490.000000 166.000000 505.000000 214.000000 1.782206 0.666671 0.787295 -4.259356 1.209756 29.385011 1.614390 0.049291
Pedestrian -1 -1 -10 384.000000 183.000000 412.000000 258.000000 1.735766 0.636188 0.704002 -4.046491 1.743292 14.014865 0.291908 0.037771
Pedestrian -1 -1 -10 840.000000 157.000000 853.000000 205.000000 1.699987 0.671401 0.709537 5.969643 1.025971 17.007899 -0.762862 0.036441
Pedestrian -1 -1 -10 814.000000 149.000000 833.000000 221.000000 1.707137 0.565032 0.654830 5.341600 0.963228 17.542379 -0.296023 0.032027
Pedestrian -1 -1 -10 445.000000 175.000000 481.000000 259.000000 1.743390 0.587608 0.771209 -2.712473 1.549625 13.768345 2.404627 0.029609
Pedestrian -1 -1 -10 861.000000 148.000000 896.000000 255.000000 1.771145 0.603615 0.770308 3.453303 1.097614 9.020158 -1.812904 0.028477
Pedestrian -1 -1 -10 581.000000 164.000000 606.000000 234.000000 1.714483 0.529349 0.601219 0.185054 1.427840 14.840228 2.973629 0.026323
Pedestrian -1 -1 -10 505.000000 164.000000 520.000000 206.000000 1.713874 0.594526 0.690619 -3.713608 0.965438 29.467165 1.450773 0.026116
Pedestrian -1 -1 -10 354.000000 179.000000 376.000000 260.000000 1.705616 0.610267 0.673630 -4.444584 1.669334 13.541495 -1.443406 0.025215
Pedestrian -1 -1 -10 524.000000 167.000000 549.000000 207.000000 1.677991 0.631806 0.691424 -2.089156 1.057912 25.862643 -2.080071 0.020149
Pedestrian -1 -1 -10 865.000000 151.000000 886.000000 224.000000 1.681180 0.530879 0.576810 4.530309 1.677518 12.204599 0.906421 0.014597
Cyclist -1 -1 -10 506.000000 168.000000 542.000000 243.000000 1.709692 0.549782 1.716697 -1.825876 1.364729 16.297265 1.560408 0.995591
Cyclist -1 -1 -10 723.000000 147.000000 817.000000 303.000000 1.716097 0.530507 1.817406 2.064820 1.408775 8.900065 1.335016 0.708886
Cyclist -1 -1 -10 649.000000 161.000000 687.000000 224.000000 1.711355 0.589093 1.546571 1.910785 1.670216 20.243653 1.105082 0.159568
Cyclist -1 -1 -10 531.000000 165.000000 555.000000 215.000000 1.771312 0.637288 1.752697 -2.148340 1.131156 25.885835 1.491567 0.059642
Cyclist -1 -1 -10 519.000000 168.000000 546.000000 221.000000 1.767332 0.651621 1.581534 -2.396978 1.183736 26.078266 0.852562 0.018990
Cyclist -1 -1 -10 486.000000 166.000000 505.000000 221.000000 1.826774 0.526398 1.696569 -4.344022 1.231743 29.559882 -2.654284 0.017420
Cyclist -1 -1 -10 466.000000 163.000000 503.000000 255.000000 1.770865 0.633363 1.735537 -2.339804 1.401388 13.186429 1.016414 0.011057
