Pedestrian -1 -1 -10 814.000000 173.000000 822.000000 218.000000 1.796263 0.636947 0.703292 12.569753 1.527164 43.425968 -1.837503 0.045713
Pedestrian -1 -1 -10 804.000000 175.000000 817.000000 224.000000 1.661291 0.545000 0.601618 12.494256 1.498922 44.600350 2.788531 0.037331
Pedestrian -1 -1 -10 798.000000 177.000000 812.000000 226.000000 1.605646 0.604537 0.660506 3.913178 0.843897 14.188025 0.333148 0.022000
Pedestrian -1 -1 -10 793.000000 177.000000 808.000000 225.000000 1.712518 0.557503 0.606403 4.241332 1.420308 14.739553 0.818091 0.019706
Pedestrian -1 -1 -10 787.000000 177.000000 802.000000 227.000000 1.697974 0.606895 0.590047 4.147150 1.283109 14.949547 -0.695012 0.012529
Car -1 -1 -10 451.000000 185.000000 525.000000 233.000000 1.494001 1.572189 3.624584 -4.055453 1.945273 24.920409 1.607348 0.999140
Car -1 -1 -10 755.000000 182.000000 887.000000 269.000000 1.531446 1.611252 3.530931 4.110026 1.766174 14.736386 -1.627603 0.995736
Car -1 -1 -10 815.000000 193.000000 1101.000000 348.000000 1.486709 1.645689 4.058890 3.976702 1.841675 9.152043 -1.541871 0.994821
Car -1 -1 -10 726.000000 183.000000 810.000000 243.000000 1.484042 1.622047 3.881806 4.194259 1.810536 19.916806 -1.523605 0.994011
Car -1 -1 -10 707.000000 181.000000 767.000000 227.000000 1.525681 1.586095 3.771900 4.378090 1.868565 25.551625 -1.535954 0.990740
Car -1 -1 -10 494.000000 184.000000 546.000000 221.000000 1.508860 1.590636 3.871030 -3.768103 2.017362 30.814056 1.618710 0.971757
Car -1 -1 -10 690.000000 180.000000 740.000000 217.000000 1.527163 1.624544 4.023190 4.440141 1.886984 30.791193 -1.545288 0.927152
Car -1 -1 -10 1006.000000 197.000000 1238.000000 371.000000 1.535380 1.618856 3.809366 3.622161 1.645250 3.040730 1.517422 0.638578
Car -1 -1 -10 519.000000 185.000000 560.000000 214.000000 1.477263 1.581976 3.871039 -3.528200 1.987913 35.789487 1.583708 0.262170
Car -1 -1 -10 1124.000000 175.000000 1220.000000 230.000000 1.488401 1.572286 3.954739 18.136855 1.914738 22.705845 -0.253124 0.090220
Car -1 -1 -10 686.000000 179.000000 721.000000 208.000000 1.524239 1.504203 3.205062 4.278264 2.544595 37.675009 1.711733 0.081874
Cyclist -1 -1 -10 968.000000 179.000000 1056.000000 238.000000 1.715565 0.671317 1.589283 12.280474 1.605184 22.342105 0.024141 0.036334
