0.000000 1.000000 1.000000 1.000000
0.025000 1.000000 0.980676 0.975089
0.050000 0.982222 0.975369 0.971681
0.075000 0.982222 0.972039 0.971681
0.100000 0.979933 0.970501 0.971681
0.125000 0.979167 0.970501 0.962781
0.150000 0.979167 0.968878 0.955814
0.175000 0.979167 0.962963 0.952854
0.200000 0.979167 0.958713 0.950173
0.225000 0.979167 0.953763 0.946319
0.250000 0.979167 0.953095 0.943367
0.275000 0.979167 0.950044 0.943367
0.300000 0.976562 0.947875 0.942094
0.325000 0.975232 0.945716 0.942094
0.350000 0.974187 0.942883 0.939290
0.375000 0.971480 0.942883 0.936446
0.400000 0.970833 0.942883 0.934769
0.425000 0.968677 0.940817 0.933480
0.450000 0.967456 0.940817 0.930404
0.475000 0.965059 0.939478 0.929324
0.500000 0.961030 0.935392 0.926640
0.525000 0.960938 0.934689 0.924065
0.550000 0.960938 0.932616 0.920330
0.575000 0.956522 0.931701 0.914153
0.600000 0.955616 0.928123 0.906935
0.625000 0.955533 0.926770 0.900631
0.650000 0.955533 0.923507 0.892312
0.675000 0.951503 0.919087 0.882108
0.700000 0.951264 0.914717 0.868296
0.725000 0.951264 0.905630 0.849055
0.750000 0.949064 0.893916 0.820641
0.775000 0.946241 0.883869 0.766579
0.800000 0.945144 0.866832 0.618477
0.825000 0.941870 0.841274 0.600849
0.850000 0.933862 0.805559 0.000000
0.875000 0.922742 0.710662 0.000000
0.900000 0.888889 0.545632 0.000000
0.925000 0.827130 0.000000 0.000000
0.950000 0.588411 0.000000 0.000000
0.975000 0.512953 0.000000 0.000000
1.000000 0.000000 0.000000 0.000000
