0.000000 1.000000 1.000000 1.000000
0.025000 1.000000 0.971014 0.958763
0.050000 0.980132 0.938095 0.917492
0.075000 0.977778 0.915607 0.916574
0.100000 0.963816 0.915607 0.909544
0.125000 0.952880 0.912118 0.897973
0.150000 0.947826 0.906035 0.890092
0.175000 0.946915 0.897786 0.886427
0.200000 0.946915 0.891022 0.883206
0.225000 0.946915 0.887444 0.877936
0.250000 0.945626 0.884305 0.874322
0.275000 0.945626 0.882688 0.872901
0.300000 0.939785 0.880074 0.872713
0.325000 0.939227 0.875256 0.869268
0.350000 0.939227 0.874128 0.862891
0.375000 0.937231 0.873964 0.859323
0.400000 0.934940 0.870166 0.856613
0.425000 0.933485 0.869802 0.854079
0.450000 0.931721 0.866960 0.850517
0.475000 0.926421 0.862212 0.846804
0.500000 0.925525 0.857765 0.841830
0.525000 0.925500 0.854869 0.831936
0.550000 0.921614 0.851248 0.821302
0.575000 0.919186 0.848156 0.809762
0.600000 0.918605 0.842424 0.795790
0.625000 0.918605 0.835823 0.776519
0.650000 0.914894 0.826712 0.747822
0.675000 0.910524 0.806799 0.703155
0.700000 0.910515 0.787234 0.570812
0.725000 0.907878 0.759409 0.514221
0.750000 0.901199 0.717043 0.000000
0.775000 0.896895 0.627080 0.000000
0.800000 0.888464 0.459997 0.000000
0.825000 0.873588 0.000000 0.000000
0.850000 0.846233 0.000000 0.000000
0.875000 0.765804 0.000000 0.000000
0.900000 0.610787 0.000000 0.000000
0.925000 0.444613 0.000000 0.000000
0.950000 0.000000 0.000000 0.000000
0.975000 0.000000 0.000000 0.000000
1.000000 0.000000 0.000000 0.000000
