0.000000 1.000000 1.000000 1.000000
0.025000 1.000000 1.000000 1.000000
0.050000 1.000000 1.000000 1.000000
0.075000 1.000000 1.000000 1.000000
0.100000 1.000000 1.000000 1.000000
0.125000 1.000000 1.000000 1.000000
0.150000 1.000000 1.000000 1.000000
0.175000 1.000000 1.000000 1.000000
0.200000 1.000000 1.000000 1.000000
0.225000 1.000000 1.000000 1.000000
0.250000 1.000000 1.000000 1.000000
0.275000 1.000000 1.000000 1.000000
0.300000 1.000000 1.000000 1.000000
0.325000 1.000000 1.000000 1.000000
0.350000 1.000000 1.000000 1.000000
0.375000 1.000000 1.000000 0.999757
0.400000 1.000000 1.000000 0.999571
0.425000 1.000000 1.000000 0.999571
0.450000 1.000000 1.000000 0.999392
0.475000 1.000000 1.000000 0.998849
0.500000 1.000000 0.999758 0.998361
0.525000 1.000000 0.999758 0.998266
0.550000 1.000000 0.999559 0.997024
0.575000 1.000000 0.999559 0.995735
0.600000 1.000000 0.999366 0.994707
0.625000 1.000000 0.998985 0.992612
0.650000 1.000000 0.998310 0.988075
0.675000 1.000000 0.998310 0.984828
0.700000 1.000000 0.997647 0.980954
0.725000 1.000000 0.996336 0.976653
0.750000 1.000000 0.994444 0.971064
0.775000 1.000000 0.992520 0.962174
0.800000 1.000000 0.986535 0.952640
0.825000 0.999595 0.982461 0.935554
0.850000 0.999595 0.976232 0.911572
0.875000 0.997256 0.966078 0.863301
0.900000 0.995813 0.950261 0.712670
0.925000 0.988967 0.924375 0.000000
0.950000 0.959694 0.862180 0.000000
0.975000 0.873882 0.667512 0.000000
1.000000 0.617268 0.000000 0.000000
