0.000000 1.000000 1.000000 1.000000
0.025000 0.824468 0.825758 0.827586
0.050000 0.824468 0.825758 0.827586
0.075000 0.824468 0.825758 0.827586
0.100000 0.824468 0.825758 0.827586
0.125000 0.824468 0.825758 0.827586
0.150000 0.824468 0.825758 0.827586
0.175000 0.824468 0.825758 0.827586
0.200000 0.824468 0.825758 0.827586
0.225000 0.824468 0.824324 0.824176
0.250000 0.824468 0.819672 0.824176
0.275000 0.824468 0.819672 0.820896
0.300000 0.824468 0.819095 0.818182
0.325000 0.824468 0.815668 0.802469
0.350000 0.824468 0.798319 0.798479
0.375000 0.824468 0.796875 0.795053
0.400000 0.824468 0.792727 0.774194
0.425000 0.824468 0.785714 0.763473
0.450000 0.824468 0.775316 0.729730
0.475000 0.824468 0.745665 0.683453
0.500000 0.824468 0.715789 0.631579
0.525000 0.824468 0.680952 0.567568
0.550000 0.824468 0.630802 0.482456
0.575000 0.814070 0.550088 0.393387
0.600000 0.797170 0.485842 0.293399
0.625000 0.792793 0.424469 0.252525
0.650000 0.792208 0.304647 0.120743
0.675000 0.785124 0.272862 0.112032
0.700000 0.781746 0.135732 0.000000
0.725000 0.766917 0.111016 0.000000
0.750000 0.745583 0.000000 0.000000
0.775000 0.714754 0.000000 0.000000
0.800000 0.677711 0.000000 0.000000
0.825000 0.557692 0.000000 0.000000
0.850000 0.398333 0.000000 0.000000
0.875000 0.237681 0.000000 0.000000
0.900000 0.108867 0.000000 0.000000
0.925000 0.000000 0.000000 0.000000
0.950000 0.000000 0.000000 0.000000
0.975000 0.000000 0.000000 0.000000
1.000000 0.000000 0.000000 0.000000
