0.000000 1.000000 1.000000 1.000000
0.025000 0.854962 0.859155 0.863309
0.050000 0.854962 0.859155 0.863309
0.075000 0.854962 0.859155 0.863309
0.100000 0.854962 0.859155 0.863309
0.125000 0.854962 0.859155 0.863309
0.150000 0.854962 0.859155 0.863309
0.175000 0.854962 0.859155 0.863309
0.200000 0.854962 0.859155 0.863309
0.225000 0.854962 0.859155 0.854430
0.250000 0.854962 0.852273 0.852273
0.275000 0.854962 0.852273 0.849057
0.300000 0.854962 0.846890 0.849057
0.325000 0.854962 0.846890 0.840517
0.350000 0.854962 0.842975 0.840000
0.375000 0.854962 0.842975 0.836431
0.400000 0.854962 0.838462 0.833333
0.425000 0.852564 0.836957 0.822581
0.450000 0.852564 0.822148 0.808383
0.475000 0.852564 0.821656 0.778689
0.500000 0.851648 0.795322 0.731707
0.525000 0.851648 0.768817 0.687773
0.550000 0.851648 0.731051 0.632184
0.575000 0.848168 0.686404 0.553772
0.600000 0.845000 0.633010 0.472441
0.625000 0.839450 0.561056 0.373506
0.650000 0.839450 0.479675 0.310510
0.675000 0.833333 0.386316 0.220468
0.700000 0.831224 0.313065 0.120000
0.725000 0.822581 0.257348 0.000000
0.750000 0.811538 0.129524 0.000000
0.775000 0.795620 0.118732 0.000000
0.800000 0.767918 0.000000 0.000000
0.825000 0.731861 0.000000 0.000000
0.850000 0.671348 0.000000 0.000000
0.875000 0.521186 0.000000 0.000000
0.900000 0.286523 0.000000 0.000000
0.925000 0.114109 0.000000 0.000000
0.950000 0.000000 0.000000 0.000000
0.975000 0.000000 0.000000 0.000000
1.000000 0.000000 0.000000 0.000000
