0.000000 1.000000 1.000000 1.000000
0.025000 1.000000 1.000000 1.000000
0.050000 1.000000 1.000000 1.000000
0.075000 1.000000 1.000000 1.000000
0.100000 1.000000 1.000000 1.000000
0.125000 1.000000 1.000000 1.000000
0.150000 1.000000 1.000000 1.000000
0.175000 1.000000 1.000000 1.000000
0.200000 1.000000 1.000000 1.000000
0.225000 1.000000 1.000000 1.000000
0.250000 1.000000 1.000000 0.993377
0.275000 1.000000 0.993377 0.988024
0.300000 1.000000 0.987879 0.986842
0.325000 1.000000 0.986425 0.986842
0.350000 1.000000 0.986425 0.986842
0.375000 1.000000 0.986425 0.986842
0.400000 1.000000 0.986425 0.979592
0.425000 1.000000 0.978814 0.977011
0.450000 0.992537 0.977273 0.974729
0.475000 0.992537 0.977273 0.970874
0.500000 0.986667 0.971429 0.970874
0.525000 0.986667 0.969492 0.951662
0.550000 0.984536 0.961415 0.940171
0.575000 0.984536 0.939940 0.927419
0.600000 0.984536 0.923513 0.904523
0.625000 0.984536 0.899471 0.864055
0.650000 0.984536 0.859223 0.794297
0.675000 0.984536 0.810155 0.739051
0.700000 0.980100 0.738372 0.645161
0.725000 0.976077 0.634461 0.534398
0.750000 0.972350 0.527132 0.439453
0.775000 0.968889 0.439583 0.370223
0.800000 0.962656 0.389785 0.280210
0.825000 0.962656 0.285260 0.166667
0.850000 0.952191 0.162162 0.158583
0.875000 0.924812 0.150177 0.000000
0.900000 0.875433 0.000000 0.000000
0.925000 0.708447 0.000000 0.000000
0.950000 0.537223 0.000000 0.000000
0.975000 0.321471 0.000000 0.000000
1.000000 0.000000 0.000000 0.000000
