0.000000 0.965517 0.977273 0.947368
0.025000 0.965517 0.977273 0.947368
0.050000 0.950000 0.943478 0.943478
0.075000 0.938389 0.943478 0.943478
0.100000 0.938389 0.943478 0.943478
0.125000 0.938389 0.943478 0.921769
0.150000 0.938389 0.919014 0.913165
0.175000 0.938389 0.918429 0.896226
0.200000 0.930612 0.913386 0.885714
0.225000 0.917266 0.888636 0.877917
0.250000 0.915858 0.882353 0.866029
0.275000 0.906977 0.875458 0.846809
0.300000 0.901857 0.861386 0.838046
0.325000 0.880668 0.856061 0.826698
0.350000 0.876652 0.841160 0.818966
0.375000 0.872690 0.834827 0.806931
0.400000 0.864762 0.825623 0.775893
0.425000 0.854610 0.816575 0.758422
0.450000 0.851419 0.807216 0.731287
0.475000 0.836957 0.791188 0.695887
0.500000 0.826531 0.764499 0.669131
0.525000 0.820690 0.739271 0.639372
0.550000 0.809339 0.715569 0.566351
0.575000 0.802956 0.680735 0.501204
0.600000 0.794393 0.652691 0.419781
0.625000 0.770652 0.603889 0.262644
0.650000 0.740704 0.532516 0.000000
0.675000 0.707024 0.455215 0.000000
0.700000 0.668350 0.320179 0.000000
0.725000 0.633282 0.245554 0.000000
0.750000 0.589335 0.000000 0.000000
0.775000 0.495211 0.000000 0.000000
0.800000 0.391962 0.000000 0.000000
0.825000 0.257848 0.000000 0.000000
0.850000 0.000000 0.000000 0.000000
0.875000 0.000000 0.000000 0.000000
0.900000 0.000000 0.000000 0.000000
0.925000 0.000000 0.000000 0.000000
0.950000 0.000000 0.000000 0.000000
0.975000 0.000000 0.000000 0.000000
1.000000 0.000000 0.000000 0.000000
