0.000000 1.000000 1.000000 1.000000
0.025000 1.000000 1.000000 1.000000
0.050000 1.000000 1.000000 1.000000
0.075000 1.000000 1.000000 0.994505
0.100000 1.000000 0.994286 0.994505
0.125000 1.000000 0.994286 0.994505
0.150000 0.994152 0.994286 0.994505
0.175000 0.993814 0.994286 0.994505
0.200000 0.993814 0.994286 0.994505
0.225000 0.993814 0.994286 0.994505
0.250000 0.993814 0.994286 0.994505
0.275000 0.993814 0.994286 0.993344
0.300000 0.993814 0.994286 0.989378
0.325000 0.993814 0.992970 0.983310
0.350000 0.993814 0.990244 0.981935
0.375000 0.993814 0.987897 0.978417
0.400000 0.993814 0.981690 0.970950
0.425000 0.993814 0.981432 0.964472
0.450000 0.992218 0.977556 0.952242
0.475000 0.988991 0.970623 0.944139
0.500000 0.987805 0.965594 0.939394
0.525000 0.980263 0.960042 0.916399
0.550000 0.978091 0.944664 0.908055
0.575000 0.976084 0.938910 0.880197
0.600000 0.971469 0.927936 0.866356
0.625000 0.965940 0.908863 0.856782
0.650000 0.959635 0.886970 0.836989
0.675000 0.942118 0.867701 0.803728
0.700000 0.929660 0.853436 0.756972
0.725000 0.922472 0.833995 0.717213
0.750000 0.902335 0.799020 0.666394
0.775000 0.881526 0.739846 0.583651
0.800000 0.849906 0.691352 0.456191
0.825000 0.827434 0.616409 0.393130
0.850000 0.772873 0.512652 0.000000
0.875000 0.685813 0.359479 0.000000
0.900000 0.580866 0.000000 0.000000
0.925000 0.357776 0.000000 0.000000
0.950000 0.341908 0.000000 0.000000
0.975000 0.000000 0.000000 0.000000
1.000000 0.000000 0.000000 0.000000
