0.000000 1.000000 1.000000 1.000000
0.025000 1.000000 1.000000 1.000000
0.050000 1.000000 0.966667 0.973214
0.075000 0.965909 0.964444 0.964444
0.100000 0.961165 0.964444 0.964444
0.125000 0.961165 0.964444 0.947552
0.150000 0.961165 0.952555 0.939481
0.175000 0.961165 0.947040 0.938272
0.200000 0.957806 0.943089 0.929336
0.225000 0.946488 0.930952 0.919173
0.250000 0.946488 0.929487 0.900498
0.275000 0.936937 0.917466 0.892537
0.300000 0.934066 0.903114 0.879892
0.325000 0.923256 0.893987 0.871605
0.350000 0.923256 0.886463 0.859729
0.375000 0.915948 0.878706 0.852510
0.400000 0.904382 0.868914 0.833174
0.425000 0.892593 0.856315 0.816092
0.450000 0.891608 0.851087 0.793019
0.475000 0.879282 0.841141 0.773613
0.500000 0.869632 0.816135 0.745879
0.525000 0.864826 0.804405 0.716080
0.550000 0.854795 0.782324 0.699649
0.575000 0.843467 0.762195 0.641500
0.600000 0.837438 0.729881 0.581437
0.625000 0.823461 0.703560 0.511103
0.650000 0.801959 0.677052 0.404933
0.675000 0.779022 0.612735 0.283078
0.700000 0.751183 0.516992 0.000000
0.725000 0.722955 0.446056 0.000000
0.750000 0.682438 0.262669 0.000000
0.775000 0.647275 0.000000 0.000000
0.800000 0.548036 0.000000 0.000000
0.825000 0.459274 0.000000 0.000000
0.850000 0.274448 0.000000 0.000000
0.875000 0.000000 0.000000 0.000000
0.900000 0.000000 0.000000 0.000000
0.925000 0.000000 0.000000 0.000000
0.950000 0.000000 0.000000 0.000000
0.975000 0.000000 0.000000 0.000000
1.000000 0.000000 0.000000 0.000000
